



1.851E-04
2.120E-04 
2.443E-04 
2.837E-04
3.323E-04 
3.932E-04
4.708E-04 
5.716E-04 
7.056E-04
8.890E-04 
1.149E-03
1.507E-03 
2.065E-03 
3.000E-03
4.752E-03 
9.378E-03
1.591E-02 
2.751E-02 
4.513E-02
6.693E-02 
9.275E-02
1.165E-01 
1.416E-01 
1.588E-01
1.756E-01 
1.875E-01
1.967E-01 
2.051E-01 
2.194E-01
2.365E-01 
2.527E-01
2.671E-01 
2.783E-01 
2.877E-01
2.944E-01 
2.999E-01
3.048E-01 
3.095E-01 
3.140E-01
3.179E-01 
3.195E-01
3.200E-01 
3.200E-01 
3.200E-01
3.200E-01 
3.200E-01
3.200E-01 
3.200E-01 
3.200E-01
3.200E-01 