# molecules: H2O  CO2  CH4
# z[km]	p[mb]	T[K]	MU	H2O	CO2	CH4
0.0768859	974	260.475	28.8	231.62830995888759447033	330.0	1.7
0.274872	949	264.966	28.8	330.59149203868528219238	330.0	1.7
0.60907	909	269.533	28.8	468.24549834424870023430	330.0	1.7
1.16754	847	273.92	28.8	646.20997364768870345820	330.0	1.7
2.03736	760	275.832	28.8	740.94612288417579065017	330.0	1.7
3.5461	630	272.391	28.8	578.34690373941744428771	330.0	1.7
5.8373	470	262.572	28.8	273.95196114154852136633	330.0	1.7
8.28184	337.5	247.31	28.8	75.01515480389302889884	330.0	1.7
10.4341	247.5	231.965	28.8	16.74945035989619755401	330.0	1.7
12.5116	180	218.25	28.8	3.56735357637441723558	330.0	1.7
14.5126	130	206.875	28.8	.82494143733298693814	330.0	1.7
16.3787	95	204.698	28.8	.60995095235385721078	330.0	1.7
18.4234	67.5	205.462	28.8	.67870822670317022953	330.0	1.7
20.8754	45	209.196	28.8	1.12907453973112543584	330.0	1.7
23.9224	27.5	214.857	28.8	2.34873741605062647593	330.0	1.7
27.8077	15	223.949	28.8	6.96551548918806721216	330.0	1.7
33.5994	6.5	239.488	28.8	35.90299386341864407436	330.0	1.7
41.8791	2	260.393	28.8	230.09901245720181886512	330.0	1.7
50.4809	0.65	266.338	28.8	367.55491167054112006790	330.0	1.7
59.1521	0.2	249.95	28.8	95.06681257104894855030	330.0	1.7
70.0 5.220E-02 200.00 28.8 0.0 3.300E+02 1.500E-01
75.0 2.400E-02 200.00 28.8 0.0 3.300E+02 1.500E-01
80.0 1.050E-02 198.60 28.8 0.0 3.280E+02 1.500E-01
85.0 4.460E-03 188.90 28.8 0.0 3.200E+02 1.500E-01
90.0 1.840E-03 186.90 28.8 0.0 3.100E+02 1.400E-01
95.0 7.600E-04 188.40 28.8 0.0 2.700E+02 1.300E-01
100.0 3.200E-04 195.10 28.8 0.0 1.950E+02 1.200E-01
105.0 1.450E-04 208.80 28.8 0.0 1.100E+02 1.100E-01
110.0 7.100E-05 240.00 28.8 0.0 6.000E+01 9.500E-02
115.0 4.010E-05 300.00 28.8 0.0 4.000E+01 6.000E-02
120.0 2.540E-05 360.00 28.8 0.0 3.500E+01 3.000E-02
