# isothermal atmospheric profile
# molecules:  H2O 
# z(km)   p(mb)        T(K)	MU
0.0 100000.0 900 10.0 0.0001
40.8163265306 58572.401783 900 10.0 0.0001
81.6326530612 34307.2625063 900 10.0 0.0001
122.448979592 20094.587636 900 10.0 0.0001
163.265306122 11769.8826068 900 10.0 0.0001
204.081632653 6893.90292984 900 10.0 0.0001
244.897959184 4037.9245226 900 10.0 0.0001
285.714285714 2365.10937507 900 10.0 0.0001
326.530612245 1385.30136578 900 10.0 0.0001
367.346938776 811.404281868 900 10.0 0.0001
408.163265306 475.25897606 900 10.0 0.0001
448.979591837 278.370596968 900 10.0 0.0001
489.795918367 163.048344502 900 10.0 0.0001
530.612244898 95.5013314423 900 10.0 0.0001
571.428571429 55.9374235605 900 10.0 0.0001
612.244897959 32.7638924749 900 10.0 0.0001
653.06122449 19.1905987402 900 10.0 0.0001
693.87755102 11.2403945987 900 10.0 0.0001
734.693877551 6.58376908633 900 10.0 0.0001
775.510204082 3.85627168171 900 10.0 0.0001
816.326530612 2.25871094326 900 10.0 0.0001
857.142857143 1.3229812488 900 10.0 0.0001
897.959183673 0.774901892563 900 10.0 0.0001
938.775510204 0.453878649937 900 10.0 0.0001
979.591836735 0.265847626448 900 10.0 0.0001
1020.40816327 0.155713339894 900 10.0 0.0001
1061.2244898 0.0912050430725 900 10.0 0.0001
1102.04081633 0.0534209842748 900 10.0 0.0001
1142.85714286 0.0312899535459 900 10.0 0.0001
1183.67346939 0.0183272773086 900 10.0 0.0001
1224.48979592 0.0107347265011 900 10.0 0.0001
1265.30612245 0.00628758713653 900 10.0 0.0001
1306.12244898 0.00368279080007 900 10.0 0.0001
1346.93877551 0.00215709902425 900 10.0 0.0001
1387.75510204 0.00126346470734 900 10.0 0.0001
1428.57142857 0.000740041624769 900 10.0 0.0001
1469.3877551 0.000433460153822 900 10.0 0.0001
1510.20408163 0.000253888022866 900 10.0 0.0001
1551.02040816 0.000148708312832 900 10.0 0.0001
1591.83673469 8.71020304767e-05 900 10.0 0.0001
1632.65306122 5.1017751252e-05 900 10.0 0.0001
1673.46938776 2.9882322244e-05 900 10.0 0.0001
1714.28571429 1.75027938469e-05 900 10.0 0.0001
1755.10204082 1.02518067352e-05 900 10.0 0.0001
1795.91836735 6.00472943098e-06 900 10.0 0.0001
1836.73469388 3.5171142483e-06 900 10.0 0.0001
1877.55102041 2.06005828868e-06 900 10.0 0.0001
1918.36734694 1.20662561781e-06 900 10.0 0.0001
1959.18367347 7.06749604882e-07 900 10.0 0.0001
M2000.0 4.13960218171e-07 900 10.0 0.0001
