# AFGL atmospheric constituent profile. U.S. standard atmosphere 1976. ( AFGL-TR-86-0110)       
# based on afglus.dat in libRadtran
# molecules: O2  H2O  CO2  CH4
#     z(km)      p(mb)        T(K)	MU	ppmv
0.0       	9.999E+02	288.20	28.8	2.0e5	7.745E+03	3.300E+02	1.000E+02
1.0       	8.988E+02	281.70	28.8	2.0e5	6.071E+03	3.300E+02	1.000E+02
2.0       	7.950E+02	275.20	28.8	2.0e5	4.631E+03	3.300E+02	1.000E+02
3.0       	7.012E+02	268.70	28.8	2.0e5	3.182E+03	3.300E+02	1.000E+02
4.0	 	6.166E+02	262.20	28.8	2.0e5	2.158E+03	3.300E+02	1.000E+02
5.0       	5.405E+02	255.70	28.8	2.0e5	1.397E+03	3.300E+02	1.000E+02
6.0       	4.722E+02	249.20	28.8	2.0e5	9.254E+02	3.300E+02	1.000E+02
7.0       	4.111E+02	242.70	28.8	2.0e5	5.720E+02	3.300E+02	1.000E+02
8.0       	3.565E+02	236.20	28.8	2.0e5	3.667E+02	3.300E+02	1.000E+02
9.0		3.080E+02	229.70	28.8	2.0e5	1.583E+02	3.300E+02	1.000E+02
10.0      	2.650E+02	223.30	28.8	2.0e5	6.996E+01	3.300E+02	1.000E+02
11.0      	2.270E+02	216.80	28.8	2.0e5	3.613E+01	3.300E+02	1.000E+02
12.0      	1.940E+02	216.70	28.8	2.0e5	1.906E+01	3.300E+02	1.000E+02
13.0      	1.658E+02	216.70	28.8	2.0e5	1.085E+01	3.300E+02	1.000E+02
14.0	 	1.417E+02	216.70	28.8	2.0e5	5.927E+00	3.300E+02	1.000E+02
15.0      	1.211E+02	216.70	28.8	2.0e5	5.000E+00	3.300E+02	1.000E+02
16.0      	1.035E+02	216.70	28.8	2.0e5	3.950E+00	3.300E+02	1.000E+02
17.0      	8.850E+01	216.70	28.8	2.0e5	3.850E+00	3.300E+02	1.000E+02
18.0      	7.565E+01	216.70	28.8	2.0e5	3.825E+00	3.300E+02	1.000E+02
19.0     	6.467E+01	216.70	28.8	2.0e5	3.850E+00	3.300E+02	1.000E+02
20.0      	5.529E+01	216.70	28.8	2.0e5	3.900E+00	3.300E+02	1.000E+02
21.0      	4.729E+01	217.60	28.8	2.0e5	3.975E+00	3.300E+02	1.000E+02
22.0      	4.047E+01	218.60	28.8	2.0e5	4.065E+00	3.300E+02	1.000E+02
23.0      	3.467E+01	219.60	28.8	2.0e5	4.200E+00	3.300E+02	1.000E+02
24.0	 	2.972E+01	220.60	28.8	2.0e5	4.300E+00	3.300E+02	1.000E+02
25.0      	2.549E+01	221.60	28.8	2.0e5	4.425E+00	3.300E+02	1.000E+02
27.5      	1.743E+01	224.00	28.8	2.0e5	4.575E+00	3.300E+02	9.870E+01
30.0      	1.197E+01	226.50	28.8	2.0e5	4.725E+00	3.300E+02	9.136E+01
32.5      	8.010E+00	230.00	28.8	2.0e5	4.825E+00	3.300E+02	8.300E+01
35.0     	5.746E+00	236.50	28.8	2.0e5	4.900E+00	3.300E+02	7.460E+01
37.5      	4.150E+00	242.90	28.8	2.0e5	4.950E+00	3.300E+02	6.618E+01
40.0      	2.871E+00	250.40	28.8	2.0e5	5.025E+00	3.300E+02	5.638E+01
42.5      	2.060E+00	257.30	28.8	2.0e5	5.150E+00	3.300E+02	4.614E+01
45.0      	1.491E+00	264.20	28.8	2.0e5	5.225E+00	3.300E+02	3.631E+01
47.5	 	1.090E+00	270.60	28.8	2.0e5	5.250E+00	3.300E+02	2.773E+01
50.0      	7.978E-01	270.70	28.8	2.0e5	5.225E+00	3.300E+02	2.100E+01
55.0     	4.250E-01	260.80	28.8	2.0e5	5.100E+00	3.300E+02	1.650E+01
60.0      	2.190E-01	247.00	28.8	2.0e5	4.750E+00	3.300E+02	1.500E+01
65.0      	1.090E-01	233.30	28.8	2.0e5	4.200E+00	3.300E+02	1.500E+01
70.0    	5.220E-02	219.60	28.8	2.0e5	3.500E+00	3.300E+02	1.500E+01
75.0      	2.400E-02	208.40	28.8	2.0e5	2.825E+00	3.300E+02	1.500E+01
80.0      	1.050E-02	198.60	28.8	2.0e5	2.050E+00	3.280E+02	1.500E+01
85.0      	4.460E-03	188.90	28.8	2.0e5	1.330E+00	3.200E+02	1.500E+01
90.0      	1.840E-03	186.90	28.8	2.0e5	8.500E-01	3.100E+02	1.400E+01
95.0	 	7.600E-04	188.40	28.8	2.0e5	5.400E-01	2.700E+02	1.300E+01
100.0     	3.200E-04	195.10	28.8	2.0e5	4.000E-01	1.950E+02	1.200E+01
105.0     	1.450E-04	208.80	28.8	2.0e5	3.400E-01	1.100E+02	1.100E+01
110.0     	7.100E-05	240.00	28.8	2.0e5	2.800E-01	6.000E+01	9.500E+00
115.0     	4.010E-05	300.00	28.8	2.0e5	2.400E-01	4.000E+01	6.000E+00
120.0		2.540E-05	360.00	28.8	2.0e5	2.000E-01	3.500E+01	3.000E+00
