7.745E+03
6.071E+03
4.631E+03
3.182E+03
2.158E+03
1.397E+03
9.254E+02
5.720E+02
3.667E+02
1.583E+02
6.996E+01
3.613E+01
1.906E+01
1.085E+01
5.927E+00
5.000E+00
3.950E+00
3.850E+00
3.825E+00
3.850E+00
3.900E+00
3.975E+00
4.065E+00
4.200E+00
4.300E+00
4.425E+00
4.575E+00
4.725E+00
4.825E+00
4.900E+00
4.950E+00
5.025E+00
5.150E+00
5.225E+00
5.250E+00
5.225E+00
5.100E+00
4.750E+00
4.200E+00
3.500E+00
2.825E+00
2.050E+00
1.330E+00
8.500E-01
5.400E-01
4.000E-01
3.400E-01
2.800E-01
2.400E-01
2.000E-01
