# molecules: CO2
1e-20	   300	1e-3
1e-19	   290	1e-3
1e-18	   280	1e-3
1e-17	   270	1e-3
1e-16	   260	1e-3
1e-15	   250	1e-3
1e-14	   240	1e-3
1e-13	   230	1e-3
1e-12	   220	1e-3
1e-11	   200	1e-3
1e-10	   180	1e-3
1e-09	   150	1e-3
1e-08	   150	1e-3
1e-07	   160	1e-3
1e-06	   170	1e-3
1e-05	   180	1e-3
1e-04	   190	1e-3
1e-03	   200	1e-3
1e-02	   220	1e-3
1e-01	   240	1e-3
1e-00	   270	1e-3
1e+01	   300	1e-3
1e+02	   330	1e-3
1e+03	   360	1e-3
1e+04	   400	1e-3
1e+05	   440	1e-3
1e+06	   480	1e-3
1e+07	   520	1e-3
1e+08	   600	1e-3
1e+09	   600	1e-3
1e+10	   600	1e-3
