# isothermal atmospheric profile
# molecules:  H2O  CH4
# z(km)		p(mb)		T(K)	MU	H2O	CH4
0.000000	10000.00	400	2.0	5.0e+02	3.0e+02
60.606060	6512.264	400	2.0	5.0e+02	3.0e+02
121.21212	4240.959	400	2.0	5.0e+02	3.0e+02
181.81818	2761.824	400	2.0	5.0e+02	3.0e+02
242.42424	1798.573	400	2.0	5.0e+02	3.0e+02
303.03030	1171.278	400	2.0	5.0e+02	3.0e+02
363.63636	762.7677	400	2.0	5.0e+02	3.0e+02
424.24242	496.7345	400	2.0	5.0e+02	3.0e+02
484.84848	323.4866	400	2.0	5.0e+02	3.0e+02
545.45454	210.6630	400	2.0	5.0e+02	3.0e+02
606.06060	137.1893	400	2.0	5.0e+02	3.0e+02
666.66666	89.34135	400	2.0	5.0e+02	3.0e+02
727.27272	58.18145	400	2.0	5.0e+02	3.0e+02
787.87878	37.88930	400	2.0	5.0e+02	3.0e+02
848.48484	24.67451	400	2.0	5.0e+02	3.0e+02
909.09090	16.06870	400	2.0	5.0e+02	3.0e+02
969.69696	10.46436	400	2.0	5.0e+02	3.0e+02
1030.3030	6.814670	400	2.0	5.0e+02	3.0e+02
1090.9090	4.437893	400	2.0	5.0e+02	3.0e+02
1151.5151	2.890073	400	2.0	5.0e+02	3.0e+02
1212.1212	1.882092	400	2.0	5.0e+02	3.0e+02
1272.7272	1.225668	400	2.0	5.0e+02	3.0e+02
1333.3333	0.798187	400	2.0	5.0e+02	3.0e+02
1393.9393	0.519801	400	2.0	5.0e+02	3.0e+02
1454.5454	0.338508	400	2.0	5.0e+02	3.0e+02
1515.1515	0.220445	400	2.0	5.0e+02	3.0e+02
1575.7575	0.143559	400	2.0	5.0e+02	3.0e+02
1636.3636	0.093490	400	2.0	5.0e+02	3.0e+02
1696.9696	0.060883	400	2.0	5.0e+02	3.0e+02
1757.5757	0.039648	400	2.0	5.0e+02	3.0e+02
1818.1818	0.025820	400	2.0	5.0e+02	3.0e+02
1878.7878	0.016814	400	2.0	5.0e+02	3.0e+02
1939.3939	0.010950	400	2.0	5.0e+02	3.0e+02
2000.0000	0.007131	400	2.0	5.0e+02	3.0e+02
2060.6060	0.004643	400	2.0	5.0e+02	3.0e+02
2121.2121	0.003024	400	2.0	5.0e+02	3.0e+02
2181.8181	0.001969	400	2.0	5.0e+02	3.0e+02
2242.4242	0.001282	400	2.0	5.0e+02	3.0e+02
2303.0303	0.000835	400	2.0	5.0e+02	3.0e+02
2363.6363	0.000543	400	2.0	5.0e+02	3.0e+02
2424.2424	0.000354	400	2.0	5.0e+02	3.0e+02
2484.8484	0.000230	400	2.0	5.0e+02	3.0e+02
2545.4545	0.000150	400	2.0	5.0e+02	3.0e+02
2606.0606	9.78313e-05	400	2.0	5.0e+02	3.0e+02
2666.6666	6.37103e-05	400	2.0	5.0e+02	3.0e+02
2727.2727	4.14898e-05	400	2.0	5.0e+02	3.0e+02
2787.8787	2.70193e-05	400	2.0	5.0e+02	3.0e+02
2848.4848	1.75956e-05	400	2.0	5.0e+02	3.0e+02
2909.0909	1.14587e-05	400	2.0	5.0e+02	3.0e+02
2969.6969	7.46226e-06	400	2.0	5.0e+02	3.0e+02
3030.3030	4.85962e-06	400	2.0	5.0e+02	3.0e+02
3090.9090	3.16471e-06	400	2.0	5.0e+02	3.0e+02
3151.5151	2.06094e-06	400	2.0	5.0e+02	3.0e+02
3212.1212	1.34214e-06	400	2.0	5.0e+02	3.0e+02
3272.7272	8.74038e-07	400	2.0	5.0e+02	3.0e+02
3333.3333	5.69197e-07	400	2.0	5.0e+02	3.0e+02
3393.9393	3.70676e-07	400	2.0	5.0e+02	3.0e+02
3454.5454	2.41394e-07	400	2.0	5.0e+02	3.0e+02
3515.1515	1.57202e-07	400	2.0	5.0e+02	3.0e+02
3575.7575	1.02374e-07	400	2.0	5.0e+02	3.0e+02
3636.3636	6.66688e-08	400	2.0	5.0e+02	3.0e+02
3696.9696	4.34165e-08	400	2.0	5.0e+02	3.0e+02
3757.5757	2.82739e-08	400	2.0	5.0e+02	3.0e+02
3818.1818	1.84127e-08	400	2.0	5.0e+02	3.0e+02
3878.7878	1.19908e-08	400	2.0	5.0e+02	3.0e+02
3939.3939	7.80878e-09	400	2.0	5.0e+02	3.0e+02
4000.0000	5.08528e-09	400	2.0	5.0e+02	3.0e+02
4060.6060	3.31167e-09	400	2.0	5.0e+02	3.0e+02
4121.2121	2.15664e-09	400	2.0	5.0e+02	3.0e+02
4181.8181	1.40446e-09	400	2.0	5.0e+02	3.0e+02
4242.4242	9.14625e-10	400	2.0	5.0e+02	3.0e+02
4303.0303	5.95628e-10	400	2.0	5.0e+02	3.0e+02
4363.6363	3.87889e-10	400	2.0	5.0e+02	3.0e+02
4424.2424	2.52603e-10	400	2.0	5.0e+02	3.0e+02
4484.8484	1.64502e-10	400	2.0	5.0e+02	3.0e+02
4545.4545	1.07128e-10	400	2.0	5.0e+02	3.0e+02
4606.0606	6.97647e-11	400	2.0	5.0e+02	3.0e+02
4666.6666	4.54326e-11	400	2.0	5.0e+02	3.0e+02
4727.2727	2.95869e-11	400	2.0	5.0e+02	3.0e+02
4787.8787	1.92677e-11	400	2.0	5.0e+02	3.0e+02
4848.4848	1.25476e-11	400	2.0	5.0e+02	3.0e+02
4909.0909	8.17139e-12	400	2.0	5.0e+02	3.0e+02
4969.6969	5.32142e-12	400	2.0	5.0e+02	3.0e+02
5030.3030	3.46545e-12	400	2.0	5.0e+02	3.0e+02
5090.9090	2.25679e-12	400	2.0	5.0e+02	3.0e+02
5151.5151	1.46968e-12	400	2.0	5.0e+02	3.0e+02
5212.1212	9.57097e-13	400	2.0	5.0e+02	3.0e+02
5272.7272	6.23287e-13	400	2.0	5.0e+02	3.0e+02
5333.3333	4.05901e-13	400	2.0	5.0e+02	3.0e+02
5393.9393	2.64333e-13	400	2.0	5.0e+02	3.0e+02
5454.5454	1.72141e-13	400	2.0	5.0e+02	3.0e+02
5515.1515	1.12102e-13	400	2.0	5.0e+02	3.0e+02
5575.7575	7.30043e-14	400	2.0	5.0e+02	3.0e+02
5636.3636	4.75423e-14	400	2.0	5.0e+02	3.0e+02
5696.9696	3.09608e-14	400	2.0	5.0e+02	3.0e+02
5757.5757	2.01625e-14	400	2.0	5.0e+02	3.0e+02
5818.1818	1.31303e-14	400	2.0	5.0e+02	3.0e+02
5878.7878	8.55084e-15	400	2.0	5.0e+02	3.0e+02
5939.3939	5.56853e-15	400	2.0	5.0e+02	3.0e+02
6000.0000	3.62637e-15	400	2.0	5.0e+02	3.0e+02
