# isothermal atmospheric profile
# molecules:  H2O 
# z(km)   p(mb)        T(K)	MU
2000.0 0.00754451581446 400 2.0 13661178.4542 
1959.18367347 0.0095977516602 400 2.0 17379060.6863 
1918.36734694 0.0122097745165 400 2.0 22108762.5312 
1877.55102041 0.0155326579622 400 2.0 28125650.142 
1836.73469388 0.0197598623172 400 2.0 35780030.4199 
1795.91836735 0.0251374980216 400 2.0 45517546.097 
1755.10204082 0.0319786543369 400 2.0 57905121.331 
1714.28571429 0.0406816275956 400 2.0 73663968.3786 
1673.46938776 0.0517531102588 400 2.0 93711577.0169 
1632.65306122 0.0658376908633 400 2.0 119215131.363 
1591.83673469 0.0837553823634 400 2.0 151659464.053 
1551.02040816 0.106549363789 400 2.0 192933504.11 
1510.20408163 0.135546714773 400 2.0 245440251.557 
1469.3877551 0.17243567894 400 2.0 312236681.557 
1428.57142857 0.219363954497 400 2.0 397211723.388 
1387.75510204 0.279063734537 400 2.0 505312676.3 
1346.93877551 0.35501077701 400 2.0 642833244.325 
1306.12244898 0.451626765484 400 2.0 817779959.6 
1265.30612245 0.574536742292 400 2.0 1040338327.59 
1224.48979592 0.730896601954 400 2.0 1323465833.51 
1183.67346939 0.929809711763 400 2.0 1683646335.06 
1142.85714286 1.18285691543 400 2.0 2141849762.77 
1102.04081633 1.50477077695 400 2.0 2724753002.33 
1061.2244898 1.91429331953 400 2.0 3466293039.19 
1020.40816327 2.43526719772 400 2.0 4409642790.83 
979.591836735 3.09802383144 400 2.0 5609724660.58 
938.775510204 3.94114931996 400 2.0 7136408153.74 
897.959183673 5.01373094827 400 2.0 9078577723.18 
857.142857143 6.37821507913 400 2.0 11549307677.0 
816.326530612 8.11404281868 400 2.0 14692445434.1 
775.510204082 10.3222751266 400 2.0 18690986409.9 
734.693877551 13.1314766474 400 2.0 23777728121.7 
693.87755102 16.705200823 400 2.0 30248823803.7 
653.06122449 21.2515120752 400 2.0 38481024630.3 
612.244897959 27.0350994441 400 2.0 48953614402.1 
571.428571429 34.392686947 400 2.0 62276313743.0 
530.612244898 43.752637858 400 2.0 79224778410.8 
489.795918367 55.6598942816 400 2.0 100785758453.0 
448.979591837 70.8077040178 400 2.0 128214547402.0 
408.163265306 90.077981875 400 2.0 163108066236.0 
367.346938776 114.592655294 400 2.0 207497837105.0 
326.530612245 145.778983654 400 2.0 263968259798.0 
285.714285714 185.452654192 400 2.0 335807077090.0 
244.897959184 235.923492433 400 2.0 427196789152.0 
204.081632653 300.12994165 400 2.0 543458161286.0 
163.265306122 381.810140848 400 2.0 691360002152.0 
122.448979592 485.719561509 400 2.0 879513247984.0 
81.6326530612 617.907874078 400 2.0 1.11887229659e+12 
40.8163265306 786.071163495 400 2.0 1.42337277915e+12 
0.0 1000.0 400 2.0 1.81074290122e+12 
