# molecules: H2O  CO2  CH4
# z[km]	p[mb]	T[K]	MU	H2O	CO2	CH4
.07013180	974	239.0655	28.8	34.44804458272791778806	330.0	1.7
.2521750	949	245.8650	28.8	65.73156005093833454579	330.0	1.7
.5647265	909	255.3595	28.8	151.81592896565704022368	330.0	1.7
1.099875	847	265.3380	28.8	340.27121753408347700457	330.0	1.7
1.947105	760	270.0745	28.8	487.54878040213384027059	330.0	1.7
3.42915		630	268.9270	28.8	447.45071209937444758201	330.0	1.7
5.700625	470	261.2275	28.8	246.09181684772442588137	330.0	1.7
8.138675	337.5	246.8330	28.8	71.82798719310646843209	330.0	1.7
10.29700	247.5	232.9145	28.8	18.49886290292917399571	330.0	1.7
12.39165	180	218.6125	28.8	3.72694533491337819286	330.0	1.7
14.38415	130	204.3335	28.8	.57945590832616830982	330.0	1.7
16.19360	95	195.7955	28.8	.16342106135968691436	330.0	1.7
18.12380	67.5	193.9290	28.8	.12176537716807557283	330.0	1.7
20.41380	45	194.8160	28.8	.14015535173323961696	330.0	1.7
23.22330	27.5	197.9525	28.8	.22774566484220716310	330.0	1.7
26.78955	15	206.1495	28.8	.74659165592198206067	330.0	1.7
32.09540	6.5	220.7465	28.8	4.80598842254692783376	330.0	1.7
39.51040	2	220.9070	28.8	4.89765955506418066371	330.0	1.7
46.51860	0.65	212.9995	28.8	1.85618046843680262230	330.0	1.7
53.38555	0.2	200.5560	28.8	.33618906098432957824	330.0	1.7
70.0 5.220E-02 200.00 28.8 0.0 3.300E+02 1.500E-01
75.0 2.400E-02 200.00 28.8 0.0 3.300E+02 1.500E-01
80.0 1.050E-02 198.60 28.8 0.0 3.280E+02 1.500E-01
85.0 4.460E-03 188.90 28.8 0.0 3.200E+02 1.500E-01
90.0 1.840E-03 186.90 28.8 0.0 3.100E+02 1.400E-01
95.0 7.600E-04 188.40 28.8 0.0 2.700E+02 1.300E-01
100.0 3.200E-04 195.10 28.8 0.0 1.950E+02 1.200E-01
105.0 1.450E-04 208.80 28.8 0.0 1.100E+02 1.100E-01
110.0 7.100E-05 240.00 28.8 0.0 6.000E+01 9.500E-02
115.0 4.010E-05 300.00 28.8 0.0 4.000E+01 6.000E-02
120.0 2.540E-05 360.00 28.8 0.0 3.500E+01 3.000E-02
