3.000E-02
6.000E-02
9.500E-02
1.100E-01
1.200E-01
1.300E-01
1.400E-01
1.500E-01
1.500E-01
1.500E-01
1.500E-01
1.500E-01
1.500E-01
1.650E-01
2.100E-01
2.773E-01
3.631E-01
4.614E-01
5.638E-01
6.618E-01
7.460E-01
8.300E-01
9.136E-01
9.870E-01
1.055E+00
1.118E+00
1.191E+00
1.272E+00
1.355E+00
1.424E+00
1.480E+00
1.521E+00
1.553E+00
1.582E+00
1.605E+00
1.626E+00
1.645E+00
1.662E+00
1.675E+00
1.685E+00
1.693E+00
1.697E+00
1.699E+00
1.700E+00
1.700E+00
1.700E+00
1.700E+00
1.700E+00
1.700E+00
1.700E+00



























