# isothermal atmospheric profile
# molecules:  H2O 
# z(km)   p(mb)        T(K)	MU
2000.0 0.000147970507831 300 2.0 3572487.2886 
1959.18367347 0.000203966735302 300 2.0 4924417.57376 
1918.36734694 0.000281153519843 300 2.0 6787956.53609 
1877.55102041 0.000387549967905 300 2.0 9356711.37667 
1836.73469388 0.000534209842748 300 2.0 12897555.7402 
1795.91836735 0.00073636996445 300 2.0 17778355.8106 
1755.10204082 0.00101503319698 300 2.0 24506188.7458 
1714.28571429 0.00139915048239 300 2.0 33780024.0496 
1673.46938776 0.00192862861844 300 2.0 46563341.0656 
1632.65306122 0.00265847626448 300 2.0 64184226.9862 
1591.83673469 0.0036645189132 300 2.0 88473354.7793 
1551.02040816 0.00505127656945 300 2.0 121954175.869 
1510.20408163 0.00696282256563 300 2.0 168105087.109 
1469.3877551 0.0095977516602 300 2.0 231720809.151 
1428.57142857 0.013229812488 300 2.0 319410520.628 
1387.75510204 0.0182363479141 300 2.0 440284500.394 
1346.93877551 0.0251374980216 300 2.0 606900614.626 
1306.12244898 0.0346502386203 300 2.0 836568981.429 
1265.30612245 0.0477628694555 300 2.0 1153150357.44 
1224.48979592 0.0658376908633 300 2.0 1589535084.84 
1183.67346939 0.0907525361778 300 2.0 2191060142.02 
1142.85714286 0.125095864006 300 2.0 3020219302.93 
1102.04081633 0.17243567894 300 2.0 4163155754.1 
1061.2244898 0.23769021948 300 2.0 5738611701.49 
1020.40816327 0.327638924749 300 2.0 7910264762.03 
979.591836735 0.451626765484 300 2.0 10903732794.7 
938.775510204 0.622535113793 300 2.0 15030013840.8 
897.959183673 0.858120017509 300 2.0 20717796401.3 
857.142857143 1.18285691543 300 2.0 28557996837.0 
816.326530612 1.63048344502 300 2.0 39365150981.6 
775.510204082 2.24750452045 300 2.0 54262038078.1 
734.693877551 3.09802383144 300 2.0 74796328807.8 
693.87755102 4.27040371793 300 2.0 103101376234.0 
653.06122449 5.88644532977 300 2.0 142117854590.0 
612.244897959 8.11404281868 300 2.0 195899272454.0 
571.428571429 11.1846262345 300 2.0 270033100759.0 
530.612244898 15.4172053071 300 2.0 372221267551.0 
489.795918367 21.2515120752 300 2.0 513080328405.0 
448.979591837 29.2936856252 300 2.0 707244443951.0 
408.163265306 40.379245226 300 2.0 974885755325.0 
367.346938776 55.6598942816 300 2.0 1.34381011271e+12 
326.530612245 76.7231733557 300 2.0 1.85234588683e+12 
285.714285714 105.757393285 300 2.0 2.55332598857e+12 
244.897959184 145.778983654 300 2.0 3.51957679731e+12 
204.081632653 200.94587636 300 2.0 4.85148425529e+12 
163.265306122 276.989482392 300 2.0 6.68742318603e+12 
122.448979592 381.810140848 300 2.0 9.21813336203e+12 
81.6326530612 526.297902705 300 2.0 1.27065358833e+13 
40.8163265306 725.463922401 300 2.0 1.75150486343e+13 
0.0 1000.0 300 2.0 2.41432386829e+13 
