# isothermal atmospheric profile
# molecules:  H2O 
# z(km)   p(mb)        T(K)	MU
2000.0 0.000147970507831 300 2.0 357248.72886 
1959.18367347 0.000203966735302 300 2.0 492441.757376 
1918.36734694 0.000281153519843 300 2.0 678795.653609 
1877.55102041 0.000387549967905 300 2.0 935671.137667 
1836.73469388 0.000534209842748 300 2.0 1289755.57402 
1795.91836735 0.00073636996445 300 2.0 1777835.58106 
1755.10204082 0.00101503319698 300 2.0 2450618.87458 
1714.28571429 0.00139915048239 300 2.0 3378002.40496 
1673.46938776 0.00192862861844 300 2.0 4656334.10656 
1632.65306122 0.00265847626448 300 2.0 6418422.69862 
1591.83673469 0.0036645189132 300 2.0 8847335.47793 
1551.02040816 0.00505127656945 300 2.0 12195417.5869 
1510.20408163 0.00696282256563 300 2.0 16810508.7109 
1469.3877551 0.0095977516602 300 2.0 23172080.9151 
1428.57142857 0.013229812488 300 2.0 31941052.0628 
1387.75510204 0.0182363479141 300 2.0 44028450.0394 
1346.93877551 0.0251374980216 300 2.0 60690061.4626 
1306.12244898 0.0346502386203 300 2.0 83656898.1429 
1265.30612245 0.0477628694555 300 2.0 115315035.744 
1224.48979592 0.0658376908633 300 2.0 158953508.484 
1183.67346939 0.0907525361778 300 2.0 219106014.202 
1142.85714286 0.125095864006 300 2.0 302021930.293 
1102.04081633 0.17243567894 300 2.0 416315575.41 
1061.2244898 0.23769021948 300 2.0 573861170.149 
1020.40816327 0.327638924749 300 2.0 791026476.203 
979.591836735 0.451626765484 300 2.0 1090373279.47 
938.775510204 0.622535113793 300 2.0 1503001384.08 
897.959183673 0.858120017509 300 2.0 2071779640.13 
857.142857143 1.18285691543 300 2.0 2855799683.7 
816.326530612 1.63048344502 300 2.0 3936515098.16 
775.510204082 2.24750452045 300 2.0 5426203807.81 
734.693877551 3.09802383144 300 2.0 7479632880.78 
693.87755102 4.27040371793 300 2.0 10310137623.4 
653.06122449 5.88644532977 300 2.0 14211785459.0 
612.244897959 8.11404281868 300 2.0 19589927245.4 
571.428571429 11.1846262345 300 2.0 27003310075.9 
530.612244898 15.4172053071 300 2.0 37222126755.1 
489.795918367 21.2515120752 300 2.0 51308032840.5 
448.979591837 29.2936856252 300 2.0 70724444395.1 
408.163265306 40.379245226 300 2.0 97488575532.5 
367.346938776 55.6598942816 300 2.0 134381011271.0 
326.530612245 76.7231733557 300 2.0 185234588683.0 
285.714285714 105.757393285 300 2.0 255332598857.0 
244.897959184 145.778983654 300 2.0 351957679731.0 
204.081632653 200.94587636 300 2.0 485148425529.0 
163.265306122 276.989482392 300 2.0 668742318603.0 
122.448979592 381.810140848 300 2.0 921813336203.0 
81.6326530612 526.297902705 300 2.0 1.27065358833e+12 
40.8163265306 725.463922401 300 2.0 1.75150486343e+12 
0.0 1000.0 300 2.0 2.41432386829e+12 
