# isothermal atmospheric profile
# molecules:  H2O 
# z(km)   p(mb)        T(K)	MU
0.0 1000.0 900 2.0 98.0
60.6060606061 826.445547842 900 2.0 98.0
121.212121212 683.012243547 900 2.0 98.0
181.818181818 564.472427801 900 2.0 98.0
242.424242424 466.505724836 900 2.0 98.0
303.03030303 385.541579333 900 2.0 98.0
363.636363636 318.629121748 900 2.0 98.0
424.242424242 263.329619081 900 2.0 98.0
484.848484848 217.627591304 900 2.0 98.0
545.454545455 179.857353921 900 2.0 98.0
606.060606061 148.642309395 900 2.0 98.0
666.666666667 122.84477482 900 2.0 98.0
727.272727273 101.524517226 900 2.0 98.0
787.878787879 83.9044852579 900 2.0 98.0
848.484848485 69.3424882854 900 2.0 98.0
909.090909091 57.3077907197 900 2.0 98.0
969.696969697 47.3617684969 900 2.0 98.0
1030.3030303 39.1419227122 900 2.0 98.0
1090.90909091 32.3486677595 900 2.0 98.0
1151.51515152 26.7344124484 900 2.0 98.0
1212.12121212 22.0945361422 900 2.0 98.0
1272.72727273 18.2599310263 900 2.0 98.0
1333.33333333 15.0908387006 900 2.0 98.0
1393.93939394 12.4717564573 900 2.0 98.0
1454.54545455 10.3072275979 900 2.0 98.0
1515.15151515 8.51836235888 900 2.0 98.0
1575.75757576 7.0399626464 900 2.0 98.0
1636.36363636 5.81814578609 900 2.0 98.0
1696.96969697 4.80838068161 900 2.0 98.0
1757.57575758 3.97386480664 900 2.0 98.0
1818.18181818 3.28418287717 900 2.0 98.0
1878.78787879 2.71419831714 900 2.0 98.0
1939.39393939 2.24313711516 900 2.0 98.0
2000.0 1.85383068202 900 2.0 98.0
2060.60606061 1.53209011361 900 2.0 98.0
2121.21212121 1.26618905328 900 2.0 98.0
2181.81818182 1.04643630581 900 2.0 98.0
2242.42424242 0.864822626039 900 2.0 98.0
2303.03030303 0.714728808962 900 2.0 98.0
2363.63636364 0.590684442081 900 2.0 98.0
2424.24242424 0.488168527337 900 2.0 98.0
2484.84848485 0.403444706014 900 2.0 98.0
2545.45454545 0.333425081086 900 2.0 98.0
2606.06060606 0.275557673802 900 2.0 98.0
2666.66666667 0.227733412687 900 2.0 98.0
2727.27272727 0.18820926501 900 2.0 98.0
2787.87878788 0.15554470913 900 2.0 98.0
2848.48484848 0.128549232351 900 2.0 98.0
2909.09090909 0.106238940755 900 2.0 98.0
2969.6969697 0.0878006995944 900 2.0 98.0
3030.3030303 0.0725624972772 900 2.0 98.0
3090.90909091 0.059968952815 900 2.0 98.0
3151.51515152 0.0495610740627 900 2.0 98.0
3212.12121212 0.0409595290054 900 2.0 98.0
3272.72727273 0.0338508203882 900 2.0 98.0
3333.33333333 0.0279758598006 900 2.0 98.0
3393.93939394 0.0231205247792 900 2.0 98.0
3454.54545455 0.0191078547676 900 2.0 98.0
3515.15151515 0.0157916015015 900 2.0 98.0
3575.75757576 0.0130508987542 900 2.0 98.0
3636.36363636 0.0107858571707 900 2.0 98.0
3696.96969697 0.0089139236384 900 2.0 98.0
3757.57575758 0.00736687250476 900 2.0 98.0
3818.18181818 0.00608831898307 900 2.0 98.0
3878.78787879 0.0050316641174 900 2.0 98.0
3939.39393939 0.00415839640806 900 2.0 98.0
4000.0 0.0034366881976 900 2.0 98.0
4060.60606061 0.00284023566023 900 2.0 98.0
4121.21212121 0.00234730011622 900 2.0 98.0
4181.81818182 0.0019399157305 900 2.0 98.0
4242.42424242 0.00160323471866 900 2.0 98.0
4303.03030303 0.00132498619538 900 2.0 98.0
4363.63636364 0.00109502894212 900 2.0 98.0
4424.24242424 0.000904981793975 900 2.0 98.0
4484.84848485 0.000747918174509 900 2.0 98.0
4545.45454545 0.000618113645472 900 2.0 98.0
4606.06060606 0.000510837270361 900 2.0 98.0
4666.66666667 0.000422179187761 900 2.0 98.0
4727.27272727 0.000348908110117 900 2.0 98.0
4787.87878788 0.000288353554212 900 2.0 98.0
4848.48484848 0.000238308511083 900 2.0 98.0
4909.09090909 0.000196949007997 900 2.0 98.0
4969.6969697 0.000162767630811 900 2.0 98.0
5030.3030303 0.000134518583817 900 2.0 98.0
5090.90909091 0.000111172284697 900 2.0 98.0
5151.51515152 9.18778397314e-05 900 2.0 98.0
5212.12121212 7.59320315913e-05 900 2.0 98.0
5272.72727273 6.27536894472e-05 900 2.0 98.0
5333.33333333 5.18625072543e-05 900 2.0 98.0
5393.93939394 4.28615382202e-05 900 2.0 98.0
5454.54545455 3.54227274357e-05 900 2.0 98.0
5515.15151515 2.92749553817e-05 900 2.0 98.0
5575.75757576 2.41941565384e-05 900 2.0 98.0
5636.36363636 1.9995152955e-05 900 2.0 98.0
5696.96969697 1.65249051381e-05 900 2.0 98.0
5757.57575758 1.36569342799e-05 900 2.0 98.0
5818.18181818 1.12867125328e-05 900 2.0 98.0
5878.78787879 9.32785332246e-06 900 2.0 98.0
5939.39393939 7.70896284927e-06 900 2.0 98.0
6000.0 6.37103802526e-06 900 2.0 98.0
