2.090E+05
2.090E+05
2.090E+05
2.090E+05
2.090E+05
2.090E+05
2.090E+05
2.090E+05
2.090E+05
2.090E+05
2.090E+05
2.090E+05
2.090E+05
2.090E+05
2.090E+05
2.090E+05
2.090E+05
2.090E+05
2.090E+05
2.090E+05
2.090E+05
2.090E+05
2.090E+05
2.090E+05
2.090E+05
2.090E+05
2.090E+05
2.090E+05
2.090E+05
2.090E+05
2.090E+05
2.090E+05
2.090E+05
2.090E+05
2.090E+05
2.090E+05
2.090E+05
2.090E+05
2.090E+05
2.090E+05
2.090E+05
2.090E+05
2.000E+05
1.900E+05
1.800E+05
1.600E+05
1.400E+05
1.200E+05
9.400E+04
7.250E+04
