3.300E+02
3.300E+02
3.300E+02
3.300E+02
3.300E+02
3.300E+02
3.300E+02
3.300E+02
3.300E+02
3.300E+02
3.300E+02
3.300E+02
3.300E+02
3.300E+02
3.300E+02
3.300E+02
3.300E+02
3.300E+02
3.300E+02
3.300E+02
3.300E+02
3.300E+02
3.300E+02
3.300E+02
3.300E+02
3.300E+02
3.300E+02
3.300E+02
3.300E+02
3.300E+02
3.300E+02
3.300E+02
3.300E+02
3.300E+02
3.300E+02
3.300E+02
3.300E+02
3.300E+02
3.300E+02
3.300E+02
3.300E+02
3.280E+02
3.200E+02
3.100E+02
2.700E+02
1.950E+02
1.100E+02
6.000E+01
4.000E+01
3.500E+01
