2.660E-02
2.931E-02
3.237E-02
3.318E-02
3.387E-02
3.768E-02
4.112E-02
5.009E-02
5.966E-02
9.168E-02
1.313E-01
2.149E-01
3.095E-01
3.846E-01
5.030E-01
6.505E-01
8.701E-01
1.187E+00
1.587E+00
2.030E+00
2.579E+00
3.028E+00
3.647E+00
4.168E+00
4.627E+00
5.118E+00
5.803E+00
6.553E+00
7.373E+00
7.837E+00
7.800E+00
7.300E+00
6.200E+00
5.250E+00
4.100E+00
3.100E+00
1.800E+00
1.100E+00
7.000E-01
3.000E-01
2.500E-01
3.000E-01
5.000E-01
7.000E-01
7.000E-01
4.000E-01
2.000E-01
5.000E-02
5.000E-03
5.000E-04
