# molecules: H2O  CO2  CH4
# z[km]	p[mb]	T[K]	MU	H2O	CO2	CH4
.08057455	974	271.3310	28.8	535.08834473373452793308	330.0	1.7
.2845920	949	270.9360	28.8	519.71847553237172071350	330.0	1.7
.6226210	909	270.0730	28.8	487.49434695098757663686	330.0	1.7
1.175110	847	269.3575	28.8	462.13668730874687140665	330.0	1.7
2.023880	760	268.8595	28.8	445.18604823699411346864	330.0	1.7
3.484735	630	263.5845	28.8	296.75417704234429798348	330.0	1.7
5.692625	470	253.3655	28.8	128.09349544816988062438	330.0	1.7
8.048715	337.5	238.7705	28.8	33.46394698989974051161	330.0	1.7
10.13010	247.5	224.9915	28.8	7.83932158983829849302	330.0	1.7
12.15295	180	213.1535	28.8	1.89309827169125735881	330.0	1.7
14.12090	130	206.5440	28.8	.78830432145249005609	330.0	1.7
15.99170	95	206.0720	28.8	.73863920831303894780	330.0	1.7
18.04330	67.5	207.7095	28.8	.92435289177451905628	330.0	1.7
20.51065	45	210.9220	28.8	1.41846350133747125932	330.0	1.7
23.56400	27.5	215.8050	28.8	2.64371538431983257990	330.0	1.7
27.44395	15	223.2020	28.8	6.39493772120343968275	330.0	1.7
33.17205	6.5	238.4320	28.8	32.36605870059309080700	330.0	1.7
41.40220	2	259.6800	28.8	217.17680883480350021856	330.0	1.7
49.97025	0.65	266.6455	28.8	376.32731004667303671920	330.0	1.7
58.63970	0.2	249.0205	28.8	87.51632316493962153443	330.0	1.7
70.0 5.220E-02 200.00 28.8 0.0 3.300E+02 1.500E-01
75.0 2.400E-02 200.00 28.8 0.0 3.300E+02 1.500E-01
80.0 1.050E-02 198.60 28.8 0.0 3.280E+02 1.500E-01
85.0 4.460E-03 188.90 28.8 0.0 3.200E+02 1.500E-01
90.0 1.840E-03 186.90 28.8 0.0 3.100E+02 1.400E-01
95.0 7.600E-04 188.40 28.8 0.0 2.700E+02 1.300E-01
100.0 3.200E-04 195.10 28.8 0.0 1.950E+02 1.200E-01
105.0 1.450E-04 208.80 28.8 0.0 1.100E+02 1.100E-01
110.0 7.100E-05 240.00 28.8 0.0 6.000E+01 9.500E-02
115.0 4.010E-05 300.00 28.8 0.0 4.000E+01 6.000E-02
120.0 2.540E-05 360.00 28.8 0.0 3.500E+01 3.000E-02
