# isothermal atmospheric profile
# molecules:  H2O 
# z(km)   p(mb)        T(K)	MU
0.0 10000.0 300 2.0 98.0
60.6060606061 5644.72427801 300 2.0 98.0
121.212121212 3186.29121748 300 2.0 98.0
181.818181818 1798.57353921 300 2.0 98.0
242.424242424 1015.24517226 300 2.0 98.0
303.03030303 573.077907197 300 2.0 98.0
363.636363636 323.486677595 300 2.0 98.0
424.242424242 182.599310263 300 2.0 98.0
484.848484848 103.072275979 300 2.0 98.0
545.454545455 58.1814578609 300 2.0 98.0
606.060606061 32.8418287717 300 2.0 98.0
666.666666667 18.5383068202 300 2.0 98.0
727.272727273 10.4643630581 300 2.0 98.0
787.878787879 5.90684442081 300 2.0 98.0
848.484848485 3.33425081086 300 2.0 98.0
909.090909091 1.8820926501 300 2.0 98.0
969.696969697 1.06238940755 300 2.0 98.0
1030.3030303 0.59968952815 300 2.0 98.0
1090.90909091 0.338508203882 300 2.0 98.0
1151.51515152 0.191078547676 300 2.0 98.0
1212.12121212 0.107858571707 300 2.0 98.0
1272.72727273 0.0608831898307 300 2.0 98.0
1333.33333333 0.034366881976 300 2.0 98.0
1393.93939394 0.019399157305 300 2.0 98.0
1454.54545455 0.0109502894212 300 2.0 98.0
1515.15151515 0.00618113645472 300 2.0 98.0
1575.75757576 0.00348908110117 300 2.0 98.0
1636.36363636 0.00196949007997 300 2.0 98.0
1696.96969697 0.00111172284697 300 2.0 98.0
1757.57575758 0.000627536894472 300 2.0 98.0
1818.18181818 0.000354227274357 300 2.0 98.0
1878.78787879 0.00019995152955 300 2.0 98.0
1939.39393939 0.000112867125328 300 2.0 98.0
2000.0 6.37103802526e-05 300 2.0 98.0
2060.60606061 3.59627530173e-05 300 2.0 98.0
2121.21212121 2.02999825061e-05 300 2.0 98.0
2181.81818182 1.14587804095e-05 300 2.0 98.0
2242.42424242 6.46816559741e-06 300 2.0 98.0
2303.03030303 3.65110113819e-06 300 2.0 98.0
2363.63636364 2.06094592362e-06 300 2.0 98.0
2424.24242424 1.16334714907e-06 300 2.0 98.0
2484.84848485 6.56677389612e-07 300 2.0 98.0
2545.45454545 3.70676280397e-07 300 2.0 98.0
2606.06060606 2.09236539924e-07 300 2.0 98.0
2666.66666667 1.18108257675e-07 300 2.0 98.0
2727.27272727 6.66688549534e-08 300 2.0 98.0
2787.87878788 3.76327304143e-08 300 2.0 98.0
2848.48484848 2.12426387017e-08 300 2.0 98.0
2909.09090909 1.19908838409e-08 300 2.0 98.0
2969.6969697 6.76852331313e-09 300 2.0 98.0
3030.3030303 3.82064478719e-09 300 2.0 98.0
3090.90909091 2.15664863879e-09 300 2.0 98.0
3151.51515152 1.21736869305e-09 300 2.0 98.0
3212.12121212 6.87171061697e-10 300 2.0 98.0
3272.72727273 3.87889117511e-10 300 2.0 98.0
3333.33333333 2.18952711879e-10 300 2.0 98.0
3393.93939394 1.23592768848e-10 300 2.0 98.0
3454.54545455 6.97647102902e-11 300 2.0 98.0
3515.15151515 3.93802553923e-11 300 2.0 98.0
3575.75757576 2.22290683687e-11 300 2.0 98.0
3636.36363636 1.25476961899e-11 300 2.0 98.0
3696.96969697 7.0828285316e-12 300 2.0 98.0
3757.57575758 3.99806141693e-12 300 2.0 98.0
3818.18181818 2.25679543451e-12 300 2.0 98.0
3878.78787879 1.27389879797e-12 300 2.0 98.0
3939.39393939 7.19080747263e-13 300 2.0 98.0
4000.0 4.05901255193e-13 300 2.0 98.0
4060.60606061 2.29120066966e-13 300 2.0 98.0
4121.21212121 1.29331960458e-13 300 2.0 98.0
4181.81818182 7.30043257122e-14 300 2.0 98.0
4242.42424242 4.12089289747e-14 300 2.0 98.0
4303.03030303 2.32613041854e-14 300 2.0 98.0
4363.63636364 1.31303648474e-14 300 2.0 98.0
4424.24242424 7.41172892331e-15 300 2.0 98.0
4484.84848485 4.18371661955e-15 300 2.0 98.0
4545.45454545 2.36159267747e-15 300 2.0 98.0
4606.06060606 1.33305395213e-15 300 2.0 98.0
4666.66666667 7.52472200747e-16 300 2.0 98.0
4727.27272727 4.24749810008e-16 300 2.0 98.0
4787.87878788 2.39759556464e-16 300 2.0 98.0
4848.48484848 1.35337658925e-16 300 2.0 98.0
4909.09090909 7.63943769066e-17 300 2.0 98.0
4969.6969697 4.31225194028e-17 300 2.0 98.0
5030.3030303 2.43414732202e-17 300 2.0 98.0
5090.90909091 1.37400904849e-17 300 2.0 98.0
5151.51515152 7.7559022342e-18 300 2.0 98.0
5212.12121212 4.37799296392e-18 300 2.0 98.0
5272.72727273 2.47125631724e-18 300 2.0 98.0
5333.33333333 1.39495605311e-18 300 2.0 98.0
5393.93939394 7.87414229976e-19 300 2.0 98.0
5454.54545455 4.4447362208e-19 300 2.0 98.0
5515.15151515 2.50893104549e-19 300 2.0 98.0
5575.75757576 1.41622239843e-19 300 2.0 98.0
5636.36363636 7.9941849555e-20 300 2.0 98.0
5696.96969697 4.51249699012e-20 300 2.0 98.0
5757.57575758 2.54718013146e-20 300 2.0 98.0
5818.18181818 1.43781295285e-20 300 2.0 98.0
5878.78787879 8.1160576822e-21 300 2.0 98.0
5939.39393939 4.58129078404e-21 300 2.0 98.0
6000.0 2.58601233133e-21 300 2.0 98.0
