# AFGL atmospheric constituent profile. U.S. standard atmosphere 1976. ( AFGL-TR-86-0110)       
# molecules:    H2O
#    p(mb)        T(K)    h2o(cm-3)
   0.00003     200.000 1.022800E+05
   0.00004     200.000 2.325120E+05
   0.00007     200.000 6.003200E+05
   0.00014     210.800 1.711220E+06
   0.00032     210.100 4.756001E+06
   0.00076     210.400 1.578960E+07
   0.00184     210.900 6.065600E+07
   0.00446     210.900 2.275630E+08
   0.01050     210.600 7.855600E+08
   0.02400     210.400 2.358028E+09
   0.05220     219.600 6.030500E+09
   0.10900     233.300 1.422120E+10
   0.21900     247.000 3.052350E+10
   0.42500     260.800 6.023100E+10
   0.79780     270.700 1.116060E+11
   1.09000     270.600 1.533000E+11
   1.49100     264.200 2.137025E+11
   2.06000     257.300 2.988545E+11
   2.87100     250.400 4.175775E+11
   4.04116     243.435 6.128100E+11
   5.74600     236.500 8.628900E+11
   8.25725     229.588 1.217830E+12
  11.97000     226.500 1.809675E+12
  17.43000     224.000 2.580300E+12
  25.49000     221.600 3.689123E+12
  29.72000     220.600 4.198950E+12
  34.67000     219.600 4.804800E+12
  40.47000     218.600 5.455230E+12
  47.29000     217.600 6.260625E+12
  55.29000     216.700 7.211100E+12
  64.67000     216.700 8.327550E+12
  75.65000     216.700 9.677249E+12
  88.50000     216.700 1.139600E+13
 103.50000     216.700 1.367490E+13
 121.10000     216.700 2.025000E+13
 141.70000     216.700 2.808805E+13
 165.80000     216.700 6.017410E+13
 194.00000     216.700 1.236803E+14
 227.00000     216.800 2.741906E+14
 265.00000     223.300 6.017959E+14
 308.00000     229.700 1.538518E+15
 356.50000     236.200 4.011698E+15
 411.10001     242.700 7.024160E+15
 472.20001     249.200 1.270574E+16
 540.50000     255.700 2.140204E+16
 616.59998     262.200 3.677232E+16
 701.20001     268.700 6.017162E+16
 795.00000     275.200 9.697315E+16
 898.79999     281.700 1.404222E+17
1013.00000     288.200 1.973426E+17
