# isothermal atmospheric profile
# molecules: H2O
# z(km)		p(mb)		T(K)	MU
0.0		100000.0	300	2.0	1e-06
40.8163265306	72546.3922401	300	2.0	1e-06
81.6326530612	52629.7902705	300	2.0	1e-06
122.448979592	38181.0140848	300	2.0	1e-06
163.265306122	27698.9482392	300	2.0	1e-06
204.081632653	20094.587636	300	2.0	1e-06
244.897959184	14577.8983654	300	2.0	1e-06
285.714285714	10575.7393285	300	2.0	1e-06
326.530612245	7672.31733557	300	2.0	1e-06
367.346938776	5565.98942816	300	2.0	1e-06
408.163265306	4037.9245226	300	2.0	1e-06
448.979591837	2929.36856252	300	2.0	1e-06
489.795918367	2125.15120752	300	2.0	1e-06
530.612244898	1541.72053071	300	2.0	1e-06
571.428571429	1118.46262345	300	2.0	1e-06
612.244897959	811.404281868	300	2.0	1e-06
653.06122449	588.644532977	300	2.0	1e-06
693.87755102	427.040371793	300	2.0	1e-06
734.693877551	309.802383144	300	2.0	1e-06
775.510204082	224.750452045	300	2.0	1e-06
816.326530612	163.048344502	300	2.0	1e-06
857.142857143	118.285691543	300	2.0	1e-06
897.959183673	85.8120017509	300	2.0	1e-06
938.775510204	62.2535113793	300	2.0	1e-06
979.591836735	45.1626765484	300	2.0	1e-06
1020.40816327	32.7638924749	300	2.0	1e-06
1061.2244898	23.769021948	300	2.0	1e-06
1102.04081633	17.243567894	300	2.0	1e-06
1142.85714286	12.5095864006	300	2.0	1e-06
1183.67346939	9.07525361778	300	2.0	1e-06
1224.48979592	6.58376908633	300	2.0	1e-06
1265.30612245	4.77628694555	300	2.0	1e-06
1306.12244898	3.46502386203	300	2.0	1e-06
1346.93877551	2.51374980216	300	2.0	1e-06
1387.75510204	1.82363479141	300	2.0	1e-06
1428.57142857	1.3229812488	300	2.0	1e-06
1469.3877551	0.95977516602	300	2.0	1e-06
1510.20408163	0.696282256563	300	2.0	1e-06
1551.02040816	0.505127656945	300	2.0	1e-06
1591.83673469	0.36645189132	300	2.0	1e-06
1632.65306122	0.265847626448	300	2.0	1e-06
1673.46938776	0.192862861844	300	2.0	1e-06
1714.28571429	0.139915048239	300	2.0	1e-06
1755.10204082	0.101503319698	300	2.0	1e-06
1795.91836735	0.073636996445	300	2.0	1e-06
1836.73469388	0.0534209842748	300	2.0	1e-06
1877.55102041	0.0387549967905	300	2.0	1e-06
1918.36734694	0.0281153519843	300	2.0	1e-06
1959.18367347	0.0203966735302	300	2.0	1e-06
2000.0		0.0147970507831	300	2.0	1e-06
