# isothermal atmospheric profile
# molecules:  H2O 
# z(km)   p(mb)        T(K)	MU
0.0 10000.0 500 2.0 98.0
60.6060606061 7095.54305991 500 2.0 98.0
121.212121212 5034.67313151 500 2.0 98.0
181.818181818 3572.37399972 500 2.0 98.0
242.424242424 2534.79335411 500 2.0 98.0
303.03030303 1798.57353921 500 2.0 98.0
363.636363636 1276.18559939 500 2.0 98.0
424.242424242 905.522987291 500 2.0 98.0
484.848484848 642.517734806 500 2.0 98.0
545.454545455 455.901225408 500 2.0 98.0
606.060606061 323.486677595 500 2.0 98.0
666.666666667 229.531365018 500 2.0 98.0
727.272727273 162.864968409 500 2.0 98.0
787.878787879 115.56153963 500 2.0 98.0
848.484848485 81.9971880512 500 2.0 98.0
909.090909091 58.1814578609 500 2.0 98.0
969.696969697 41.282903954 500 2.0 98.0
1030.3030303 29.2924622644 500 2.0 98.0
1090.90909091 20.7845927328 500 2.0 98.0
1151.51515152 14.7477972718 500 2.0 98.0
1212.12121212 10.4643630581 500 2.0 98.0
1272.72727273 7.42503386735 500 2.0 98.0
1333.33333333 5.26846475271 500 2.0 98.0
1393.93939394 3.73826185125 500 2.0 98.0
1454.54545455 2.65249979348 500 2.0 98.0
1515.15151515 1.8820926501 500 2.0 98.0
1575.75757576 1.33544694416 500 2.0 98.0
1636.36363636 0.947572129649 500 2.0 98.0
1696.96969697 0.67235388483 500 2.0 98.0
1757.57575758 0.477071594131 500 2.0 98.0
1818.18181818 0.338508203882 500 2.0 98.0
1878.78787879 0.240189953678 500 2.0 98.0
1939.39393939 0.170427815888 500 2.0 98.0
2000.0 0.120927790624 500 2.0 98.0
2060.60606061 0.0858048345513 500 2.0 98.0
2121.21212121 0.0608831898307 500 2.0 98.0
2181.81818182 0.0431999295069 500 2.0 98.0
2242.42424242 0.0306526960001 500 2.0 98.0
2303.03030303 0.0217497524371 500 2.0 98.0
2363.63636364 0.015432630496 500 2.0 98.0
2424.24242424 0.0109502894212 500 2.0 98.0
2484.84848485 0.00776982501068 500 2.0 98.0
2545.45454545 0.00551311279313 500 2.0 98.0
2606.06060606 0.00391185292178 500 2.0 98.0
2666.66666667 0.00277567208506 500 2.0 98.0
2727.27272727 0.00196949007997 500 2.0 98.0
2787.87878788 0.00139746016685 500 2.0 98.0
2848.48484848 0.000991573878841 500 2.0 98.0
2909.09090909 0.00070357551544 500 2.0 98.0
2969.6969697 0.000499225036571 500 2.0 98.0
3030.3030303 0.000354227274357 500 2.0 98.0
3090.90909091 0.00025134348782 500 2.0 98.0
3151.51515152 0.000178341854065 500 2.0 98.0
3212.12121212 0.000126543230491 500 2.0 98.0
3272.72727273 8.97892940887e-05 500 2.0 98.0
3333.33333333 6.37103802526e-05 500 2.0 98.0
3393.93939394 4.52059746446e-05 500 2.0 98.0
3454.54545455 3.20760939656e-05 500 2.0 98.0
3515.15151515 2.27597305927e-05 500 2.0 98.0
3575.75757576 1.61492648452e-05 500 2.0 98.0
3636.36363636 1.14587804095e-05 500 2.0 98.0
3696.96969697 8.13062698099e-06 500 2.0 98.0
3757.57575758 5.76912138477e-06 500 2.0 98.0
3818.18181818 4.09350492035e-06 500 2.0 98.0
3878.78787879 2.90456404283e-06 500 2.0 98.0
3939.39393939 2.06094592362e-06 500 2.0 98.0
4000.0 1.46235305452e-06 500 2.0 98.0
4060.60606061 1.03761890671e-06 500 2.0 98.0
4121.21212121 7.36246963237e-07 500 2.0 98.0
4181.81818182 5.22407203038e-07 500 2.0 98.0
4242.42424242 3.70676280397e-07 500 2.0 98.0
4303.03030303 2.63014950884e-07 500 2.0 98.0
4363.63636364 1.8662339094e-07 500 2.0 98.0
4424.24242424 1.3241943064e-07 500 2.0 98.0
4484.84848485 9.39587772077e-08 500 2.0 98.0
4545.45454545 6.66688549534e-08 500 2.0 98.0
4606.06060606 4.73051731077e-08 500 2.0 98.0
4666.66666667 3.35655892742e-08 500 2.0 98.0
4727.27272727 2.38166084027e-08 500 2.0 98.0
4787.87878788 1.68991770462e-08 500 2.0 98.0
4848.48484848 1.19908838409e-08 500 2.0 98.0
4909.09090909 8.50818326193e-09 500 2.0 98.0
4969.6969697 6.03701806966e-09 500 2.0 98.0
5030.3030303 4.28359216668e-09 500 2.0 98.0
5090.90909091 3.03944126698e-09 500 2.0 98.0
5151.51515152 2.15664863879e-09 500 2.0 98.0
5212.12121212 1.53025932817e-09 500 2.0 98.0
5272.72727273 1.08580209558e-09 500 2.0 98.0
5333.33333333 7.70435552376e-10 500 2.0 98.0
5393.93939394 5.46665863677e-10 500 2.0 98.0
5454.54545455 3.87889117511e-10 500 2.0 98.0
5515.15151515 2.75228393577e-10 500 2.0 98.0
5575.75757576 1.95289491794e-10 500 2.0 98.0
5636.36363636 1.38568499817e-10 500 2.0 98.0
5696.96969697 9.83218757199e-11 500 2.0 98.0
5757.57575758 6.97647102902e-11 500 2.0 98.0
5818.18181818 4.95018505927e-11 500 2.0 98.0
5878.78787879 3.51242512426e-11 500 2.0 98.0
5939.39393939 2.49225637139e-11 500 2.0 98.0
6000.0 1.76839123995e-11 500 2.0 98.0
