# AFGL atmospheric constituent profile. U.S. standard atmosphere 1976. ( AFGL-TR-86-0110)       					
# based on afglus.dat in libRadtran
# molecules: CH4
#     z(km)      p(mb)        T(K)	MU	ppmv					
0.0       	9.999E+02	283.572	28.8	4.35945E+02
1.0       	8.988E+02	283.572	28.8	4.35945E+02
2.0       	7.950E+02	278.657	28.8	4.35945E+02
3.0       	7.012E+02	271.852	28.8	4.35945E+02
4.0	 	6.166E+02	266.229	28.8	4.35945E+02
5.0       	5.405E+02	259.189	28.8	4.35945E+02
6.0       	4.722E+02	252.273	28.8	4.35945E+02
7.0       	4.111E+02	245.017	28.8	4.35945E+02
8.0       	3.565E+02	236.745	28.8	4.35945E+02
9.0		3.080E+02	228.558	28.8	4.35945E+02
10.0      	2.650E+02	222.489	28.8	4.35945E+02
11.0      	2.270E+02	217.351	28.8	4.35945E+02
12.0      	1.940E+02	212.835	28.8	4.35945E+02
13.0      	1.658E+02	210.571	28.8	4.35945E+02
14.0	 	1.417E+02	207.522	28.8	4.35945E+02
15.0      	1.211E+02	204.983	28.8	4.35945E+02
16.0      	1.035E+02	202.632	28.8	4.35945E+02	
17.0      	8.850E+01	200.765	28.8	4.35945E+02
18.0      	7.565E+01	198.823	28.8	4.35945E+02
19.0     	6.467E+01	197.506	28.8	4.28036E+02
20.0      	5.529E+01	196.921	28.8	4.25862E+02
21.0      	4.729E+01	196.136	28.8	4.20292E+02
22.0      	4.047E+01	195.341	28.8	4.20054E+02
23.0      	3.467E+01	195.328	28.8	4.18136E+02
24.0	 	2.972E+01	195.814	28.8	4.11015E+02
25.0      	2.549E+01	195.814	28.8	4.11015E+02
27.5      	1.743E+01	195.588	28.8	4.01715E+02
30.0      	1.197E+01	195.588	28.8	3.90852E+02
32.5      	8.010E+00	195.588	28.8	3.83761E+02
35.0     	5.746E+00	194.803	28.8	3.66158E+02
37.5      	4.150E+00	193.474	28.8	3.43253E+02
40.0      	2.871E+00	191.608	28.8	3.29061E+02
42.5      	2.060E+00	190.45 	28.8	3.01683E+02
45.0      	1.491E+00	191.222	28.8	2.74514E+02
47.5	 	1.090E+00	192.427	28.8	2.41791E+02
50.0      	7.978E-01	189.021	28.8	1.96034E+02
55.0     	4.250E-01	170.862	28.8	9.78228E+01
60.0      	2.190E-01	129.998	28.8	9.23615E+00
65.0      	1.090E-01	103.378	28.8	1.45234E-01
70.0    	5.220E-02	103.378	28.8	1.45234E-01
75.0      	2.400E-02	103.378	28.8	1.45234E-01
80.0      	1.050E-02	103.378	28.8	1.45234E-01
85.0      	4.460E-03	103.378	28.8	1.45234E-01
90.0      	1.840E-03	103.378	28.8	1.45234E-01
95.0	 	7.600E-04	103.378	28.8	1.45234E-01
100.0     	3.200E-04	103.378	28.8	1.45234E-01
105.0     	1.450E-04	103.378	28.8	1.45234E-01
110.0     	7.100E-05	103.378	28.8	1.45234E-01
115.0     	4.010E-05	103.378	28.8	1.45234E-01
120.0		2.540E-05	103.378	28.8	1.45234E-01