SH 16956783.6111
# isothermal atmospheric profile
# molecules:  H2O 
# z(km)   p(mb)        T(K)	MU
2000.0 0.00754451581446 400 2.0 136611784542.0 
1959.18367347 0.0095977516602 400 2.0 173790606863.0 
1918.36734694 0.0122097745165 400 2.0 221087625312.0 
1877.55102041 0.0155326579622 400 2.0 281256501420.0 
1836.73469388 0.0197598623172 400 2.0 357800304199.0 
1795.91836735 0.0251374980216 400 2.0 455175460970.0 
1755.10204082 0.0319786543369 400 2.0 579051213310.0 
1714.28571429 0.0406816275956 400 2.0 736639683786.0 
1673.46938776 0.0517531102588 400 2.0 937115770169.0 
1632.65306122 0.0658376908633 400 2.0 1.19215131363e+12 
1591.83673469 0.0837553823634 400 2.0 1.51659464053e+12 
1551.02040816 0.106549363789 400 2.0 1.9293350411e+12 
1510.20408163 0.135546714773 400 2.0 2.45440251557e+12 
1469.3877551 0.17243567894 400 2.0 3.12236681557e+12 
1428.57142857 0.219363954497 400 2.0 3.97211723388e+12 
1387.75510204 0.279063734537 400 2.0 5.053126763e+12 
1346.93877551 0.35501077701 400 2.0 6.42833244325e+12 
1306.12244898 0.451626765484 400 2.0 8.177799596e+12 
1265.30612245 0.574536742292 400 2.0 1.04033832759e+13 
1224.48979592 0.730896601954 400 2.0 1.32346583351e+13 
1183.67346939 0.929809711763 400 2.0 1.68364633506e+13 
1142.85714286 1.18285691543 400 2.0 2.14184976277e+13 
1102.04081633 1.50477077695 400 2.0 2.72475300233e+13 
1061.2244898 1.91429331953 400 2.0 3.46629303919e+13 
1020.40816327 2.43526719772 400 2.0 4.40964279083e+13 
979.591836735 3.09802383144 400 2.0 5.60972466058e+13 
938.775510204 3.94114931996 400 2.0 7.13640815374e+13 
897.959183673 5.01373094827 400 2.0 9.07857772318e+13 
857.142857143 6.37821507913 400 2.0 1.1549307677e+14 
816.326530612 8.11404281868 400 2.0 1.46924454341e+14 
775.510204082 10.3222751266 400 2.0 1.86909864099e+14 
734.693877551 13.1314766474 400 2.0 2.37777281217e+14 
693.87755102 16.705200823 400 2.0 3.02488238037e+14 
653.06122449 21.2515120752 400 2.0 3.84810246303e+14 
612.244897959 27.0350994441 400 2.0 4.89536144021e+14 
571.428571429 34.392686947 400 2.0 6.2276313743e+14 
530.612244898 43.752637858 400 2.0 7.92247784108e+14 
489.795918367 55.6598942816 400 2.0 1.00785758453e+15 
448.979591837 70.8077040178 400 2.0 1.28214547402e+15 
408.163265306 90.077981875 400 2.0 1.63108066236e+15 
367.346938776 114.592655294 400 2.0 2.07497837105e+15 
326.530612245 145.778983654 400 2.0 2.63968259798e+15 
285.714285714 185.452654192 400 2.0 3.3580707709e+15 
244.897959184 235.923492433 400 2.0 4.27196789152e+15 
204.081632653 300.12994165 400 2.0 5.43458161286e+15 
163.265306122 381.810140848 400 2.0 6.91360002152e+15 
122.448979592 485.719561509 400 2.0 8.79513247984e+15 
81.6326530612 617.907874078 400 2.0 1.11887229659e+16 
40.8163265306 786.071163495 400 2.0 1.42337277915e+16 
0.0 1000.0 400 2.0 1.81074290122e+16 
