# AFGL atmospheric constituent profile. U.S. standard atmosphere 1976. ( AFGL-TR-86-0110)       					
# based on afglus.dat in libRadtran
# molecules: O2 CO2 H2O CH4 N2O
#     z(km)      p(mb)        T(K)	MU	ppmv					
0.0       	1.013E+03	283.572	28.8	2.090E+05	3.300E+02	9.814E+03	4.35945E+02	1.32217E+00
1.0       	8.988E+02	283.572	28.8	2.090E+05	3.300E+02	9.814E+03	4.35945E+02	1.32217E+00	
2.0       	7.950E+02	278.657	28.8	2.090E+05	3.300E+02	7.652E+03	4.35945E+02	1.32217E+00	
3.0       	7.012E+02	271.852	28.8	2.090E+05	3.300E+02	5.431E+03	4.35945E+02	1.32217E+00	
4.0	 	6.166E+02	266.229	28.8	2.090E+05	3.300E+02	3.325E+03	4.35945E+02	1.32217E+00	
5.0       	5.405E+02	259.189	28.8	2.090E+05	3.300E+02	1.964E+03	4.35945E+02	1.32217E+00	
6.0       	4.722E+02	252.273	28.8	2.090E+05	3.300E+02	9.900E+02	4.35945E+02	1.32217E+00	
7.0       	4.111E+02	245.017	28.8	2.090E+05	3.300E+02	5.032E+02	4.35945E+02	1.32217E+00	
8.0       	3.565E+02	236.745	28.8	2.090E+05	3.300E+02	2.181E+02	4.35945E+02	1.32217E+00	
9.0		3.080E+02	228.558	28.8	2.090E+05	3.300E+02	7.742E+01	4.35945E+02	1.32217E+00	
10.0      	2.650E+02	222.489	28.8	2.090E+05	3.300E+02	2.897E+01	4.35945E+02	1.32217E+00	
11.0      	2.270E+02	217.351	28.8	2.090E+05	3.300E+02	1.436E+01	4.35945E+02	1.32217E+00	
12.0      	1.940E+02	212.835	28.8	2.090E+05	3.300E+02	6.842E+00	4.35945E+02	1.32217E+00	
13.0      	1.658E+02	210.571	28.8	2.090E+05	3.300E+02	4.873E+00	4.35945E+02	1.32217E+00	
14.0	 	1.417E+02	207.522	28.8	2.090E+05	3.300E+02	3.594E+00	4.35945E+02	1.32675E+00		
15.0      	1.211E+02	204.983	28.8	2.090E+05	3.300E+02	2.945E+00	4.35945E+02	1.30937E+00	
16.0      	1.035E+02	202.632	28.8	2.090E+05	3.300E+02	2.537E+00	4.35945E+02	1.30937E+00		
17.0      	8.850E+01	200.765	28.8	2.090E+05	3.300E+02	2.246E+00	4.35945E+02	1.30937E+00		
18.0      	7.565E+01	198.823	28.8	2.090E+05	3.300E+02	2.033E+00	4.35945E+02	1.29155E+00	
19.0     	6.467E+01	197.506	28.8	2.090E+05	3.300E+02	1.889E+00	4.28036E+02	1.29155E+00	
20.0      	5.529E+01	196.921	28.8	2.090E+05	3.300E+02	1.895E+00	4.25862E+02	1.26808E+00	
21.0      	4.729E+01	196.136	28.8	2.090E+05	3.300E+02	1.976E+00	4.20292E+02	1.24575E+00	
22.0      	4.047E+01	195.341	28.8	2.090E+05	3.300E+02	2.215E+00	4.20054E+02	1.25283E+00	
23.0      	3.467E+01	195.328	28.8	2.090E+05	3.300E+02	2.536E+00	4.18136E+02	1.23852E+00	
24.0	 	2.972E+01	195.814	28.8	2.090E+05	3.300E+02	3.100E+00	4.11015E+02	1.21733E+00	
25.0      	2.549E+01	195.814	28.8	2.090E+05	3.300E+02	3.743E+00	4.11015E+02	1.18981E+00	
27.5      	1.743E+01	195.588	28.8	2.090E+05	3.300E+02	5.886E+00	4.01715E+02	1.15099E+00	
30.0      	1.197E+01	195.588	28.8	2.090E+05	3.300E+02	9.263E+00	3.90852E+02	1.11470E+00 	
32.5      	8.010E+00	195.588	28.8	2.090E+05	3.300E+02	1.330E+01	3.83761E+02	1.06054E+00	
35.0     	5.746E+00	194.803	28.8	2.090E+05	3.300E+02	1.788E+01	3.66158E+02	1.00844E+00	
37.5      	4.150E+00	193.474	28.8	2.090E+05	3.300E+02	2.211E+01	3.43253E+02	9.42015E-01	
40.0      	2.871E+00	191.608	28.8	2.090E+05	3.300E+02	2.750E+01	3.29061E+02	8.80461E-01	
42.5      	2.060E+00	190.45 	28.8	2.090E+05	3.300E+02	3.248E+01	3.01683E+02	8.48801E-01	
45.0      	1.491E+00	191.222	28.8	2.090E+05	3.300E+02	3.657E+01	2.74514E+02	7.96531E-01	
47.5	 	1.090E+00	192.427	28.8	2.090E+05	3.300E+02	3.602E+01	2.41791E+02	7.74084E-01	
50.0      	7.978E-01	189.021	28.8	2.090E+05	3.300E+02	3.231E+01	1.96034E+02	7.32691E-01	
55.0     	4.250E-01	170.862	28.8	2.090E+05	3.300E+02	1.226E+01	9.78228E+01	6.84815E-01	
60.0      	2.190E-01	129.998	28.8	2.090E+05	3.300E+02	1.330E+01	9.23615E+00	6.58254E-01	
65.0      	1.090E-01	103.378	28.8	2.090E+05	3.300E+02	9.263E+00 	1.45234E-01	6.49632E-01	
70.0    	5.220E-02	103.378	28.8	2.090E+05	3.300E+02	9.263E+00 	1.45234E-01	6.49632E-01	
75.0      	2.400E-02	103.378	28.8	2.090E+05	3.300E+02	9.263E+00 	1.45234E-01	6.49632E-01	
80.0      	1.050E-02	103.378	28.8	2.090E+05	3.280E+02	9.263E+00 	1.45234E-01	6.49632E-01	
85.0      	4.460E-03	103.378	28.8	2.000E+05	3.200E+02	9.263E+00 	1.45234E-01	6.49632E-01	
90.0      	1.840E-03	103.378	28.8	1.900E+05	3.100E+02	9.263E+00 	1.45234E-01	6.49632E-01	
95.0	 	7.600E-04	103.378	28.8	1.800E+05	2.700E+02	9.263E+00 	1.45234E-01	6.49632E-01	
100.0     	3.200E-04	103.378	28.8	1.600E+05	1.950E+02	9.263E+00 	1.45234E-01	6.49632E-01	
105.0     	1.450E-04	103.378	28.8	1.400E+05	1.100E+02	9.263E+00 	1.45234E-01	6.49632E-01	
110.0     	7.100E-05	103.378	28.8	1.200E+05	6.000E+01	9.263E+00 	1.45234E-01	6.49632E-01	
115.0     	4.010E-05	103.378	28.8	9.400E+04	4.000E+01	9.263E+00 	1.45234E-01	6.49632E-01	
120.0		2.540E-05	103.378	28.8	7.250E+04	3.500E+01	9.263E+00 	1.45234E-01	6.49632E-01