1.500E-01
1.450E-01
1.399E-01
1.349E-01
1.312E-01
1.303E-01
1.288E-01
1.247E-01
1.185E-01
1.094E-01
9.962E-02
8.964E-02
7.814E-02
6.374E-02
5.025E-02
3.941E-02
3.069E-02
2.489E-02
1.966E-02
1.549E-02
1.331E-02
1.232E-02
1.232E-02
1.307E-02
1.400E-02
1.498E-02
1.598E-02
1.710E-02
1.850E-02
2.009E-02
2.220E-02
2.497E-02
2.824E-02
3.241E-02
3.717E-02
4.597E-02
6.639E-02
1.073E-01
1.862E-01
3.059E-01
6.375E-01
1.497E+00
3.239E+00
5.843E+00
1.013E+01
1.692E+01
2.467E+01
3.356E+01
4.148E+01
5.000E+01
