0.0767724	2.57405e-07	7.25255e-08
0.273709	1.92118e-07	5.50182e-07
0.605269	3.47615e-06	8.38598e-07
1.16145	2.59274e-05	9.05901e-08
2.02972	3.84625e-06	1.84319e-12
3.53574	4.29817e-06	5.16977e-07
5.81947	3.92931e-07	7.08339e-05
8.25652	1.93664e-08	0.000465894
10.4072	0	0.000393677
12.4795	0	0.000178995
14.4539	0	6.53916e-07
16.2587	0	1.63139e-07
18.1898	0	2.4611e-08
20.4883	0	1.87421e-10
23.3206	0	0
26.9108	0	0
32.2546	0	0
39.6754	0	0
46.7059	0	0
53.5921	0	0
.00015660000000000000		
-.00000700000000000000		
-.00032650000000000000		
.00241500000000000000		
.01045500000000000000		
.02865000000000000000		
.04603500000000000000		
.05323500000000000000		
.04710000000000000000		
.03725000000000000000		
.02415000000000000000		
.00660000000000000000		
.00080000000000000000		
-.00070000000000000000		
-.00670000000000000000		
-.00175000000000000000		
.02130000000000000000		
.00250000000000000000		
-.01460000000000000000		
-.00015000000000000000		
.07013180000000000000		
.25217500000000000000		
.56472650000000000000		
1.09987500000000000000		
1.94710500000000000000		
3.42915000000000000000		
5.70062500000000000000		
8.13867500000000000000		
10.29700000000000000000		
12.39165000000000000000		
14.38415000000000000000		
16.19360000000000000000		
18.12380000000000000000		
20.41380000000000000000		
23.22330000000000000000		
26.78955000000000000000		
32.09540000000000000000		
39.51040000000000000000		
46.51860000000000000000		
53.38555000000000000000		
