# z[km]	wtrcld[kg/kg]	icecld[kg/kg]
.08057455	3.53783e-07	3.50344e-07	1.24795e-06	1.25412e-06
.2845920	5.58099e-06	4.73908e-06	6.68095e-07	6.64047e-07
.6226210	2.18987e-05	1.98867e-05	4.90428e-07	5.01435e-07
1.175110	3.30428e-05	3.49723e-05	2.01442e-07	2.10578e-07
2.023880	6.60236e-06	6.48817e-06	1.7638e-07	1.88523e-07
3.484735	2.2338e-06	2.15216e-06	2.17961e-06	2.18929e-06
5.692625	1.24052e-07	1.15644e-07	4.24565e-05	4.42353e-05
8.048715	1.20067e-11	1.01971e-11	6.09072e-05	5.75374e-05
10.13010	0	0	7.55148e-06	7.26575e-06
12.15295	0	0	1.75385e-07	2.16848e-07
14.12090	0	0	1.56399e-08	1.46059e-08
15.99170	0	0	1.21482e-10	9.54476e-11
#18.04330	0	0	0	0
#20.51065	0	0	0	0
#23.56400	0	0	0	0
#27.44395	0	0	0	0
#33.17205	0	0	0	0
#41.40220	0	0	0	0
#49.97025	0	0	0	0
#58.63970	0	0	0	0
