# AFGL atmospheric constituent profile. U.S. standard atmosphere 1976. ( AFGL-TR-86-0110)       
# based on afglus.dat in libRadtran
# molecules:    O3  O2  H2O  CO2  CH4  N2O  CO
#     z(km)      p(mb)        T(K)	MU	ppmv
0.0       	1.013E+03	288.20	28.8	2.660E-02	2.090E+05	7.745E+03	3.300E+02	1.700E+00	3.200E-01	1.500E-01
1.0       	8.988E+02	281.70	28.8	2.931E-02	2.090E+05	6.071E+03	3.300E+02	1.700E+00	3.200E-01	1.450E-01
2.0       	7.950E+02	275.20	28.8	3.237E-02	2.090E+05	4.631E+03	3.300E+02	1.700E+00	3.200E-01	1.399E-01
3.0       	7.012E+02	268.70	28.8	3.318E-02	2.090E+05	3.182E+03	3.300E+02	1.700E+00	3.200E-01	1.349E-01
4.0	 	6.166E+02	262.20	28.8	3.387E-02	2.090E+05	2.158E+03	3.300E+02	1.700E+00	3.200E-01	1.312E-01
5.0       	5.405E+02	255.70	28.8	3.768E-02	2.090E+05	1.397E+03	3.300E+02	1.700E+00	3.200E-01	1.303E-01
6.0       	4.722E+02	249.20	28.8	4.112E-02	2.090E+05	9.254E+02	3.300E+02	1.700E+00	3.200E-01	1.288E-01
7.0       	4.111E+02	242.70	28.8	5.009E-02	2.090E+05	5.720E+02	3.300E+02	1.699E+00	3.200E-01	1.247E-01
8.0       	3.565E+02	236.20	28.8	5.966E-02	2.090E+05	3.667E+02	3.300E+02	1.697E+00	3.200E-01	1.185E-01
9.0		3.080E+02	229.70	28.8	9.168E-02	2.090E+05	1.583E+02	3.300E+02	1.693E+00	3.195E-01	1.094E-01
10.0      	2.650E+02	223.30	28.8	1.313E-01	2.090E+05	6.996E+01	3.300E+02	1.685E+00	3.179E-01	9.962E-02
11.0      	2.270E+02	216.80	28.8	2.149E-01	2.090E+05	3.613E+01	3.300E+02	1.675E+00	3.140E-01	8.964E-02
12.0      	1.940E+02	216.70	28.8	3.095E-01	2.090E+05	1.906E+01	3.300E+02	1.662E+00	3.095E-01	7.814E-02
13.0      	1.658E+02	216.70	28.8	3.846E-01	2.090E+05	1.085E+01	3.300E+02	1.645E+00	3.048E-01	6.374E-02
14.0	 	1.417E+02	216.70	28.8	5.030E-01	2.090E+05	5.927E+00	3.300E+02	1.626E+00	2.999E-01	5.025E-02
15.0      	1.211E+02	216.70	28.8	6.505E-01	2.090E+05	5.000E+00	3.300E+02	1.605E+00	2.944E-01	3.941E-02
16.0      	1.035E+02	216.70	28.8	8.701E-01	2.090E+05	3.950E+00	3.300E+02	1.582E+00	2.877E-01	3.069E-02
17.0      	8.850E+01	216.70	28.8	1.187E+00	2.090E+05	3.850E+00	3.300E+02	1.553E+00	2.783E-01	2.489E-02
18.0      	7.565E+01	216.70	28.8	1.587E+00	2.090E+05	3.825E+00	3.300E+02	1.521E+00	2.671E-01	1.966E-02
19.0     	6.467E+01	216.70	28.8	2.030E+00	2.090E+05	3.850E+00	3.300E+02	1.480E+00	2.527E-01	1.549E-02
20.0      	5.529E+01	216.70	28.8	2.579E+00	2.090E+05	3.900E+00	3.300E+02	1.424E+00	2.365E-01	1.331E-02
21.0      	4.729E+01	217.60	28.8	3.028E+00	2.090E+05	3.975E+00	3.300E+02	1.355E+00	2.194E-01	1.232E-02
22.0      	4.047E+01	218.60	28.8	3.647E+00	2.090E+05	4.065E+00	3.300E+02	1.272E+00	2.051E-01	1.232E-02
23.0      	3.467E+01	219.60	28.8	4.168E+00	2.090E+05	4.200E+00	3.300E+02	1.191E+00	1.967E-01	1.307E-02
24.0	 	2.972E+01	220.60	28.8	4.627E+00	2.090E+05	4.300E+00	3.300E+02	1.118E+00	1.875E-01	1.400E-02
25.0      	2.549E+01	221.60	28.8	5.118E+00	2.090E+05	4.425E+00	3.300E+02	1.055E+00	1.756E-01	1.498E-02
27.5      	1.743E+01	224.00	28.8	5.803E+00	2.090E+05	4.575E+00	3.300E+02	9.870E-01	1.588E-01	1.598E-02
30.0      	1.197E+01	226.50	28.8	6.553E+00	2.090E+05	4.725E+00	3.300E+02	9.136E-01	1.416E-01	1.710E-02
32.5      	8.010E+00	230.00	28.8	7.373E+00	2.090E+05	4.825E+00	3.300E+02	8.300E-01	1.165E-01	1.850E-02
35.0     	5.746E+00	236.50	28.8	7.837E+00	2.090E+05	4.900E+00	3.300E+02	7.460E-01	9.275E-02	2.009E-02
37.5      	4.150E+00	242.90	28.8	7.800E+00	2.090E+05	4.950E+00	3.300E+02	6.618E-01	6.693E-02	2.220E-02
40.0      	2.871E+00	250.40	28.8	7.300E+00	2.090E+05	5.025E+00	3.300E+02	5.638E-01	4.513E-02	2.497E-02
42.5      	2.060E+00	257.30	28.8	6.200E+00	2.090E+05	5.150E+00	3.300E+02	4.614E-01	2.751E-02	2.824E-02
45.0      	1.491E+00	264.20	28.8	5.250E+00	2.090E+05	5.225E+00	3.300E+02	3.631E-01	1.591E-02	3.241E-02
47.5	 	1.090E+00	270.60	28.8	4.100E+00	2.090E+05	5.250E+00	3.300E+02	2.773E-01	9.378E-03	3.717E-02
50.0      	7.978E-01	270.70	28.8	3.100E+00	2.090E+05	5.225E+00	3.300E+02	2.100E-01	4.752E-03	4.597E-02
55.0     	4.250E-01	260.80	28.8	1.800E+00	2.090E+05	5.100E+00	3.300E+02	1.650E-01	3.000E-03	6.639E-02
60.0      	2.190E-01	247.00	28.8	1.100E+00	2.090E+05	4.750E+00	3.300E+02	1.500E-01	2.065E-03	1.073E-01
65.0      	1.090E-01	233.30	28.8	7.000E-01	2.090E+05	4.200E+00	3.300E+02	1.500E-01	1.507E-03	1.862E-01
70.0    	5.220E-02	219.60	28.8	3.000E-01	2.090E+05	3.500E+00	3.300E+02	1.500E-01	1.149E-03	3.059E-01
75.0      	2.400E-02	208.40	28.8	2.500E-01	2.090E+05	2.825E+00	3.300E+02	1.500E-01	8.890E-04	6.375E-01
80.0      	1.050E-02	198.60	28.8	3.000E-01	2.090E+05	2.050E+00	3.280E+02	1.500E-01	7.056E-04	1.497E+00
85.0      	4.460E-03	188.90	28.8	5.000E-01	2.000E+05	1.330E+00	3.200E+02	1.500E-01	5.716E-04	3.239E+00
90.0      	1.840E-03	186.90	28.8	7.000E-01	1.900E+05	8.500E-01	3.100E+02	1.400E-01	4.708E-04	5.843E+00
95.0	 	7.600E-04	188.40	28.8	7.000E-01	1.800E+05	5.400E-01	2.700E+02	1.300E-01	3.932E-04	1.013E+01
100.0     	3.200E-04	195.10	28.8	4.000E-01	1.600E+05	4.000E-01	1.950E+02	1.200E-01	3.323E-04	1.692E+01
105.0     	1.450E-04	208.80	28.8	2.000E-01	1.400E+05	3.400E-01	1.100E+02	1.100E-01	2.837E-04	2.467E+01
110.0     	7.100E-05	240.00	28.8	5.000E-02	1.200E+05	2.800E-01	6.000E+01	9.500E-02	2.443E-04	3.356E+01
115.0     	4.010E-05	300.00	28.8	5.000E-03	9.400E+04	2.400E-01	4.000E+01	6.000E-02	2.120E-04	4.148E+01
120.0		2.540E-05	360.00	28.8	5.000E-04	7.250E+04	2.000E-01	3.500E+01	3.000E-02	1.851E-04	5.000E+01
									
									
