# z[km]	wtrcld[kg/kg]	icecld[kg/kg]
.07250445	3.01451e-08	3.76473e-08	4.05551e-07	1.13655e-06
.2579145	2.25114e-08	5.03504e-07	4.56155e-07	7.87965e-07
.5689700	1.20896e-06	5.24655e-07	1.14312e-06	2.40138e-07
1.087660	1.48863e-05	3.01205e-08	2.38058e-06	1.49505e-07
1.892045	1.64059e-05	1.33929e-06	3.4842e-06	3.47812e-07
3.288645	8.72112e-06	5.58961e-07	9.24131e-06	4.74958e-07
5.408620	3.63515e-06	1.51417e-07	8.1052e-06	4.6377e-07
7.687770	9.30902e-09	7.49092e-10	1.81431e-06	3.66754e-07
9.746295	0	0	7.53969e-07	1.21256e-07
11.81530	0	0	1.82988e-07	1.26741e-08
13.87170	0	0	1.59409e-08	1.81689e-09
15.81350	0	0	2.08396e-08	9.70422e-09
17.90825	0	0	2.51469e-08	4.97137e-09
#20.40420	0	0	0	0
#23.48745	0	0	0	0
#27.36635	0	0	0	0
#33.01685	0	0	0	0
#41.06730	0	0	0	0
#49.53200	0	0	0	0
#58.13480	0	0	0	0
