# molecules: H2O  CO2  CH4
# z[km]	p[mb]	T[K]	MU	H2O	CO2	CH4
.07250445	974	244.2125	28.8	56.39137205806066257952	330.0	1.7
.2579145	949	248.0010	28.8	79.85781254608051958198	330.0	1.7
.5689700	909	250.7780	28.8	102.27977623063161085651	330.0	1.7
1.087660	847	254.2160	28.8	137.77203512798195237187	330.0	1.7
1.892045	760	255.5295	28.8	154.00971482972351119148	330.0	1.7
3.288645	630	252.6910	28.8	120.85588276910062765769	330.0	1.7
5.408620	470	243.6850	28.8	53.67215175985885857673	330.0	1.7
7.687770	337.5	233.0825	28.8	18.82508202126993588995	330.0	1.7
9.746295	247.5	226.1045	28.8	8.88123557120473929209	330.0	1.7
11.81530	180	221.3570	28.8	5.16324159266246726144	330.0	1.7
13.87170	130	216.1105	28.8	2.74575034518223753238	330.0	1.7
15.81350	95	212.0465	28.8	1.64199027468355661270	330.0	1.7
17.90825	67.5	210.7220	28.8	1.38175884745430594640	330.0	1.7
20.40420	45	213.1490	28.8	1.89201004774162946896	330.0	1.7
23.48745	27.5	217.4320	28.8	3.22988120553949820828	330.0	1.7
27.36635	15	221.7285	28.8	5.39230739002320908886	330.0	1.7
33.01685	6.5	233.6035	28.8	19.87014760497639344419	330.0	1.7
41.06730	2	254.8065	28.8	144.87181865363218688704	330.0	1.7
49.53200	0.65	265.5900	28.8	346.97103713350656082035	330.0	1.7
58.13480	0.2	245.5135	28.8	63.63574788767592097043	330.0	1.7
70.0 5.220E-02 200.00 28.8 0.0 3.300E+02 1.500E-01
75.0 2.400E-02 200.00 28.8 0.0 3.300E+02 1.500E-01
80.0 1.050E-02 198.60 28.8 0.0 3.280E+02 1.500E-01
85.0 4.460E-03 188.90 28.8 0.0 3.200E+02 1.500E-01
90.0 1.840E-03 186.90 28.8 0.0 3.100E+02 1.400E-01
95.0 7.600E-04 188.40 28.8 0.0 2.700E+02 1.300E-01
100.0 3.200E-04 195.10 28.8 0.0 1.950E+02 1.200E-01
105.0 1.450E-04 208.80 28.8 0.0 1.100E+02 1.100E-01
110.0 7.100E-05 240.00 28.8 0.0 6.000E+01 9.500E-02
115.0 4.010E-05 300.00 28.8 0.0 4.000E+01 6.000E-02
120.0 2.540E-05 360.00 28.8 0.0 3.500E+01 3.000E-02
