# isothermal atmospheric profile
# molecules:  H2O 
# z(km)   p(mb)        T(K)	MU
1000.0 0.384669348703 300 2.0 9.28716389972e+12 
979.591836735 0.451626765484 300 2.0 1.09037327947e+13 
959.183673469 0.530239115723 300 2.0 1.28016895299e+13 
938.775510204 0.622535113793 300 2.0 1.50300138408e+13 
918.367346939 0.730896601954 300 2.0 1.76462111135e+13 
897.959183673 0.858120017509 300 2.0 2.07177964013e+13 
877.551020408 1.00748855923 300 2.0 2.43240367558e+13 
857.142857143 1.18285691543 300 2.0 2.8557996837e+13 
836.734693878 1.38875074021 300 2.0 3.3528940592e+13 
816.326530612 1.63048344502 300 2.0 3.93651509816e+13 
795.918367347 1.91429331953 300 2.0 4.62172405225e+13 
775.510204082 2.24750452045 300 2.0 5.42620380781e+13 
755.102040816 2.6387160828 300 2.0 6.37071522034e+13 
734.693877551 3.09802383144 300 2.0 7.47963288078e+13 
714.285714286 3.63728091959 300 2.0 8.78157413984e+13 
693.87755102 4.27040371793 300 2.0 1.03101376234e+14 
673.469387755 5.01373094827 300 2.0 1.21047702976e+14 
653.06122449 5.88644532977 300 2.0 1.4211785459e+14 
632.653061224 6.91106861893 300 2.0 1.6685557922e+14 
612.244897959 8.11404281868 300 2.0 1.95899272454e+14 
591.836734694 9.52641255551 300 2.0 2.29998452119e+14 
571.428571429 11.1846262345 300 2.0 2.70033100759e+14 
551.020408163 13.1314766474 300 2.0 3.17036374956e+14 
530.612244898 15.4172053071 300 2.0 3.72221267551e+14 
510.204081633 18.1007990086 300 2.0 4.37011910815e+14 
489.795918367 21.2515120752 300 2.0 5.13080328405e+14 
469.387755102 24.9506535745 300 2.0 6.02389584542e+14 
448.979591837 29.2936856252 300 2.0 7.07244443951e+14 
428.571428571 34.392686947 300 2.0 8.30350849906e+14 
408.163265306 40.379245226 300 2.0 9.74885755325e+14 
387.755102041 47.4078529407 300 2.0 1.14457910899e+15 
367.346938776 55.6598942816 300 2.0 1.34381011271e+15 
346.93877551 65.348326053 300 2.0 1.57772023342e+15 
326.530612245 76.7231733557 300 2.0 1.85234588683e+15 
306.12244898 90.077981875 300 2.0 2.17477421648e+15 
285.714285714 105.757393285 300 2.0 2.55332598857e+15 
265.306122449 124.166039266 300 2.0 2.99777032231e+15 
244.897959184 145.778983654 300 2.0 3.51957679731e+15 
224.489795918 171.153982207 300 2.0 4.13221144394e+15 
204.081632653 200.94587636 300 2.0 4.85148425529e+15 
183.673469388 235.923492433 300 2.0 5.6959571887e+15 
163.265306122 276.989482392 300 2.0 6.68742318603e+15 
142.857142857 325.203618192 300 2.0 7.85146857455e+15 
122.448979592 381.810140848 300 2.0 9.21813336203e+15 
102.040816327 448.269870011 300 2.0 1.0822686466e+16 
81.6326530612 526.297902705 300 2.0 1.27065358833e+16 
61.2244897959 617.907874078 300 2.0 1.49182972879e+16 
40.8163265306 725.463922401 300 2.0 1.75150486343e+16 
20.4081632653 851.741699344 300 2.0 2.05638031434e+16 
0.0 1000.0 300 2.0 2.41432386829e+16 
