# isothermal atmospheric profile
# molecules:  H2O 
# z(km)   p(mb)        T(K)	MU
2000.0 0.00754451581446 400 2.0 1366117.84542 
1959.18367347 0.0095977516602 400 2.0 1737906.06863 
1918.36734694 0.0122097745165 400 2.0 2210876.25312 
1877.55102041 0.0155326579622 400 2.0 2812565.0142 
1836.73469388 0.0197598623172 400 2.0 3578003.04199 
1795.91836735 0.0251374980216 400 2.0 4551754.6097 
1755.10204082 0.0319786543369 400 2.0 5790512.1331 
1714.28571429 0.0406816275956 400 2.0 7366396.83786 
1673.46938776 0.0517531102588 400 2.0 9371157.70169 
1632.65306122 0.0658376908633 400 2.0 11921513.1363 
1591.83673469 0.0837553823634 400 2.0 15165946.4053 
1551.02040816 0.106549363789 400 2.0 19293350.411 
1510.20408163 0.135546714773 400 2.0 24544025.1557 
1469.3877551 0.17243567894 400 2.0 31223668.1557 
1428.57142857 0.219363954497 400 2.0 39721172.3388 
1387.75510204 0.279063734537 400 2.0 50531267.63 
1346.93877551 0.35501077701 400 2.0 64283324.4325 
1306.12244898 0.451626765484 400 2.0 81777995.96 
1265.30612245 0.574536742292 400 2.0 104033832.759 
1224.48979592 0.730896601954 400 2.0 132346583.351 
1183.67346939 0.929809711763 400 2.0 168364633.506 
1142.85714286 1.18285691543 400 2.0 214184976.277 
1102.04081633 1.50477077695 400 2.0 272475300.233 
1061.2244898 1.91429331953 400 2.0 346629303.919 
1020.40816327 2.43526719772 400 2.0 440964279.083 
979.591836735 3.09802383144 400 2.0 560972466.058 
938.775510204 3.94114931996 400 2.0 713640815.374 
897.959183673 5.01373094827 400 2.0 907857772.318 
857.142857143 6.37821507913 400 2.0 1154930767.7 
816.326530612 8.11404281868 400 2.0 1469244543.41 
775.510204082 10.3222751266 400 2.0 1869098640.99 
734.693877551 13.1314766474 400 2.0 2377772812.17 
693.87755102 16.705200823 400 2.0 3024882380.37 
653.06122449 21.2515120752 400 2.0 3848102463.03 
612.244897959 27.0350994441 400 2.0 4895361440.21 
571.428571429 34.392686947 400 2.0 6227631374.3 
530.612244898 43.752637858 400 2.0 7922477841.08 
489.795918367 55.6598942816 400 2.0 10078575845.3 
448.979591837 70.8077040178 400 2.0 12821454740.2 
408.163265306 90.077981875 400 2.0 16310806623.6 
367.346938776 114.592655294 400 2.0 20749783710.5 
326.530612245 145.778983654 400 2.0 26396825979.8 
285.714285714 185.452654192 400 2.0 33580707709.0 
244.897959184 235.923492433 400 2.0 42719678915.2 
204.081632653 300.12994165 400 2.0 54345816128.6 
163.265306122 381.810140848 400 2.0 69136000215.2 
122.448979592 485.719561509 400 2.0 87951324798.4 
81.6326530612 617.907874078 400 2.0 111887229659.0 
40.8163265306 786.071163495 400 2.0 142337277915.0 
0.0 1000.0 400 2.0 181074290122.0 
