# molecules: H2O	CO2
1e-20	   300	1e-5		1e-3
1e-19	   290	1e-5		1e-3
1e-18	   280	1e-5		1e-3
1e-17	   270	1e-5		1e-3
1e-16	   260	1e-5		1e-3
1e-15	   250	1e-5		1e-3
1e-14	   240	1e-5		1e-3
1e-13	   230	1e-5		1e-3
1e-12	   220	1e-5		1e-3
1e-11	   200	1e-5		1e-3
1e-10	   180	1e-5		1e-3
1e-09	   150	1e-5		1e-3
1e-08	   150	1e-5		1e-3
1e-07	   160	1e-5		1e-3
1e-06	   170	1e-5		1e-3
1e-05	   180	1e-5		1e-3
1e-04	   190	1e-5		1e-3
1e-03	   200	1e-5		1e-3
1e-02	   210	1e-5		1e-3
1e-01	   220	1e-5		1e-3
1e-00	   230	1e-5		1e-3
1e+01	   250	1e-5		1e-3
1e+02	   270	1e-5		1e-3
1e+03	   300	1e-5		1e-3
1e+04	   330	1e-5		1e-3
1e+05	   360	1e-5		1e-3
1e+06	   390	1e-5		1e-3
1e+07	   420	1e-5		1e-3
1e+08	   460	1e-5		1e-3
1e+09	   500	1e-5		1e-3
1e+10	   540	1e-5		1e-3
