# molecules: H2O  CO2  CH4
#     z(km)      p(mb)        T(K)	MU    h2o    co2     ch4
0.0717 964.0 251.9630435 28.8 700.442559516 330.0 1.7 
0.257 934.0 255.7891304 28.8 1005.35582749 330.0 1.7 
0.574 884.0 261.3565217 28.8 1296.09140123 330.0 1.7 
1.12 810.0 268.123913 28.8 965.003959533 330.0 1.7 
1.99 710.0 272.0717391 28.8 755.974739984 330.0 1.7 
3.51 550.0 271.323913 28.8 758.256450346 330.0 1.7 
5.83 390.0 262.5673913 28.8 602.029834774 330.0 1.7 
8.31 285.0 247.5130435 28.8 329.711185391 330.0 1.7 
10.5 210.0 232.8043478 28.8 91.6691009529 330.0 1.7 
12.6 150.0 220.0108696 28.8 18.1819215539 330.0 1.7 
14.6 110.0 208.7782609 28.8 14.128950143 330.0 1.7 
16.5 80.0 204.726087 28.8 14.2725221558 330.0 1.7 
18.6 55.0 205.8456522 28.8 14.2456031155 330.0 1.7 
21.0 35.0 208.8673913 28.8 16.1291856899 330.0 1.7 
24.1 20.0 214.5804348 28.8 17.0153418979 330.0 1.7 
28.0 10.0 223.323913 28.8 15.8552977526 330.0 1.7 
33.9 3.0 239.0369565 28.8 0.0 330.0 1.7 
42.2 1.0 259.8282609 28.8 0.0 330.0 1.7 
50.8 0.3 266.4695652 28.8 0.0 330.0 1.7 
59.6 0.1 249.6586957 28.8 0.0 330.0 1.7 
70.0 5.220E-02 219.60 28.8 0.0 3.300E+02 1.500E-01
75.0 2.400E-02 208.40 28.8 0.0 3.300E+02 1.500E-01
80.0 1.050E-02 198.60 28.8 0.0 3.280E+02 1.500E-01
85.0 4.460E-03 188.90 28.8 0.0 3.200E+02 1.500E-01
90.0 1.840E-03 186.90 28.8 0.0 3.100E+02 1.400E-01
95.0 7.600E-04 188.40 28.8 0.0 2.700E+02 1.300E-01
100.0 3.200E-04 195.10 28.8 0.0 1.950E+02 1.200E-01
105.0 1.450E-04 208.80 28.8 0.0 1.100E+02 1.100E-01
110.0 7.100E-05 240.00 28.8 0.0 6.000E+01 9.500E-02
115.0 4.010E-05 300.00 28.8 0.0 4.000E+01 6.000E-02
120.0 2.540E-05 360.00 28.8 0.0 3.500E+01 3.000E-02
