# z[km]	wtrcld[kg/kg]	icecld[kg/kg]
.07013180	0	0	1.63829e-07	1.18638e-07
.2521750	0	0	2.20282e-07	5.56084e-07
.5647265	2.26731e-08	1.71487e-08	5.06284e-07	3.87233e-07
1.099875	3.00261e-07	3.57336e-08	2.83623e-08	6.00432e-08
1.947105	1.7704e-06	5.81595e-07	5.36564e-09	1.55818e-08
3.42915	8.59503e-07	1.97933e-07	1.07404e-08	2.74328e-09
5.700625	6.39282e-07	5.03744e-07	4.12341e-08	3.60264e-08
8.138675	2.81042e-10	3.3882e-10	3.79493e-08	2.58721e-08
10.29700	0	0	3.97518e-09	3.59245e-09
12.39165	0	0	7.4444e-10	2.23192e-10
14.38415	0	0	2.21455e-08	1.8849e-09
16.19360	0	0	2.11533e-07	4.01585e-08
18.12380	0	0	8.0457e-09	9.86021e-09
20.41380	0	0	3.3521e-09	5.81494e-10
23.22330	0	0	1.21445e-13	0
#26.78955	0	0	0	0
#32.09540	0	0	0	0
#39.51040	0	0	0	0
#46.51860	0	0	0	0
#53.38555	0	0	0	0
