# AFGL atmospheric constituent profile. U.S. standard atmosphere 1976. ( AFGL-TR-86-0110)       
# molecules: O2 H2O
    120.000     0.00003     360.000 28.8	3.707650E+10 1.022800E+05
    115.000     0.00004     300.000 28.8	9.106720E+10 2.325120E+05
    110.000     0.00007     240.000 28.8	2.572800E+11 6.003200E+05
    105.000     0.00014     208.800 28.8	7.046200E+11 1.711220E+06
    100.000     0.00032     195.100 28.8	1.902400E+12 4.756001E+06
     95.000     0.00076     188.400 28.8	5.263200E+12 1.578960E+07
     90.000     0.00184     186.900 28.8	1.355840E+13 6.065600E+07
     85.000     0.00446     188.900 28.8	3.422000E+13 2.275630E+08
     80.000     0.01050     198.600 28.8	8.008879E+13 7.855600E+08
     75.000     0.02400     208.400 28.8	1.744523E+14 2.358028E+09
     70.000     0.05220     219.600 28.8	3.601070E+14 6.030500E+09
     65.000     0.10900     233.300 28.8	7.076740E+14 1.422120E+10
     60.000     0.21900     247.000 28.8	1.343034E+15 3.052350E+10
     55.000     0.42500     260.800 28.8	2.468290E+15 6.023100E+10
     50.000     0.79780     270.700 28.8	4.464240E+15 1.116060E+11
     47.500     1.09000     270.600 28.8	6.102800E+15 1.533000E+11
     45.000     1.49100     264.200 28.8	8.548099E+15 2.137025E+11
     42.500     2.06000     257.300 28.8	1.212827E+16 2.988545E+11
     40.000     2.87100     250.400 28.8	1.736790E+16 4.175775E+11
     37.500     4.04116     243.435 28.8	2.587420E+16 6.128100E+11
     35.000     5.74600     236.500 28.8	3.680490E+16 8.628900E+11
     32.500     8.25725     229.588 28.8	5.275160E+16 1.217830E+12
     30.000    11.97000     226.500 28.8	8.004700E+16 1.809675E+12
     27.500    17.43000     224.000 28.8	1.178760E+17 2.580300E+12
     25.000    25.49000     221.600 28.8	1.742433E+17 3.689123E+12
     24.000    29.72000     220.600 28.8	2.040885E+17 4.198950E+12
     23.000    34.67000     219.600 28.8	2.390960E+17 4.804800E+12
     22.000    40.47000     218.600 28.8	2.804780E+17 5.455230E+12
     21.000    47.29000     217.600 28.8	3.291750E+17 6.260625E+12
     20.000    55.29000     216.700 28.8	3.864410E+17 7.211100E+12
     19.000    64.67000     216.700 28.8	4.520670E+17 8.327550E+12
     18.000    75.65000     216.700 28.8	5.287700E+17 9.677249E+12
     17.000    88.50000     216.700 28.8	6.186399E+17 1.139600E+13
     16.000   103.50000     216.700 28.8	7.235580E+17 1.367490E+13
     15.000   121.10000     216.700 28.8	8.464500E+17 2.025000E+13
     14.000   141.70000     216.700 28.8	9.904510E+17 2.808805E+13
     13.000   165.80000     216.700 28.8	1.159114E+18 6.017410E+13
     12.000   194.00000     216.700 28.8	1.356201E+18 1.236803E+14
     11.000   227.00000     216.800 28.8	1.586101E+18 2.741906E+14
     10.000   265.00000     223.300 28.8	1.797818E+18 6.017959E+14
      9.000   308.00000     229.700 28.8	2.031271E+18 1.538518E+15
      8.000   356.50000     236.200 28.8	2.286460E+18 4.011698E+15
      7.000   411.10001     242.700 28.8	2.566520E+18 7.024160E+15
      6.000   472.20001     249.200 28.8	2.869570E+18 1.270574E+16
      5.000   540.50000     255.700 28.8	3.201880E+18 2.140204E+16
      4.000   616.59998     262.200 28.8	3.561360E+18 3.677232E+16
      3.000   701.20001     268.700 28.8	3.952190E+18 6.017162E+16
      2.000   795.00000     275.200 28.8	4.376460E+18 9.697315E+16
      1.000   898.79999     281.700 28.8	4.834170E+18 1.404222E+17
      0.000  1013.00000     288.200 28.8	5.325320E+18 1.973426E+17
