



1.117431E+02
2.047718E+02
5.161854E+02
1.378010E+03
3.948376E+03
1.149057E+04
3.357689E+04
9.776662E+04
2.702490E+05
7.416701E+05
1.978580E+06
5.100591E+06
1.326364E+07
3.541588E+07
1.014560E+08
2.736556E+08
6.504448E+08
1.595561E+09
3.748519E+09
8.048952E+09
1.632465E+10
3.035342E+10
5.421066E+10
8.951490E+10
1.463255E+11
1.829953E+11
2.249683E+11
2.750706E+11
3.454161E+11
4.371337E+11
5.463169E+11
6.754907E+11
8.233662E+11
9.954439E+11
1.191842E+12
1.420636E+12
1.689414E+12
2.007238E+12
2.381725E+12
2.733022E+12
3.103531E+12
3.498848E+12
3.926659E+12
4.392618E+12
4.900162E+12
5.451503E+12
6.049503E+12
6.696751E+12
7.396422E+12
8.148186E+12
