# AFGL atmospheric constituent profile. midlatitude summer. ( AFGL-TR-86-0110)
#     
# molecules: O2 H2O CO2 CH4
7.2556e+04	2.0015e-01	3.5027e+01	3.000E-02
9.4068e+04	2.4017e-01	4.0029e+01	6.000E-02
1.2011e+05	2.8025e-01	6.0053e+01	9.500E-02
1.4008e+05	3.4020e-01	1.1006e+02	1.100E-01
1.6011e+05	4.0027e-01	1.9513e+02	1.200E-01
1.8015e+05	5.4045e-01	2.7023e+02	1.300E-01
1.9013e+05	8.5059e-01	3.1022e+02	1.400E-01
2.0017e+05	1.3311e+00	3.2027e+02	1.500E-01
2.0916e+05	2.1016e+00	3.2825e+02	1.500E-01
2.0918e+05	2.9526e+00	3.3029e+02	1.500E-01
2.0919e+05	3.7033e+00	3.3030e+02	1.500E-01
