1.811673e+04
5.797353e+04
2.007937e+05
5.344781e+05
1.426309e+06
3.800282e+06
9.987948e+06
2.566456e+07
5.746998e+07
1.251828e+08
2.583861e+08
5.078585e+08
9.637805e+08
1.949702e+09
4.485024e+09
8.094468e+09
1.484946e+10
2.676978e+10
4.684505e+10
7.961401e+10
1.313448e+11
2.163237e+11
3.498821e+11
5.565526e+11
8.794118e+11
1.091503e+12
1.362614e+12
1.706514e+12
2.133976e+12
2.632918e+12
3.200703e+12
3.847857e+12
4.596164e+12
5.475549e+12
6.499800e+12
7.704975e+12
9.120765e+12
1.078235e+13
1.270928e+13
1.449095e+13
1.645078e+13
1.856099e+13
2.085503e+13
2.334353e+13
2.604076e+13
2.897073e+13
3.214866e+13
3.558831e+13
3.930654e+13
4.330162e+13
