9.950694755714925677e+00 8.467909142862163563e+00
9.849157054125997846e+00 8.427741164728619339e+00
9.753954305799647173e+00 8.420149133109831041e+00
9.656372335798174333e+00 8.469462629467548354e+00
9.560723514211886709e+00 9.379374933107875734e+00
9.466950959488274364e+00 9.358896499954461490e+00
9.371042634022796136e+00 9.839040016049942494e+00
9.280936454849497252e+00 1.024291753154256135e+01
9.192546583850932151e+00 1.209207386666754935e+01
9.098360655737705471e+00 8.371466675459881657e+00
9.006085192697769415e+00 8.461321652968527118e+00
8.919244676576939312e+00 8.419668453419507870e+00
8.830548926014319733e+00 8.622764102544969944e+00
8.743599842457660642e+00 8.430332507430017941e+00
8.658346333853353727e+00 8.663706813722116706e+00
8.571428571428571175e+00 9.049379281540741005e+00
8.486238532110091271e+00 8.966359678976813186e+00
8.402725208175624516e+00 9.969159495998162868e+00
8.317721993255901225e+00 1.027822524995829490e+01
8.234421364985163194e+00 1.193645935579621309e+01
8.155767817781043760e+00 1.328017767357487067e+01
8.075663877773736843e+00 1.798398395119079751e+01
7.994238386748290459e+00 2.048817480147294035e+01
7.914438502673798226e+00 1.606609494649785219e+01
7.836216025414755038e+00 1.521873304584418030e+01
7.759524641733659855e+00 1.553907382873518195e+01
7.681660899653979691e+00 2.431556502461807057e+01
7.605344295991778303e+00 1.320500483273983150e+01
7.530529172320216347e+00 1.743252378673601299e+01
7.454667562122230251e+00 1.829995974296276273e+01
7.380319148936170137e+00 1.807651704170799434e+01
7.307439104674128494e+00 1.503924780416433116e+01
7.235984354628421933e+00 1.371062995660639316e+01
7.165913492575855415e+00 1.397447601611749590e+01
7.094918504314478014e+00 1.619284732620932132e+01
7.023093957608351978e+00 1.475511585436292172e+01
6.952709051049169808e+00 1.732347990745015309e+01
6.883720930232557933e+00 1.674617513053432205e+01
6.816088424930917711e+00 1.661534935955517156e+01
6.749771967163271214e+00 1.428177473587006574e+01
6.682721252257677769e+00 1.667241940437485326e+01
6.616989567809238970e+00 1.960144291902512492e+01
6.552538370720188965e+00 1.761633864712203490e+01
6.487434248977206330e+00 2.053161746961474421e+01
6.423611111111111605e+00 1.873599216401044032e+01
6.359209395588655944e+00 1.839379162078473229e+01
6.296086216676120451e+00 1.220301081182494229e+01
6.234203875315921906e+00 1.352385023325906666e+01
6.171809841534613206e+00 1.731034757546119707e+01
6.110652353426919703e+00 1.631236897267646313e+01
6.050695012264923456e+00 1.994650552956567680e+01
5.990286022665946675e+00 1.708749045849116399e+01
5.931071333155222725e+00 1.795865791863090877e+01
5.873015873015872579e+00 1.909106478421933417e+01
5.814562598218961931e+00 1.648606142491046000e+01
5.757261410788380829e+00 1.750292282872689498e+01
5.699614890885751350e+00 1.691277624173951466e+01
5.643111337061515798e+00 1.498697699169077246e+01
5.587717090359928918e+00 1.537132915776759390e+01
5.532020931971094235e+00 1.264743628788018448e+01
5.477424130273871761e+00 1.345463500217437947e+01
5.422569614069369770e+00 1.284349522420815148e+01
5.368802902055621828e+00 1.321113545381587961e+01
5.316091954022987842e+00 1.149037339379418299e+01
5.263157894736842479e+00 1.328120325041753702e+01
5.211267605633802980e+00 1.667922623631353218e+01
5.160390516039051079e+00 1.423333487005449705e+01
5.109321058688147232e+00 1.305753214022381670e+01
5.058099794941900207e+00 1.158941655827500483e+01
5.007895330475975904e+00 1.196042014260850195e+01
4.958677685950413583e+00 1.306206679136102622e+01
4.909332153914196972e+00 1.426093704681271745e+01
4.859894921190893058e+00 1.659667430207771233e+01
4.812486451333188420e+00 1.806896476359221282e+01
4.764971023824855045e+00 1.545826654013971613e+01
4.717382065448363804e+00 1.414267620903492073e+01
4.670734273090679345e+00 1.467823762785201502e+01
4.624036659029369112e+00 1.524469589105556189e+01
4.578263559496804191e+00 1.632215090313469830e+01
4.533387788441903155e+00 1.766919403037940484e+01
4.488475535786492721e+00 2.235350447269678043e+01
4.443554843875100246e+00 2.686946911034507934e+01
4.399524375743162352e+00 3.547211663571133755e+01
4.356357927786498330e+00 3.942158523773569812e+01
4.313192150767437560e+00 5.246057000549535587e+01
4.270873412851096340e+00 5.677373186635579572e+01
4.228571428571429536e+00 5.250625768237976843e+01
4.186309636055063343e+00 3.150933808130804792e+01
4.144884241971619865e+00 2.342831311146166939e+01
4.104270660011092531e+00 2.137712409387020074e+01
4.063701263042284850e+00 1.953602776206826164e+01
4.023196810438564697e+00 1.783403521590462404e+01
3.983491835636101541e+00 1.634815789136865050e+01
3.943862142476461496e+00 1.522216789157343797e+01
3.905013192612137196e+00 1.435687947538073850e+01
3.866248693834901662e+00 1.413780590820690719e+01
3.827586206896552046e+00 1.330164543527167709e+01
3.789689313758962008e+00 1.305648207494789226e+01
3.752535496957402739e+00 1.179005901943864743e+01
3.715481171548116635e+00 1.184775106556089774e+01
3.678541839270919045e+00 1.141886919050642035e+01
3.642329778506972371e+00 1.173213439000126002e+01
3.606237816764131576e+00 1.115953756059427882e+01
3.570279832743647574e+00 1.235127709718969768e+01
3.535031847133757843e+00 1.300777682480562270e+01
3.499921172946555803e+00 1.248501284478671991e+01
3.465501092725570054e+00 1.482278832577524597e+01
3.431221020092735330e+00 1.391944487326654389e+01
3.397092578423871689e+00 1.499566739881053934e+01
3.363636363636363313e+00 1.429313156146461417e+01
3.330333033303329859e+00 1.908071686029748548e+01
3.297192930343086026e+00 1.461731347319062913e+01
3.264705882352941568e+00 1.507200158436724635e+01
3.232382061735585399e+00 1.646881828181767204e+01
3.200230647253856198e+00 1.512479572731526467e+01
3.168712532115329772e+00 1.108057112291026058e+01
3.137365743357828585e+00 1.104183112113969756e+01
3.106198404925143208e+00 1.126124109977821952e+01
3.075218174262362769e+00 1.049299704079999174e+01
3.044849814840214108e+00 1.065360182246715226e+01
3.014665942422596334e+00 1.091420565910764751e+01
2.984673299273997937e+00 1.064388727119954936e+01
2.955271565495207753e+00 1.049345816339499393e+01
2.926057730328192719e+00 1.038903123528185724e+01
2.897037713689155858e+00 1.157465511822716131e+01
2.868587672825946733e+00 1.466667831071687544e+01
2.840327533265097237e+00 2.156191659629009294e+01
2.812262477831264373e+00 3.043694642218945035e+01
2.784397341025962813e+00 3.220659362660569514e+01
2.756736619893206619e+00 3.248979284842008042e+01
2.729284484878288453e+00 2.515698697095283620e+01
2.702044790652384787e+00 3.866285605766839950e+01
2.675343456254519303e+00 3.504551266091667117e+01
2.648848586087578560e+00 1.663534119645209586e+01
2.622563496751328493e+00 1.980323812581647047e+01
2.596794946777400970e+00 1.953042152428510647e+01
2.571230020847811382e+00 1.847155923234083374e+01
2.545579635362916981e+00 1.259111907448251344e+01
2.520435967302451896e+00 1.311256250539865675e+01
2.495503597122301631e+00 1.154617924227537173e+01
2.470784641068447307e+00 9.851437137904492047e+00
2.446550584086399915e+00 9.877507126181203745e+00
2.422258592471358440e+00 9.415115522104086310e+00
2.398185157178351457e+00 1.088313072565003559e+01
2.374331550802139201e+00 1.226296872171169028e+01
2.350698856416772120e+00 1.177214244638920349e+01
2.327531977353743287e+00 1.202399335587461060e+01
2.304578013080037291e+00 1.240971411079165598e+01
2.281837804502004019e+00 1.117625568623522803e+01
2.259312029309993974e+00 9.775002540913989790e+00
2.236775818639798352e+00 9.287824565551161982e+00
2.214684756584198499e+00 6.889859721589527197e+00
2.192809166337415849e+00 8.590624038963388998e+00
2.170936827694113447e+00 6.818872762432195422e+00
2.149496514329976904e+00 6.434633948285137350e+00
2.128271498418176755e+00 5.812949015113161089e+00
2.107261509254865217e+00 6.490991624868742704e+00
2.086466165413534135e+00 1.011682039777697639e+01
2.065692751465524779e+00 1.792980671873439391e+01
2.045140488254260980e+00 1.262350665296921370e+01
2.024993158806895899e+00 1.427912647402173896e+01
2.005057803468207833e+00 2.071757893973918385e+01
1.985156040418492474e+00 8.783776002120973203e+00
1.965471447543160499e+00 1.722788012117647938e+01
1.946002805049088291e+00 1.421338559377896260e+01
1.926748828328415097e+00 1.153238584497485064e+01
1.907708172209332087e+00 1.288235248593161586e+01
1.888718734047984071e+00 1.181832866535352622e+01
1.869946091644204778e+00 1.397884317209767069e+01
1.851542952460383473e+00 1.421379526336526311e+01
1.833195706028076355e+00 1.358783056905491371e+01
1.814911706998037833e+00 1.135833310499277360e+01
1.796988829528897158e+00 9.854102245780213210e+00
1.779273863909593745e+00 9.247143743899870927e+00
1.761625138866846241e+00 7.369637257507267059e+00
1.744186046511627897e+00 7.231201777631933503e+00
1.726954492415402775e+00 6.797188560013567304e+00
1.709796672828096220e+00 6.836524466128660826e+00
1.692847338721976236e+00 5.650734387076287391e+00
1.676104190260475413e+00 5.000320578423594675e+00
1.659564924871047342e+00 5.517378378177069997e+00
1.643105617644881944e+00 6.556436488352717085e+00
1.626731149703231516e+00 4.613592614608969633e+00
1.610679822970325858e+00 6.713676268476630682e+00
1.594827586206896353e+00 4.748668546091765919e+00
1.579059677075183021e+00 7.805068069424716093e+00
1.563380281690141205e+00 4.655576845276844900e+00
1.547901269000139690e+00 4.340663136642062270e+00
1.532619951674145664e+00 5.615151581697679362e+00
1.517429938482570462e+00 6.250983208635767951e+00
1.502334709345604757e+00 7.518453416768730690e+00
1.487437185929648242e+00 9.546168636945198571e+00
1.472734509751890686e+00 1.036358638956553513e+01
1.458128078817733986e+00 9.957319544390614396e+00
1.443714638746179224e+00 1.239268819742389205e+01
1.429491307147456425e+00 1.368266034430899936e+01
1.415364998406120511e+00 1.205646983791379689e+01
1.401338214871859611e+00 1.351439441646918560e+01
1.387413286669582968e+00 1.389648444880087652e+01
1.373677371449786300e+00 1.445753610580493032e+01
1.360127435363313264e+00 1.450024352534166638e+01
1.346597112701686028e+00 1.070759382739167798e+01
1.333253258062578883e+00 9.590492752054625925e+00
1.320092763275257042e+00 8.452329205828720049e+00
1.306958671847403775e+00 6.884416082795659975e+00
1.294007927255770296e+00 5.548603508682306895e+00
1.281237375194782535e+00 5.514741474950161759e+00
1.268571428571428461e+00 9.588985361090157866e+00
1.256011315417255858e+00 5.159256394415539404e+00
1.243558144745686711e+00 3.605081899845584470e+00
1.231212911097554263e+00 4.736445534967238302e+00
1.219043435286365273e+00 6.781050759010779139e+00
1.206980916653074276e+00 7.633455106929049272e+00
1.195026107552349615e+00 7.030492508118154404e+00
1.183242724656220046e+00 7.797482894522298480e+00
1.171503957783641026e+00 7.580741397164898920e+00
1.159874608150470499e+00 9.263682028883017949e+00
1.148414463814598330e+00 1.070640276429772086e+01
1.137062077443146579e+00 1.113463800042254093e+01
1.125817739236269377e+00 1.100182509907246420e+01
1.114681662984535082e+00 9.648018205097878663e+00
1.103599125074567588e+00 8.217596757568072618e+00
1.092627227089280506e+00 6.198996024496517876e+00
1.081818624823351671e+00 5.292686590444036554e+00
1.071118402007140702e+00 4.640332098117119664e+00
1.060526441503845563e+00 4.199363566415103222e+00
1.050042569293349715e+00 4.135849528008880505e+00
1.039666557392403767e+00 4.217884290661056745e+00
1.029350396439004056e+00 4.507421690845443862e+00
1.019143368681999506e+00 4.806770273189909126e+00
1.009045043407118092e+00 5.021247978264927525e+00
1.001985918035746659e+00 5.228612047170082988e+00
