9.990999099909990022e+00 2.841938731373588212e+01
9.968567579703636383e+00 2.950405918366730518e+01
9.950694755714925677e+00 2.543632230136633154e+01
9.932885906040267443e+00 3.457721637968719364e+01
9.910714285714286476e+00 2.820990219317038949e+01
9.888641425389755213e+00 3.116387084235012850e+01
9.871053801689640750e+00 3.660997597164988804e+01
9.853528628495338282e+00 3.604878186153650432e+01
9.831709477413642873e+00 3.380650171810587068e+01
9.809986743261157827e+00 3.855956544583916923e+01
9.792677547419497586e+00 3.503688915793419056e+01
9.775429326287978782e+00 4.761609328339159930e+01
9.753954305799647173e+00 3.599881342808644291e+01
9.732573432704954897e+00 3.972414907286703567e+01
9.715536105032821723e+00 4.144813305729925901e+01
9.694323144104803447e+00 4.706066113140941098e+01
9.673202614379086128e+00 3.690973745494127911e+01
9.656372335798172557e+00 3.321036257223070010e+01
9.639600521059486837e+00 4.347735952797830805e+01
9.618717504332755297e+00 4.222623226127743834e+01
9.597924773022048939e+00 4.000717339076936696e+01
9.581355200690548912e+00 2.637580337637603378e+01
9.560723514211884932e+00 3.074441091165463646e+01
9.540180489901159078e+00 4.451869979124487031e+01
9.523809523809523725e+00 3.138080813063860219e+01
9.503424657534246478e+00 3.928170300935943970e+01
9.483126868859462988e+00 3.940777868498385317e+01
9.466950959488272588e+00 3.872083712222874397e+01
9.446808510638296852e+00 4.006998546236872727e+01
9.426751592356687581e+00 4.263576765507519895e+01
9.410767274268758698e+00 3.035053244839966524e+01
9.390862944162437387e+00 3.487586483247479663e+01
9.371042634022792583e+00 3.082990164834261293e+01
9.351305812973883747e+00 2.537498728666981762e+01
9.331651954602774524e+00 1.331274227564573387e+01
9.315988250104910051e+00 2.204596734583556739e+01
9.296482412060301570e+00 2.626555840693871247e+01
9.277058086084410959e+00 1.141074343569576754e+01
9.261576971214017462e+00 1.294464317356526983e+01
9.242298084929226221e+00 1.728317831304947561e+01
9.223099293726630066e+00 3.071818346192181082e+01
9.203980099502487633e+00 1.390293665819009306e+01
9.184940008274720569e+00 3.173691844435393961e+01
9.165978530140380443e+00 2.073301554833809845e+01
9.147095179233620144e+00 3.126240876000225910e+01
9.132044426162073236e+00 1.495785479180335997e+01
9.113300492610838077e+00 1.090799717586278916e+01
9.094633346988938882e+00 1.254423235599577424e+01
9.076042518397384740e+00 1.711623832175255089e+01
9.057527539779680836e+00 1.183568303808689137e+01
9.039087947882736174e+00 1.130594089541793146e+01
9.020723283218202937e+00 9.767889616476892911e+00
9.006085192697769415e+00 1.715340244147539295e+01
8.987854251012146634e+00 1.059254951945702317e+01
8.969696969696970612e+00 1.197201922353148618e+01
8.951612903225806051e+00 1.858462505701184497e+01
8.933601609657946696e+00 1.257772793681263934e+01
8.915662650602408590e+00 1.735663188196738815e+01
8.897795591182363850e+00 2.372247848532676784e+01
8.880000000000000782e+00 3.263583098581116104e+01
8.862275449101796099e+00 2.327541596577286853e+01
8.844621513944222357e+00 1.434597795769890105e+01
8.827037773359842632e+00 1.314823840359270690e+01
8.809523809523808424e+00 1.359428950464487151e+01
8.792079207920791006e+00 1.321523799213230710e+01
8.774703557312252045e+00 1.539055863207697961e+01
8.757396449704142327e+00 1.644476641600191869e+01
8.740157480314961091e+00 2.650185683836261674e+01
8.719560094265514039e+00 1.084596496750195804e+01
8.702469619756959318e+00 1.151652489689409897e+01
8.685446009389670152e+00 1.188043850345651542e+01
8.668488871534556495e+00 1.497737133150279831e+01
8.651597817614964825e+00 1.408531958430170938e+01
8.634772462077012989e+00 2.215634012036741041e+01
8.618012422360248337e+00 1.194691754639863923e+01
8.597986057319907616e+00 9.451748201875290079e+00
8.581368380363356252e+00 1.217612238505125077e+01
8.564814814814813104e+00 9.941986678107580744e+00
8.548324990373508570e+00 1.249370931001901752e+01
8.531898539584933161e+00 9.549899258900881094e+00
8.515535097813579313e+00 9.578642797290086719e+00
8.499234303215926545e+00 1.781242783502102256e+01
8.479755538579066609e+00 1.385078996718208089e+01
8.463591307662980512e+00 1.000827355248570427e+01
8.447488584474884377e+00 8.592741186540129306e+00
8.428246013667425984e+00 1.440346929089029793e+01
8.412277377794620037e+00 1.201713521226465886e+01
8.396369137670196992e+00 9.004715627497832386e+00
8.377358490566036764e+00 9.999409175255697946e+00
8.361581920903955023e+00 9.237266298123598673e+00
8.345864661654134764e+00 1.343463954340298905e+01
8.330206378986867222e+00 9.466934658315778961e+00
8.314606741573033588e+00 8.681835553001564065e+00
8.295964125560535862e+00 8.498009399967591193e+00
8.277404921700224349e+00 8.284150952116648980e+00
8.262002232973577165e+00 1.303394778180480174e+01
8.246656760772660633e+00 1.426628830950776639e+01
8.228317272053372378e+00 8.873280951525371663e+00
8.213096559378469053e+00 1.225658067782759630e+01
8.197932053175774669e+00 9.410332522236904751e+00
8.179808400884303055e+00 9.238513169182539286e+00
8.164766458256710990e+00 1.613308545837581320e+01
8.149779735682820103e+00 9.104021620602608778e+00
8.131868131868131400e+00 1.950763462365349454e+01
8.114035087719297934e+00 8.802523993697166205e+00
8.099233856256839559e+00 8.769513385799527327e+00
8.084486525855790973e+00 2.236102150519212728e+01
8.066860465116279855e+00 2.226005862252235445e+01
8.049311094996374649e+00 2.071626750151078156e+01
8.034744842562432154e+00 1.163227607653439222e+01
8.020231213872833109e+00 1.288084744289874983e+01
8.002883922134103045e+00 3.572120069392165220e+01
7.985611510791366996e+00 1.015072261111776086e+01
7.971274685816876371e+00 3.457195972310424281e+01
7.956989247311827107e+00 1.055358539611180646e+01
7.939914163090129762e+00 1.655980818059206072e+01
7.922912205567451238e+00 1.436330001971403725e+01
7.905982905982906317e+00 1.283121281657894563e+01
7.891930323498043798e+00 1.487376758301377500e+01
7.877927608232789147e+00 2.005280895205259739e+01
7.861189801699715929e+00 1.368687975736498963e+01
7.844522968197880530e+00 1.820388285982052423e+01
7.827926657263751586e+00 1.655545248122096069e+01
7.811400422237859686e+00 1.117952438895305001e+01
7.797681770284509817e+00 2.216763092363357757e+01
7.784011220196353165e+00 1.158206807759245294e+01
7.767669699090272495e+00 1.424579265097538894e+01
7.751396648044692306e+00 1.561608361814300316e+01
7.735191637630661532e+00 1.344530635862549239e+01
7.719054242002781230e+00 1.402023478970805748e+01
7.702984038861901084e+00 1.682550034979025710e+01
7.689643228264634089e+00 1.734925273433923820e+01
7.676348547717842585e+00 2.722713037178635886e+01
7.660455486542442571e+00 4.484277387819369665e+01
7.644628099173553792e+00 1.257045272621393117e+01
7.628865979381442841e+00 1.155293586748003953e+01
7.613168724279835153e+00 1.045603824729681186e+01
7.597535934291580695e+00 1.440265114038944283e+01
7.581967213114753967e+00 1.532446015362064351e+01
7.566462167689161689e+00 1.556010287458578922e+01
7.551020408163265252e+00 1.449196686167955228e+01
7.535641547861506417e+00 1.756853647866288881e+01
7.520325203252031798e+00 1.371653969030380438e+01
7.505070993914807254e+00 2.225859217705051307e+01
7.489878542510121306e+00 1.286475772347092494e+01
7.477265072414954084e+00 2.391940276992082914e+01
7.464694014794888588e+00 1.289474060591379789e+01
7.449664429530201026e+00 2.339672142936508337e+01
7.434695244474212927e+00 1.237185486672957779e+01
7.419786096256684615e+00 2.071049259812076926e+01
7.404936624416277091e+00 1.538970346119523214e+01
7.390146471371504155e+00 1.677964622303605324e+01
7.375415282392026484e+00 1.566599834579746187e+01
7.360742705570291200e+00 1.359512021236062118e+01
7.346128391793514290e+00 2.529974970050931304e+01
7.331571994715985419e+00 1.416159989758094184e+01
7.317073170731706711e+00 1.331633152459224334e+01
7.300230187438342178e+00 1.319922696862071909e+01
7.283464566929133355e+00 1.619954661130190132e+01
7.269155206286836979e+00 1.740090817979415405e+01
7.254901960784313708e+00 1.457331426126043006e+01
7.240704500978473845e+00 1.042583306839863511e+01
7.226562499999999112e+00 1.339269373986125089e+01
7.212475633528264929e+00 1.199328229592601680e+01
7.198443579766537148e+00 1.534953571535388761e+01
7.184466019417476090e+00 1.135324510171810886e+01
7.170542635658915920e+00 1.389574708339770837e+01
7.156673114119922907e+00 1.320483606169700863e+01
7.142857142857143238e+00 1.443405877221107581e+01
7.129094412331406616e+00 1.119491116562843480e+01
7.113104774110861506e+00 2.479226714389562858e+01
7.097186700767264433e+00 1.173475756433924033e+01
7.083599234205489203e+00 1.298488642642736579e+01
7.070063694267515686e+00 1.376353447354435922e+01
7.056579783852510168e+00 1.317542201385021450e+01
7.043147208121826708e+00 1.798388204070289831e+01
7.029765674477517656e+00 1.233606289137721035e+01
7.014218009478672577e+00 1.304840490177065249e+01
6.998738965952080449e+00 1.667606583862821523e+01
6.985525487728129868e+00 3.274018258137743231e+01
6.972361809045225733e+00 1.181607398176392110e+01
6.959247648902821659e+00 1.829342583678205969e+01
6.946182728410514429e+00 1.120491320073207220e+01
6.931002185451140107e+00 1.129133679678171909e+01
6.915887850467289155e+00 1.121324699605187014e+01
6.902985074626866613e+00 1.754006788983384979e+01
6.890130353817504272e+00 1.341063482667605200e+01
6.875193558377206138e+00 1.509016898048818334e+01
6.860321384425215108e+00 2.252535782605449910e+01
6.847624922887106891e+00 1.483351294606645787e+01
6.834975369458128114e+00 1.359571126055677759e+01
6.820276497695852314e+00 1.804793751503557075e+01
6.805640711220109829e+00 1.343151462248365213e+01
6.793145654834760627e+00 2.177131641263246919e+01
6.780696395846060653e+00 1.712920833311835977e+01
6.766229807985369327e+00 1.241003728180050913e+01
6.751824817518248700e+00 1.383044549583395444e+01
6.739526411657558391e+00 1.256009612601320136e+01
6.727272727272727515e+00 1.508716207603573878e+01
6.713032960387057990e+00 1.959058063105523928e+01
6.698853349426674875e+00 1.307478125800252222e+01
6.686746987951806886e+00 1.711234336000959289e+01
6.672678088367898219e+00 1.767644232937991688e+01
6.658668266346730924e+00 1.392666888614257381e+01
6.646706586826347518e+00 1.910445229259530819e+01
6.632805497460412703e+00 2.377934188866257870e+01
6.618962432915921568e+00 1.595742662103295650e+01
6.607142857142857650e+00 1.315618028541088336e+01
6.593406593406593963e+00 2.191231591912150733e+01
6.579727326615293137e+00 1.985370444496989606e+01
6.566104702750665822e+00 1.945898820091307257e+01
6.552538370720188965e+00 1.657264182847102418e+01
6.540954625810253553e+00 1.552486810363888736e+01
6.527491914142897755e+00 1.623995261999100848e+01
6.514084507042253946e+00 1.996407355814059770e+01
6.500732064421669953e+00 2.395705504184305923e+01
6.487434248977206330e+00 2.434941123658021311e+01
6.476079346557759742e+00 1.913982382468263310e+01
6.462882096069869853e+00 1.479109256554693097e+01
6.449738524113887372e+00 1.543564517084081977e+01
6.436648303856189912e+00 1.805235830667943020e+01
6.423611111111111605e+00 2.120971935464899261e+01
6.410626624314178734e+00 2.263964350836992523e+01
6.397694524495677548e+00 1.485693744222959189e+01
6.384814495254530264e+00 1.722618150934875203e+01
6.371986222732490823e+00 2.231158446287831154e+01
6.359209395588655944e+00 1.570058506673812992e+01
6.346483704974270168e+00 2.256889407029787620e+01
6.333808844507846203e+00 1.594820928893446954e+01
6.321184510250569488e+00 1.197045308038751443e+01
6.308610400682011843e+00 1.118953539248317597e+01
6.296086216676119562e+00 1.153268127036650981e+01
6.283611661477497279e+00 1.135213823948532408e+01
6.271186440677967155e+00 1.251359076443354468e+01
6.258810262193402529e+00 1.304848363520413734e+01
6.246482836240853764e+00 1.243079718488494656e+01
6.234203875315921906e+00 1.252613506593376513e+01
6.221973094170404117e+00 1.439521745475332182e+01
6.209790209790209126e+00 1.355886940890312431e+01
6.197654941373534676e+00 1.399268323413332382e+01
6.185567010309278579e+00 1.982088497390329707e+01
6.171809841534611429e+00 1.595418286347687342e+01
6.159822419533851345e+00 1.967878929029743063e+01
6.147881473276100905e+00 1.681976630827039543e+01
6.135986733001658422e+00 1.397423752637028826e+01
6.124137931034482563e+00 1.462831286374211359e+01
6.110652353426918815e+00 2.382405364732712627e+01
6.098901098901099438e+00 1.361408076286991786e+01
6.087194954757335630e+00 1.379131191082716157e+01
6.073871409028726909e+00 2.599264098910003895e+01
6.062261059530311691e+00 1.655240515635490439e+01
6.050695012264922568e+00 2.250971394805819159e+01
6.037530595594233773e+00 1.838319669359207253e+01
6.026058631921824116e+00 1.296796542217890646e+01
6.014630181522623076e+00 1.871717445598900298e+01
6.001622060016221560e+00 1.408560899718731818e+01
5.990286022665946675e+00 1.955051508779327207e+01
5.978992728252087829e+00 1.607149631416112356e+01
5.966138134909970248e+00 1.796326701139360793e+01
5.953338696701528043e+00 1.499201066978693220e+01
5.942184154175588873e+00 2.580837509900291948e+01
5.931071333155223613e+00 2.277205595374286418e+01
5.918421754198880613e+00 1.807349827805012765e+01
5.905826017557861185e+00 1.598340198595166228e+01
5.894848645778013818e+00 2.451377770972966985e+01
5.883912006360985103e+00 2.399892423018962617e+01
5.871462576038084968e+00 1.634293059386104474e+01
5.859065716547901204e+00 2.410481428671509363e+01
5.848261327713381696e+00 1.472484998173992032e+01
5.837496713121220537e+00 2.079608709971964586e+01
5.825242718446602019e+00 2.028062407346368090e+01
5.813040062843676914e+00 1.572221951773017778e+01
5.800888424353279227e+00 1.678128676684439569e+01
5.788787483702737546e+00 1.475749950597643867e+01
5.778240499739719205e+00 1.921740974324147189e+01
5.767731878409977142e+00 2.016168454828381584e+01
5.755768732175265967e+00 1.671198878536373655e+01
5.743855109961189420e+00 2.412307620646924278e+01
5.731990704879938114e+00 1.933492086739063254e+01
5.720175212574078571e+00 1.855825944913327774e+01
5.708408331190536700e+00 2.391276038067281462e+01
5.698151950718686187e+00 1.199763001030047782e+01
5.687932359723289366e+00 1.380181163063138783e+01
5.676297622091537320e+00 1.682985762113511896e+01
5.664710385302373474e+00 1.278214844810426243e+01
5.653170359052711369e+00 1.638334034013062634e+01
5.641677255400253443e+00 1.960597611828833919e+01
5.630230788739538639e+00 1.618267500516921586e+01
5.618830675778283990e+00 1.492408466917812859e+01
5.607476635514019314e+00 1.666362058956504200e+01
5.596168389210991023e+00 1.188821390220701879e+01
5.584905660377358139e+00 1.839546375886201801e+01
5.573688174742655654e+00 1.578834053683400285e+01
5.562515660235529680e+00 1.494558881677478723e+01
5.551387846961739925e+00 1.323255633074224136e+01
5.540304467182430415e+00 1.227401913293272351e+01
5.529265255292652448e+00 1.212321901076585107e+01
5.518269947800148678e+00 1.251275666120291064e+01
5.507318283304391215e+00 1.114576672664642487e+01
5.496410002475860423e+00 1.315162810728698872e+01
5.485544848035582177e+00 1.195190970029532984e+01
5.474722564734895158e+00 1.758136610759258289e+01
5.463942899335465953e+00 1.980378987905412913e+01
5.453205600589535962e+00 1.324445116015315271e+01
5.442510419220396578e+00 1.221532931238800401e+01
5.431857107903106829e+00 1.137426937376201153e+01
5.421245421245420637e+00 1.639882858205676186e+01
5.410675115768949439e+00 1.216062913371056453e+01
5.398832684824903083e+00 1.068817093394994799e+01
5.387041980101916927e+00 1.034860993672788254e+01
5.376604504722693356e+00 1.080352042154193093e+01
5.366207396664250062e+00 1.126673028232246665e+01
5.355850422195415739e+00 1.996619622544706019e+01
5.345533349385986455e+00 1.366988415155858050e+01
5.335255948089401734e+00 1.065055617789417575e+01
5.323741007194243480e+00 1.033932028388023561e+01
5.312275664034458167e+00 1.067538082392841758e+01
5.302125626940530800e+00 1.099242771036445987e+01
5.292014302741359089e+00 1.229854533817827900e+01
5.281941470378300529e+00 1.177143992031991715e+01
5.271906910472571539e+00 1.192387499826163122e+01
5.260663507109004655e+00 1.134235989309239478e+01
5.249467959328446121e+00 1.457392619994342375e+01
5.239556289827708824e+00 1.780912985578298446e+01
5.229681978798586428e+00 1.749318409489214332e+01
5.218617771509168612e+00 2.096442093347001290e+01
5.207600281491906458e+00 1.296003639205455826e+01
5.197845937719503873e+00 1.388900481460064817e+01
5.188128067305444624e+00 1.079997234157353603e+01
5.177238805970149294e+00 1.321522661890745454e+01
5.166395159413544214e+00 1.986128005318164824e+01
5.156794425087108280e+00 1.160539042211353866e+01
5.146036161335187487e+00 1.218508143564915791e+01
5.135322692574601611e+00 1.125815282297641140e+01
5.125836989148002232e+00 1.072197259694397431e+01
5.115207373271889679e+00 1.738302596983480797e+01
5.104621752126925038e+00 1.060435769744038659e+01
5.095249024558182072e+00 1.168273176805943336e+01
5.084745762711865069e+00 1.164291676414203813e+01
5.074285714285714732e+00 1.082249618895828824e+01
5.065023956194386834e+00 1.092877734936922707e+01
5.054644808743169904e+00 1.091268315344047757e+01
5.044308111792774163e+00 1.105449292580366283e+01
5.034013605442177131e+00 1.206390889617109430e+01
5.023761031907671537e+00 1.258658911093294819e+01
5.014682629320081020e+00 1.135625816693097434e+01
5.004508566275924331e+00 1.267470270107054908e+01
4.994375703037120751e+00 1.160283391494065697e+01
4.984283789851818192e+00 1.245593267535710424e+01
4.974232578982746844e+00 1.498282716376602863e+01
4.964221824686940288e+00 1.512700004420638322e+01
4.954251283195715949e+00 1.300738636140644644e+01
4.944320712694877606e+00 1.700438518566775059e+01
4.934429873305179015e+00 1.620538032869637135e+01
4.924578527062998923e+00 1.321722292263078735e+01
4.914766437901262108e+00 1.331044359395951204e+01
4.904993371630579801e+00 1.581179191384625504e+01
4.895259095920617476e+00 2.124552626499921359e+01
4.885563380281690016e+00 2.052635260417199348e+01
4.875905996046562940e+00 1.959821002833932724e+01
4.866286716352477448e+00 2.175525861347747281e+01
4.856705316123386851e+00 1.746290360549360798e+01
4.847161572052401723e+00 2.025039537195134187e+01
4.836601307189543064e+00 2.358252937449145747e+01
4.827136333985649230e+00 3.922477493955970829e+01
4.817708333333333037e+00 2.972076288201046168e+01
4.808317089018843582e+00 2.500253558047294788e+01
4.798962386511024469e+00 2.721950230467248133e+01
4.788610871440896588e+00 2.776385499000095791e+01
4.779332615715823351e+00 2.619655936353654013e+01
4.770090244950579539e+00 2.939973334862661503e+01
4.759862778730703070e+00 3.482647468007397862e+01
4.750695484699337001e+00 2.806864894808143518e+01
4.741563434429731494e+00 2.802681445262932769e+01
4.731457800511509326e+00 2.198283523162794495e+01
4.722399489470325840e+00 3.275766534734904667e+01
4.713375796178344679e+00 2.905310836828780907e+01
4.703389830508475811e+00 3.647686021452570060e+01
4.694438570522309284e+00 2.543630027586222297e+01
4.685521317011398068e+00 2.142428181196546788e+01
4.675652906486941873e+00 1.406706335057926438e+01
4.665825977301387262e+00 1.441213648514270673e+01
4.657016991818754725e+00 1.462521662328422245e+01
4.648241206030150785e+00 1.464235127293086158e+01
4.638529043042207256e+00 1.635203933855867575e+01
4.628857381150959682e+00 1.493119180190897133e+01
4.619225967540574906e+00 1.542227773770952481e+01
4.610591900311526992e+00 2.004437035970866887e+01
4.601990049751243816e+00 1.811949660150289532e+01
4.592470004137360284e+00 1.579182807846069636e+01
4.582989265070190221e+00 1.786911285760736590e+01
4.573547589616810072e+00 1.623431349443030669e+01
4.564144736842105310e+00 1.686609362081170005e+01
4.555715165195977967e+00 1.663841624290764543e+01
4.547316673494469441e+00 1.873785462667822799e+01
4.538021259198692370e+00 1.762049095516038122e+01
4.528763769889841306e+00 1.771398191398573019e+01
4.519543973941368975e+00 1.775957484955144139e+01
4.510361641609102357e+00 1.881677820945906632e+01
4.501216545012166392e+00 1.864091789110112174e+01
4.492108458114124403e+00 2.130076347259021219e+01
4.483037156704360982e+00 1.957546581940913200e+01
4.474002418379685153e+00 2.827467830709910501e+01
4.465004022526145810e+00 2.491669267638373597e+01
4.456041750301083404e+00 2.393736510839104881e+01
4.447115384615384137e+00 2.408285793264341734e+01
4.438224710115953542e+00 2.963230098571778015e+01
4.429369513168396111e+00 2.752766844200969132e+01
4.420549581839904540e+00 3.205955682885623048e+01
4.411764705882352366e+00 3.360084482315922116e+01
4.403014676715588216e+00 3.573923606459284485e+01
4.394299287410926347e+00 3.635226536782003137e+01
4.385618332674831699e+00 3.308367622479415360e+01
4.376971608832807448e+00 3.120050310199570731e+01
4.368358913813459310e+00 3.656907404064774880e+01
4.359780047132757019e+00 3.322987018677211069e+01
4.351234809878479659e+00 3.933865677782583958e+01
4.342723004694835964e+00 4.478075541320635011e+01
4.334244435767279136e+00 4.727423537555671373e+01
4.324956165984804812e+00 4.953045755388776428e+01
4.315707620528772104e+00 4.851311356970096256e+01
4.307334109429568514e+00 4.868623960171771614e+01
4.298993028659954696e+00 6.152411530480337376e+01
4.290684190181677238e+00 4.977358408732509076e+01
4.282407407407406552e+00 5.993509488039374133e+01
4.274162495186753397e+00 5.113365398086595803e+01
4.265129682997118366e+00 5.964086240011553031e+01
4.256134969325152895e+00 5.407629280478024469e+01
4.247990815154993882e+00 4.937339179761481489e+01
4.239877769289534193e+00 7.153080585982442585e+01
4.230989136649513149e+00 4.742759017717242642e+01
4.222137694941042518e+00 5.025463541926575317e+01
4.214123006833712992e+00 4.161666131380319200e+01
4.206138688897310018e+00 4.437972968030000231e+01
4.197390811117414522e+00 3.786338828910927390e+01
4.188679245283018382e+00 2.780192834497380616e+01
4.180790960451976623e+00 2.535134673788690662e+01
4.172148092463822344e+00 2.467675354823728640e+01
4.163540885221305388e+00 2.401261177317380913e+01
4.155746911269187827e+00 2.358682266155123486e+01
4.147207173547543313e+00 2.308092332245330169e+01
4.138702460850112175e+00 2.274790766095614813e+01
4.131001116486788582e+00 2.224614328661608553e+01
4.122562674094708335e+00 2.187416450917681132e+01
4.114158636026686189e+00 2.144455243424701862e+01
4.106548279689234526e+00 2.106197951827979153e+01
4.098209340963633096e+00 2.064672601551533049e+01
4.089904200442151527e+00 2.026524852042699010e+01
4.081632653061224580e+00 1.990076655188918053e+01
4.073394495412844485e+00 1.954203483726143631e+01
4.065189525727888942e+00 1.914208080552915803e+01
4.057017543859649855e+00 1.875927630099368315e+01
4.048878351267553910e+00 1.856113246689021778e+01
4.040771751001092760e+00 1.814926476607418238e+01
4.032697547683923744e+00 1.778900981905519885e+01
4.024655547498187325e+00 1.758085846123480778e+01
4.016645558168987939e+00 1.716559562645316461e+01
4.008667388949079147e+00 1.693509843308282115e+01
4.000720850603713075e+00 1.654333921018362119e+01
3.992805755395683498e+00 1.631092611265182768e+01
3.984921917070543884e+00 1.598541031361857989e+01
3.977069150841991529e+00 1.581247804129314360e+01
3.969247273377435992e+00 1.548074279921412533e+01
3.960749330954504543e+00 1.547413164379855033e+01
3.952991452991453158e+00 1.502392847891879413e+01
3.945263906166696977e+00 1.494321840457241102e+01
3.937566512947853425e+00 1.453040400096464246e+01
3.929899097185342693e+00 1.443852138671855379e+01
3.921568627450980227e+00 1.415356551952660347e+01
3.913963328631876237e+00 1.411019418547105886e+01
3.906387471405947664e+00 1.443922169880966244e+01
3.898156277436348294e+00 1.371019169628461221e+01
3.890641430073606966e+00 1.365892031697964981e+01
3.883155501136960286e+00 1.352929302699526204e+01
3.875021818816547725e+00 1.488603593967139993e+01
3.866922139000174230e+00 1.311197421255469386e+01
3.859527121001390615e+00 1.307737225325059782e+01
3.852160333159812211e+00 1.323352822456081945e+01
3.844155844155844104e+00 1.397464907162626702e+01
3.836184551581130364e+00 1.252256993942638275e+01
3.828906519489478910e+00 1.320020273457884841e+01
3.821656050955414052e+00 1.296932426893373425e+01
3.813777701425872912e+00 1.315242022975007785e+01
3.805931767529573406e+00 1.356145643505990428e+01
3.798118049615055725e+00 1.237046510442873171e+01
3.790336349667065008e+00 1.343226186651448550e+01
3.783231083844580844e+00 1.216540471489882691e+01
3.776152406871916778e+00 1.166679445802430592e+01
3.768460363265999202e+00 1.195734889591793326e+01
3.760799593427071041e+00 1.151126751185019970e+01
3.753169907016061124e+00 1.159223017343640549e+01
3.745571115235364346e+00 1.127276331133008114e+01
3.738003030813268346e+00 1.136476851828336798e+01
3.730465467988573369e+00 1.113123708049615423e+01
3.722958242495388426e+00 1.104057813644111263e+01
3.715481171548116635e+00 1.213800681797643755e+01
3.708034073826624422e+00 1.254282559347907799e+01
3.700616769461576805e+00 1.082297519825716847e+01
3.693229080019963639e+00 1.100110798581560623e+01
3.685870828490785733e+00 1.220299987768471262e+01
3.678541839270919489e+00 1.086822890952984721e+01
3.671241938151149409e+00 1.079103552295684842e+01
3.663970952302360029e+00 1.110315890504201342e+01
3.656728710261901494e+00 1.155749753682653136e+01
3.649515041920105229e+00 1.240191715428451857e+01
3.642329778506972815e+00 1.261188594148318032e+01
3.635172752579007405e+00 1.170120309743464126e+01
3.628043798006210796e+00 1.393558010604779263e+01
3.620942749959223494e+00 1.163671885599931244e+01
3.613281250000000888e+00 1.165022058800527027e+01
3.605652103297060762e+00 1.659067371519823908e+01
3.598638353055600092e+00 1.530977738635639263e+01
3.591651836272447440e+00 1.581186452188829783e+01
3.584692394639108493e+00 1.147766489130159151e+01
3.577759871071716447e+00 1.865576977943301529e+01
3.570279832743646686e+00 1.829500692478827162e+01
3.562831006259027600e+00 1.156734680563132223e+01
3.555982700624699788e+00 1.352383680428902579e+01
3.549160671462830319e+00 1.124784940740366856e+01
3.541799617102743714e+00 1.513285000598771646e+01
3.534469033593376608e+00 1.221058084122161169e+01
3.527729222946131227e+00 1.250198599084297690e+01
3.520456707897241078e+00 1.114582839183432839e+01
3.513214116157619582e+00 1.006395839327355368e+01
3.506555046596114611e+00 1.048326211938262098e+01
3.499369482976040224e+00 1.374943348222289963e+01
3.492213308164228813e+00 1.458659567387799427e+01
3.485633537447009100e+00 1.151113102646033148e+01
3.478533375117518478e+00 1.235797867736084399e+01
3.471462079749805252e+00 1.161163284204681823e+01
3.464960199781489170e+00 1.373125256725808008e+01
3.457943925233644578e+00 1.451434340638825127e+01
3.450956008083320370e+00 1.930719964084645213e+01
3.443996276760782127e+00 1.056336699372240595e+01
3.437064561077566083e+00 1.064799431357165282e+01
3.430160692212608886e+00 1.643430528383732181e+01
3.423284502698535459e+00 1.272632006793757320e+01
3.416435826408125376e+00 1.632796082824059880e+01
3.409614498540931571e+00 1.596502811439494529e+01
3.402820355610054914e+00 1.345438093283636150e+01
3.396053235429095984e+00 1.417696301341712761e+01
3.389312977099236512e+00 1.324979360625982494e+01
3.382599420996495798e+00 1.737053786776503372e+01
3.375912408759124350e+00 1.360604820007750071e+01
3.369251783275156065e+00 1.696458827445705708e+01
3.362617388670100294e+00 1.157167097321476490e+01
3.355501813784764753e+00 1.639806294467653558e+01
3.348921405943581231e+00 1.095464680139720492e+01
3.342366757000903021e+00 1.706551494825925630e+01
3.335837716003005049e+00 1.811402915179670003e+01
3.329334133173365462e+00 1.445040653597218849e+01
3.322358575276862958e+00 2.172871307565382537e+01
3.315907393577296691e+00 2.979238081182201725e+01
3.309481216457961228e+00 1.962677800891757229e+01
3.302588515322820495e+00 1.839621957366636806e+01
3.295724465558194538e+00 2.252103357226065583e+01
3.289376203882056426e+00 1.399783142677426362e+01
3.283052351375332467e+00 1.822379072045581694e+01
3.276269185360094482e+00 2.105804127996819375e+01
3.269513991163476074e+00 2.511806704234259868e+01
3.263266206085550625e+00 1.770920100765327732e+01
3.257042253521126973e+00 1.540525987859300194e+01
3.250366032210834977e+00 1.857433925478118297e+01
3.243717124488603609e+00 1.606056855618681212e+01
3.237095363079614430e+00 1.692860239119325882e+01
3.230500582072176829e+00 1.741836491067460813e+01
3.223932616903863124e+00 1.599313970341035329e+01
3.217857660530511588e+00 1.239793607506474160e+01
3.211805555555555802e+00 1.555496493595532215e+01
3.205313312157089811e+00 1.304712145432216985e+01
3.198847262247839218e+00 1.723341005875604637e+01
3.192407247627264688e+00 1.372830165499619071e+01
3.185993111366245412e+00 1.337768352018935225e+01
3.179604697794328416e+00 9.518181698333195939e+00
3.173241852487135528e+00 1.315255913712756985e+01
3.166904422253923101e+00 1.044510745371171367e+01
3.160592255125284300e+00 9.499594954023702797e+00
3.154305200341006366e+00 1.231510033623678524e+01
3.148043108338060225e+00 1.087163345469491915e+01
3.141805830738749528e+00 1.195511723648974112e+01
3.135593220338982690e+00 9.164206703457493219e+00
3.129405131096701265e+00 1.126871261252658840e+01
3.123241418120427770e+00 1.051510580187508204e+01
3.116664326828583409e+00 9.646734388055056897e+00
3.110114878117120174e+00 1.147012072062679700e+01
3.104026845637584131e+00 1.131977019306830279e+01
3.097962601172202124e+00 1.023098599868774450e+01
3.091922005571030585e+00 1.154647700024536583e+01
3.085904920767306159e+00 9.873514319893292424e+00
3.079483978360382679e+00 1.041889682001844086e+01
3.073089700996677998e+00 1.010154184053284787e+01
3.067145620337110135e+00 9.232544685053314382e+00
3.061224489795918657e+00 9.398985084160907277e+00
3.054905738268886672e+00 1.087789259933128960e+01
3.048613018401538532e+00 1.072980269183141999e+01
3.042763157894736725e+00 9.490382773585491094e+00
3.036935704514363898e+00 9.618038275745258048e+00
3.030716723549487845e+00 9.324877708564102363e+00
3.024523160762943252e+00 1.116788787200723654e+01
3.018765297797116443e+00 1.016662551146183624e+01
3.012620436965666837e+00 1.019418404310271242e+01
3.006500541711809138e+00 1.163019997373972636e+01
3.000405460197324015e+00 8.779950799578429610e+00
2.994335041812786535e+00 9.673282772201812207e+00
2.988691437802907469e+00 9.173315686859064400e+00
2.982668278919790694e+00 1.068818743578672326e+01
2.976669348350763578e+00 1.015274247271248420e+01
2.970694500200723009e+00 1.053965624999776551e+01
2.964743589743589425e+00 1.020223301050441655e+01
2.958816473410635695e+00 9.189451694394946912e+00
2.952913008778930593e+00 9.561480106661660372e+00
2.947033054559936360e+00 9.832540495872201802e+00
2.941176470588235503e+00 1.020652766864810701e+01
2.935343117810392588e+00 9.130059162977339327e+00
2.929532858273951046e+00 9.236001236744950660e+00
2.923745555116554762e+00 1.005108554022178069e+01
2.917597581811013363e+00 1.037144289863556779e+01
2.911857292759706173e+00 9.373025152288676054e+00
2.906139547061133754e+00 1.018455789409667389e+01
2.900444212176639613e+00 1.130070001566052618e+01
2.894771156604511564e+00 9.677517940236180394e+00
2.888744307091737351e+00 1.044656242477372388e+01
2.882742500973899169e+00 1.373565941235527887e+01
2.877138413685847773e+00 1.353561320178747351e+01
2.871556072953046268e+00 1.243898807432145226e+01
2.865625403381954595e+00 1.347721833899676902e+01
2.860087606287039286e+00 1.831583155188560497e+01
2.854571171402854546e+00 1.630466602346971783e+01
2.848710381111253298e+00 1.871713327297941021e+01
2.842873607376104061e+00 2.077193352855414332e+01
2.837060702875399798e+00 2.603065889531866262e+01
2.831632653061224580e+00 1.796665215416788897e+01
2.826225334182049576e+00 2.986259691876232836e+01
2.820480243933426667e+00 2.462019946278572036e+01
2.814758463294028346e+00 2.390553126449302113e+01
2.809059850689611171e+00 2.961110877199084257e+01
2.803384265690112453e+00 3.574695173244715107e+01
2.797731568998109264e+00 2.462692413097471089e+01
2.792101622437428876e+00 2.724235932639837543e+01
2.786494288941885333e+00 3.161714815508872434e+01
2.780909432544156346e+00 3.074831610589221143e+01
2.775346918364795634e+00 3.579035885818049678e+01
2.769806612601372287e+00 3.292914029986858537e+01
2.764288382517743337e+00 3.495271875855371491e+01
2.758792096433452912e+00 3.512354724347457591e+01
2.753317623713257944e+00 3.156232628543839169e+01
2.747864834756776897e+00 3.117247108827516655e+01
2.742433600988264164e+00 2.724636777349025252e+01
2.737023794846504821e+00 2.140956375630483421e+01
2.731635289774824393e+00 1.997516724162623447e+01
2.726267960211224750e+00 2.361785019132376107e+01
2.720921681578624352e+00 2.923696166451394518e+01
2.715264187866927692e+00 2.822897588426537396e+01
2.709630172098132395e+00 3.030788834667995602e+01
2.704348885369716182e+00 3.476669587454870225e+01
2.699088145896656687e+00 5.567256639056429890e+01
2.693847834000727914e+00 3.771796430178255122e+01
2.688302252361346234e+00 3.694017852589674078e+01
2.682779456193353784e+00 3.771627612567246501e+01
2.677602219273911732e+00 4.227463718850479069e+01
2.672123254694270589e+00 3.294304617521338940e+01
2.666666666666666519e+00 2.718169692127361969e+01
2.661551372737081866e+00 1.998890938947126372e+01
2.656137832017229083e+00 1.523808346753146914e+01
2.650746268656716698e+00 1.774512444524422605e+01
2.645691812656417952e+00 1.783469808881253016e+01
2.640342530922930475e+00 1.344463697550495596e+01
2.635014836795252169e+00 1.488002347494006194e+01
2.629708599857853546e+00 1.981502696496129090e+01
2.624423690743586945e+00 1.966695637048751166e+01
2.619469026548672641e+00 2.023216239452764498e+01
2.614225153085256714e+00 2.170889405718843079e+01
2.609002232929839238e+00 2.062599846197620224e+01
2.603800140745953229e+00 2.217396554960025412e+01
2.598618752194779447e+00 1.502440494329452747e+01
2.593457943925233877e+00 2.132490191923499268e+01
2.588015854511541480e+00 1.785982356970826856e+01
2.582897033158813471e+00 1.803175595116972829e+01
2.577798420808174562e+00 1.524995482655644530e+01
2.572719898018310136e+00 2.003549958191782920e+01
2.567661346287300805e+00 2.153290532377296529e+01
2.562326869806093921e+00 1.714311205192711896e+01
2.557309065775831947e+00 1.128632165768996032e+01
2.552310876063462519e+00 1.233304257608824273e+01
2.547039926571821766e+00 1.332861831823733034e+01
2.542081758845757822e+00 1.214769287433117562e+01
2.537142857142857366e+00 1.099252643162780352e+01
2.531934306569342930e+00 1.590658901326060359e+01
2.526747097655360985e+00 1.016036021524244148e+01
2.521581099500227019e+00 9.887735546217495397e+00
2.516721460151910339e+00 1.226575882318139143e+01
2.511880515953835769e+00 1.120443511850410090e+01
2.506775067750677266e+00 1.257313829119828341e+01
2.501690331304935899e+00 1.688116342111812784e+01
2.496626180836707398e+00 1.010448047512266534e+01
2.491582491582491343e+00 1.023363276224004004e+01
2.486559139784946026e+00 1.026250026177313757e+01
2.481556002682763218e+00 1.312073326590802935e+01
2.476572958500669497e+00 8.969308042486245469e+00
2.471885090747132807e+00 9.791377936839909424e+00
2.467214936652589508e+00 8.376795673359236361e+00
2.462289263531499461e+00 9.527552040615876905e+00
2.457111234089651486e+00 8.902001320448160726e+00
2.451954937044400484e+00 8.834593667991823551e+00
2.447089947089946982e+00 9.889249965466129666e+00
2.442244224422442045e+00 8.227111287537548279e+00
2.437417654808958556e+00 9.982517445299627923e+00
2.432610124917817362e+00 8.487801499012046946e+00
2.427821522309711710e+00 8.835343994492824038e+00
2.423051735428945364e+00 8.445712603298822785e+00
2.418300653594771532e+00 9.042517848935656133e+00
2.413305794108055125e+00 8.157148238501788384e+00
2.408331525276632856e+00 1.081149083169261615e+01
2.403637938501515858e+00 1.251700257984850140e+01
2.398962610762913616e+00 9.483064842814737716e+00
2.394047233904885275e+00 1.074105069708705074e+01
2.389151958674128551e+00 8.249698772550557280e+00
2.384532760472609425e+00 1.017298621843364614e+01
2.379931389365351979e+00 9.467954040806160876e+00
2.375093612923932618e+00 1.348758321128213389e+01
2.370275464445868341e+00 1.492393343326833843e+01
2.365728900255754219e+00 1.139047140338566777e+01
2.360948633414867714e+00 8.790065197497010985e+00
2.356187645935045705e+00 1.155138937568836788e+01
2.351445821417222692e+00 1.100508694248891217e+01
2.346723044397462932e+00 1.251906419602063103e+01
2.342019200337587925e+00 1.196415015151643857e+01
2.337334175615919385e+00 9.311830105824206782e+00
2.332667857518125665e+00 8.392646704975366134e+00
2.328020134228188098e+00 8.435146113661396328e+00
2.323390894819465480e+00 1.102347736920905064e+01
2.318780029245873564e+00 1.911936925471610493e+01
2.314187428333159602e+00 9.727031492069366791e+00
2.309612983770287009e+00 1.022154120295273039e+01
2.305056588100923953e+00 1.136078128484511396e+01
2.300279763755050499e+00 1.171785238396668305e+01
2.295760082730093021e+00 1.855445920445137986e+01
2.291258127773764475e+00 1.351484837535214822e+01
2.286538263466886711e+00 1.083681890585136465e+01
2.282072368421052655e+00 1.134768304329342214e+01
2.277623884272084176e+00 8.065537545436026079e+00
2.272959967236613199e+00 9.149153343249798453e+00
2.268315111883110191e+00 9.358072410586476764e+00
2.263689201590700417e+00 1.154176517341077357e+01
2.259312029309993974e+00 8.134846836744150878e+00
2.254951752158456113e+00 7.010570112984777502e+00
2.250380131779016857e+00 9.861643917311312180e+00
2.245827010622154951e+00 9.219570918154477823e+00
2.241292276627965929e+00 7.567647416177512909e+00
2.236775818639798796e+00 9.119624533967614965e+00
2.232277526395173961e+00 1.037477021447002912e+01
2.227797290516809081e+00 7.082700595983982161e+00
2.223335002503755486e+00 6.265512679308772093e+00
2.218890554722638075e+00 5.807091813580870010e+00
2.214463840399002237e+00 6.248514294676423830e+00
2.210054753608760247e+00 5.281358704303264595e+00
2.205663189269746471e+00 7.129062257351518106e+00
2.201289043133366263e+00 1.255085303633284788e+01
2.196932211776347899e+00 7.301226072849513749e+00
2.192592592592592204e+00 5.287061740260481812e+00
2.188270083785115450e+00 8.063316759984376247e+00
2.183964584358091265e+00 6.385854180540800229e+00
2.179675994108983605e+00 5.212570522503852999e+00
2.175191064079952774e+00 6.190400358678210146e+00
2.170724552654736961e+00 6.047350230721234787e+00
2.166487752512930243e+00 6.151770938314557569e+00
2.162267458848738499e+00 6.942801898699640262e+00
2.157853810264385608e+00 5.655176999186711129e+00
2.153458143369871181e+00 7.546614639318467432e+00
2.149288411269242083e+00 6.095799690304042784e+00
2.144927536231884257e+00 4.907207365890849715e+00
2.140584321666184842e+00 4.706088940334558046e+00
2.136464247906842306e+00 4.795834440557361411e+00
2.132155205532078490e+00 4.561821212266684356e+00
2.127863510016294146e+00 4.938107350526095729e+00
2.123589056820355925e+00 4.992722545603947459e+00
2.119331742243436789e+00 5.605617836681842547e+00
2.115091463414634276e+00 5.107543982464725296e+00
2.110868118284682016e+00 5.328560918689133175e+00
2.106661605617764721e+00 5.013225044055094060e+00
2.102471824983425996e+00 6.471942035734298493e+00
2.098298676748581837e+00 6.490316722365511382e+00
2.094142062069616284e+00 6.837839635307074282e+00
2.090001882884579665e+00 1.291892136142297431e+01
2.085682074408117259e+00 9.993271778306853648e+00
2.081575246132207901e+00 8.371981294617535596e+00
2.077484559236383532e+00 1.022861275152228089e+01
2.073216286888307724e+00 1.392661394463734581e+01
2.069158355857954934e+00 2.113702642785668928e+01
2.065116279069767025e+00 1.830145756127194900e+01
2.060898626067582562e+00 1.501588507210385082e+01
2.056698165647582233e+00 1.925519166898889978e+01
2.052704576976421613e+00 1.559592041279626073e+01
2.048726467331118517e+00 1.493547313896515227e+01
2.044575428255663851e+00 1.126877913962136724e+01
2.040441176470587870e+00 9.788349673054328903e+00
2.036323610346725488e+00 8.311366035543787945e+00
2.032222629073599407e+00 9.435300703293954427e+00
2.028138132651196912e+00 9.283541327136754617e+00
2.024070021881838155e+00 1.460270630652232882e+01
2.020018198362147466e+00 1.582104347504886910e+01
2.015982564475117922e+00 2.249021552121996947e+01
2.011963023382273175e+00 2.489762249692635265e+01
2.007959479015919424e+00 1.957998611700827141e+01
2.003971836071493318e+00 2.462211994046905161e+01
2.000000000000000000e+00 1.682391559528621983e+01
1.996043877000539313e+00 1.153454071994055674e+01
1.992103374012921702e+00 7.749632318578309587e+00
1.988178398710370720e+00 7.635211450452371373e+00
1.984268859492313242e+00 7.132375672253044918e+00
1.980198019801980180e+00 8.807683627974787655e+00
1.976143849029731170e+00 9.963289677837652292e+00
1.972281449893390270e+00 1.298972992647387770e+01
1.968434119524738790e+00 1.545272836631319890e+01
1.964427926732147389e+00 1.758687854410300844e+01
1.960438007771105440e+00 2.013388237925876467e+01
1.956636700158646214e+00 1.853371753572290714e+01
1.952678335825490219e+00 1.510374953131556630e+01
1.948735955056179581e+00 1.578651953671140973e+01
1.944979849307867603e+00 1.389303989991264032e+01
1.941068462009268192e+00 1.113764957771390840e+01
1.937172774869110103e+00 9.683246004104397286e+00
1.933292693546982299e+00 1.013174511059105498e+01
1.929428124456804783e+00 1.037657585286996387e+01
1.925578974759302620e+00 1.295648258684466470e+01
1.921745152354570774e+00 1.081071254662828274e+01
1.917926565874729761e+00 1.137092580042104117e+01
1.914123124676668564e+00 1.101646173605723966e+01
1.910334738834867929e+00 1.153087192918459714e+01
1.906397595534564449e+00 1.225942855367660833e+01
1.902639698320192307e+00 1.152151346143245902e+01
1.898896587118295898e+00 1.493314403443346805e+01
1.895006402048655669e+00 1.037594164581050649e+01
1.891293235644913695e+00 1.228603052848545119e+01
1.887594592296573337e+00 1.039706539762546811e+01
1.883750530335171813e+00 1.156883322195947272e+01
1.879922093318654897e+00 1.197443768146475129e+01
1.876109186174258481e+00 1.640718172082135951e+01
1.872469635627530327e+00 1.471563884847857828e+01
1.868844178802929301e+00 1.438890506533096136e+01
1.865076031252625555e+00 1.122422009065210879e+01
1.861323048545317160e+00 1.637512702854802527e+01
1.857585139318885137e+00 1.269541462532440868e+01
1.853862212943632626e+00 1.222461841850965847e+01
1.850154179514959640e+00 1.248415755471070554e+01
1.846460949846128408e+00 1.412507912698954726e+01
1.842782435461110646e+00 1.306921259077578945e+01
1.839118548587523660e+00 1.524917216482351279e+01
1.835469202149648371e+00 1.260854856880287400e+01
1.831834309761531498e+00 1.493149794424861732e+01
1.828213785720168127e+00 1.097111671722094250e+01
1.824457593688362911e+00 9.817168028978199956e+00
1.820716804724022087e+00 1.124352234483838231e+01
1.817140050748956126e+00 1.281768261471102477e+01
1.813577322114206192e+00 9.875719362625778430e+00
1.810028536485935424e+00 9.469990960562428839e+00
1.806346623270952190e+00 9.419657275732847168e+00
1.802679658952497155e+00 9.790558029003838314e+00
1.799173352783856261e+00 8.865518481839995246e+00
1.795535425428663734e+00 8.950732936265927364e+00
1.791912180159819012e+00 1.038494583644976466e+01
1.788447595263030765e+00 7.908977036702534491e+00
1.784852870236372402e+00 8.696667210507943224e+00
1.781272566797721169e+00 1.025143574733247398e+01
1.777706598334400701e+00 8.056559938482230621e+00
1.774154878925917167e+00 7.805991210678818071e+00
1.770617323337055682e+00 6.660138338228189347e+00
1.767093847011064200e+00 7.506987374258339507e+00
1.763584366062916908e+00 6.308444174801111970e+00
1.759949262723957686e+00 5.956107825770837749e+00
1.756468075005934049e+00 7.237464323563873592e+00
1.753000631711939761e+00 5.861266983107786821e+00
1.749408983451536281e+00 5.233613505497986651e+00
1.745969327565867202e+00 7.039477505987089323e+00
1.742543171114599998e+00 6.049484609540517255e+00
1.738994203352655532e+00 6.942203644197813439e+00
1.735595340473770509e+00 6.698872167246839204e+00
1.732209737827715479e+00 5.758209065847580632e+00
1.728702694284379282e+00 6.530345337758614477e+00
1.725209822816288652e+00 6.129455403668146118e+00
1.721731037691949684e+00 6.795024704380035807e+00
1.718266253869968896e+00 4.065124334581173393e+00
1.714815386992120994e+00 5.782531296386077102e+00
1.711378353376503014e+00 5.365185220245306752e+00
1.707955070010771070e+00 7.282414212760466299e+00
1.704545454545454808e+00 6.642740170318438331e+00
1.701149425287356243e+00 6.329056788401879352e+00
1.697766901193025202e+00 5.057745945274646715e+00
1.694397801862311370e+00 4.149092517771078903e+00
1.691042047531992498e+00 6.207599538421723295e+00
1.687699559069484101e+00 3.881847798647789727e+00
1.684370257966616435e+00 4.217985446636768110e+00
1.681054066333484975e+00 3.622508485108981269e+00
1.677624121514395661e+00 4.255733853260960764e+00
1.674208144796380138e+00 4.110802584605125709e+00
1.670931807918109246e+00 3.994182678108124662e+00
1.667668269230769384e+00 5.152481785624668298e+00
1.664292675612864425e+00 4.993705934191346785e+00
1.660930719736645411e+00 3.665447515480793506e+00
1.657582319121929215e+00 4.160435811830077490e+00
1.654247391952309965e+00 6.314403604286909832e+00
1.651048639000446405e+00 6.056582392745752941e+00
1.647739924293030400e+00 5.640532186280658777e+00
1.644444444444444597e+00 6.762721536057821226e+00
1.641162120204036512e+00 5.877865880004679688e+00
1.637892872952633860e+00 5.108498670156460975e+00
1.634636624696266693e+00 5.163863262789079478e+00
1.631273422000147244e+00 4.251366700960141465e+00
1.628043414491052943e+00 3.886915173211739738e+00
1.624826172875649677e+00 3.047554516096966370e+00
1.621621621621621712e+00 3.120542794506367290e+00
1.618429685791353601e+00 3.896908259442278588e+00
1.615132775554747324e+00 4.329097543503216627e+00
1.611849270311478843e+00 5.952098403530633242e+00
1.608695652173912638e+00 8.081389431740047868e+00
1.605554350184422052e+00 6.331453817965389419e+00
1.602309635510645869e+00 8.823207610229422571e+00
1.599078009075848072e+00 4.497247347485592961e+00
1.595859391848178044e+00 3.400297555593677856e+00
1.592653705430805422e+00 2.779002958824549285e+00
1.589460872055559859e+00 2.873516222980874613e+00
1.586280814576634501e+00 3.185416421348112426e+00
1.583113456464379842e+00 6.846882360288074842e+00
1.579958721799160637e+00 7.380973347807612939e+00
1.576816535265288532e+00 8.610401634363702428e+00
1.573686822145034414e+00 9.000479322011216254e+00
1.570569508312699147e+00 6.919983639968123157e+00
1.567464520228764702e+00 4.335422300887024072e+00
1.564371784934113219e+00 3.200916975320066804e+00
1.561181434599155926e+00 3.059225817844709816e+00
1.558004070461084911e+00 2.915956942137053698e+00
1.554948518596343865e+00 2.887638719490255745e+00
1.551904928346731438e+00 3.258705927519287560e+00
1.548765173712850718e+00 3.086118760096709934e+00
1.545638097890412732e+00 3.595906054989780554e+00
1.542630810923494078e+00 3.798312215660044178e+00
1.539528432732315988e+00 4.799876586545626544e+00
1.536438507855214963e+00 4.739165723191925750e+00
1.533360961458765104e+00 4.399823543035190632e+00
1.530295719307919855e+00 4.878966122394970739e+00
1.527242707760044338e+00 4.872059047929128361e+00
1.524201853759011183e+00 4.458264698117377023e+00
1.521173084829381628e+00 4.733113868364015708e+00
1.518052516411378283e+00 5.956310077803054881e+00
1.515048113014399345e+00 5.822583158051798158e+00
1.512055578259092981e+00 5.575673765278419403e+00
1.508972267536704548e+00 5.629454718616644371e+00
1.506003663252153846e+00 5.823346558755977398e+00
1.503046716316858378e+00 6.864433804420628782e+00
1.500000000000000222e+00 6.472549958242973744e+00
1.496965610249494150e+00 7.896544293769200529e+00
1.494044013729053377e+00 7.451189930707982967e+00
1.491133799032777763e+00 8.021481096460423288e+00
1.488135138758546860e+00 9.185437829801481158e+00
1.485148514851484913e+00 9.305742116531213526e+00
1.482173854987314687e+00 8.878988304433187650e+00
1.479211087420042592e+00 1.019404461687445895e+01
1.476260140976193513e+00 1.071212521921158078e+01
1.473320945049110486e+00 9.548299790989400293e+00
1.470393429593323420e+00 9.533946822346608840e+00
1.467477525118984660e+00 9.455933352505367040e+00
1.464476548584999094e+00 9.529986130432860136e+00
1.461487820934825432e+00 8.912092194425900615e+00
1.458607095926412578e+00 8.743530143588543524e+00
1.455737704918032671e+00 9.012220581002475583e+00
1.452879581151832245e+00 9.678311022561549848e+00
1.449937953105610022e+00 1.076729579487346200e+01
1.447008212749315570e+00 1.107828048831470902e+01
1.444184231069476798e+00 1.297402643338195638e+01
1.441277673180549446e+00 1.066452698555432121e+01
1.438382791240119030e+00 1.225945501287850092e+01
1.435499515033947793e+00 1.745942668895378702e+01
1.432627774909653873e+00 1.630126272591980552e+01
1.429767501771108451e+00 1.125547276484132020e+01
1.426918627072888412e+00 1.070935928988067154e+01
1.424081082814805388e+00 1.033369431937255101e+01
1.421254801536491641e+00 1.018002881558982509e+01
1.418439716312056786e+00 1.232771365841538014e+01
1.415545495122106923e+00 1.099753661493502577e+01
1.412752959144711440e+00 1.026797824986386409e+01
1.409971419498253553e+00 1.253346800887055856e+01
1.407111618178360501e+00 1.117599787826351942e+01
1.404263394269087417e+00 1.300005185665920493e+01
1.401515151515151603e+00 1.589134821352362614e+01
1.398777644760884842e+00 1.216053240546718328e+01
1.395963025844180194e+00 1.316496046837106348e+01
1.393159711327266903e+00 1.374890635454043952e+01
1.390367633243564827e+00 1.090275872070662722e+01
1.387586724170260410e+00 1.267191882088392951e+01
1.384816917222880805e+00 1.410111604391731355e+01
1.382058146049928382e+00 1.476714210912204983e+01
1.379310344827586299e+00 1.598545834585808123e+01
1.376573448254480247e+00 1.157425913419537444e+01
1.373847391546506369e+00 1.576874648451812710e+01
1.371047430830039549e+00 1.455045777589244160e+01
1.368258859784283521e+00 1.276552823892280308e+01
1.365565602509688281e+00 1.739641213815257359e+01
1.362882927128737265e+00 1.301134261707179363e+01
1.360127435363313264e+00 1.250835651684789340e+01
1.357383063283399416e+00 1.321642136834733527e+01
1.354732409837065887e+00 1.357639142200805438e+01
1.352009744214372589e+00 1.051253420199667765e+01
1.349298000364675287e+00 1.074905068083949367e+01
1.346597112701686028e+00 9.669956561726051447e+00
1.343907016163206070e+00 1.047969099475555232e+01
1.341227646205896518e+00 8.689358795718797879e+00
1.338558938800120446e+00 8.536301651975962912e+00
1.335900830424840757e+00 9.207457834930769636e+00
1.333173192409320196e+00 8.663787062484798795e+00
1.330536409949055754e+00 9.539876049742552766e+00
1.327910037085775929e+00 8.285916367902826707e+00
1.325214899713467176e+00 7.351089567627205668e+00
1.322609472743520920e+00 7.861888772680610593e+00
1.320014270424545000e+00 7.651011811336418944e+00
1.317351056254450592e+00 6.730331049612551020e+00
1.314698566860120543e+00 8.847925081979736817e+00
1.312056737588652267e+00 6.030859880899541281e+00
1.309425504305768539e+00 6.388250155429068933e+00
1.306804803390628322e+00 6.053798749523863876e+00
1.304194571730701524e+00 5.901157496152836579e+00
1.301594746716698170e+00 5.730863629762284361e+00
1.299005266237565515e+00 4.617742053404695568e+00
1.296426068675543330e+00 5.236524203216958995e+00
1.293857092901270489e+00 4.498471479793296979e+00
1.291298278268962152e+00 4.387534599119143230e+00
1.288749564611633591e+00 4.083601828707386971e+00
1.286136376803197923e+00 3.314744667803182221e+00
1.283533765032377261e+00 3.515526223423060426e+00
1.281015579919215108e+00 3.484186588896513115e+00
1.278433630866685711e+00 3.229585582993627302e+00
1.275862068965517127e+00 3.017747219622696431e+00
1.273373867156131656e+00 3.058126348491626345e+00
1.270822600034346994e+00 3.087549193505844780e+00
1.268281535648994707e+00 2.897037935009353582e+00
1.265750612919778417e+00 2.886006608613000957e+00
1.263229771252986966e+00 3.003092640105346156e+00
1.260718950536657390e+00 2.860089260864457028e+00
1.258146783791442180e+00 2.810377429288096529e+00
1.255656108597284604e+00 2.864801026748208024e+00
1.253175275190516524e+00 2.874910512847966615e+00
1.250633767111712258e+00 2.865357671066059098e+00
1.248102546803845581e+00 2.829218605327275426e+00
1.245651442037930545e+00 2.833344839012973626e+00
1.243209945679565331e+00 2.846483317485650311e+00
1.240708657016710514e+00 3.049585418523550473e+00
1.238217413129566680e+00 2.998289837823906900e+00
1.235736153632062351e+00 3.235786438588632574e+00
1.233264818621187420e+00 3.518990778191421143e+00
1.230803348672173891e+00 3.695938859583802749e+00
1.228351684833730140e+00 4.365493427331780474e+00
1.225909768623336671e+00 5.187675583599475004e+00
1.223477542022595399e+00 6.631338951677879123e+00
1.221054947472635988e+00 5.906489311238130036e+00
1.218575035678998830e+00 6.547484055610080844e+00
1.216105176663927923e+00 5.576555109488566586e+00
1.213711661472855585e+00 5.547015966776874585e+00
1.211327549517105640e+00 5.935116730782191929e+00
1.208886952733609021e+00 7.563206936108625378e+00
1.206456170860279231e+00 6.484258316423693991e+00
1.204035144809632252e+00 8.000414477070005859e+00
1.201623815967523656e+00 6.558676471809413044e+00
1.199286910485656943e+00 6.600543377763430364e+00
1.196894543886133144e+00 6.117382122789308596e+00
1.194447433552136006e+00 6.350441008688148870e+00
1.192074316705149517e+00 5.638169392189912976e+00
1.189710610932475987e+00 6.255232289607462803e+00
1.187356260362624871e+00 7.063404432701868352e+00
1.185011209565495882e+00 6.839244929379602489e+00
1.182612401448966288e+00 6.836142758991844204e+00
1.180223285486443396e+00 6.793910280056879358e+00
1.177843803056026983e+00 7.150556170261848088e+00
1.175536139793486923e+00 5.769558222823740756e+00
1.173237501321213516e+00 7.054278708038645540e+00
1.170886075949367111e+00 6.779604396795662069e+00
1.168544057269186309e+00 7.125981962889872179e+00
1.166211388947257843e+00 7.652450563639590975e+00
1.163888015099087569e+00 7.622999951061639301e+00
1.161573880284638038e+00 8.187626909012795551e+00
1.159208396428384802e+00 8.433085741267564828e+00
1.156852527357998817e+00 9.084893487587414995e+00
1.154566257541085994e+00 9.522516426223580410e+00
1.152289006540018645e+00 1.027195199348142651e+01
1.150020721094073606e+00 1.084047269174638650e+01
1.147702011063433725e+00 9.853582158888340103e+00
1.145392632339284011e+00 9.732463439675255401e+00
1.143092528706039834e+00 9.372265966986121910e+00
1.140801644398766745e+00 9.742782206318819860e+00
1.138578315724689594e+00 9.163464705368658869e+00
1.136305471669140310e+00 9.491894818544565737e+00
1.133983756448893709e+00 1.435662639350933034e+01
1.131729200652528355e+00 9.183571251010519632e+00
1.129483591961332856e+00 1.027119245852285623e+01
1.127246877221488974e+00 1.022244168091767769e+01
1.125019003699386788e+00 1.084825571912139708e+01
1.122743134577454116e+00 1.093291814647621152e+01
1.120476454852874504e+00 9.731089553611635523e+00
1.118218908981010395e+00 9.720032271634279297e+00
1.116026543334003529e+00 1.035905087344502284e+01
1.113842757513421322e+00 8.405834757048250339e+00
1.111611837163887451e+00 8.042926758343638127e+00
1.109389835590425255e+00 7.707516180163383801e+00
1.107176699416487997e+00 7.382403967454554738e+00
1.104972375690607800e+00 7.507430900561276488e+00
1.102776811882171915e+00 7.235822869448900185e+00
1.100535395597858290e+00 7.353022198853947700e+00
1.098303072280215842e+00 6.705999311935308071e+00
1.096133906087986887e+00 5.805814655645012756e+00
1.093973291282708260e+00 5.639351541885196717e+00
1.091767483033343256e+00 5.100247033231315896e+00
1.089570552147239413e+00 5.347015051531732510e+00
1.087435709037472664e+00 4.888498113491417385e+00
1.085256159561986733e+00 5.360638059729053495e+00
1.083085329560423471e+00 4.316284162473380093e+00
1.080923166812737479e+00 4.658079522161029828e+00
1.078769619515039802e+00 3.925592461255253518e+00
1.076624636275460789e+00 4.265124083194676174e+00
1.074436163004549583e+00 4.049050651083276442e+00
1.072308361107086050e+00 4.232955062322855788e+00
1.070188970304666531e+00 3.850583001843066899e+00
1.068026556335995192e+00 3.771790626654397460e+00
1.065872863453043662e+00 3.814340258846907528e+00
1.063778810676122566e+00 3.876909044072688548e+00
1.061692969870875025e+00 3.682428853378806988e+00
1.059564719358533802e+00 3.676163244840928268e+00
1.057444984281223022e+00 3.736135222583782500e+00
1.055333713633770598e+00 3.724628999860741807e+00
1.053230856817534811e+00 3.774225798542500065e+00
1.051136363636363757e+00 3.835529938406036177e+00
1.049000614279639088e+00 3.889380898393663966e+00
1.046873526360464046e+00 3.768749388463724426e+00
1.044804216867470048e+00 3.780967505349488889e+00
1.042743071864725257e+00 3.808593550149259599e+00
1.040641260019687708e+00 3.890010627959696432e+00
1.038547904191616800e+00 3.887551690392381687e+00
1.036511345597161293e+00 3.976026663957266560e+00
1.034434555705698644e+00 3.982031132835746501e+00
1.032366071428571397e+00 4.066694012832812177e+00
1.030305843040794311e+00 4.106789403090477464e+00
1.028253821213525043e+00 4.227967259981973314e+00
1.026209957010123519e+00 4.101255390966589864e+00
1.024126954836923842e+00 4.338507221219160215e+00
1.022099447513812098e+00 4.260495355274052542e+00
1.020079952212470609e+00 4.424343381263721398e+00
1.018021736139771871e+00 4.330226321334785133e+00
1.015971809070522980e+00 4.300783989408450303e+00
1.013930121032199150e+00 4.355957424248294352e+00
1.011942747743641347e+00 4.503540172228643890e+00
1.009963149993176046e+00 4.844444984557411793e+00
1.007945516458569779e+00 4.589316359735023276e+00
1.005935928225111908e+00 4.467289431674319466e+00
1.003888939133580571e+00 4.451539775689115075e+00
1.001850264001083124e+00 4.891311570400921127e+00
1.000405569825605134e+00 4.667021505952120286e+00
