1.000000000000000000e+01 1.697641261399865442e+01
9.910714285714286476e+00 1.697643729697823645e+01
9.823008849557522737e+00 1.697659254281163399e+01
9.736842105263157521e+00 1.697816913993954913e+01
9.652173913043478493e+00 1.700223164435863765e+01
9.568965517241379004e+00 1.907255587672233688e+01
9.487179487179489001e+00 1.728250001684665804e+01
9.406779661016949845e+00 1.697866763486743125e+01
9.327731092436973626e+00 1.712092232677102288e+01
9.250000000000000000e+00 1.714713483107209413e+01
9.173553719008264551e+00 1.716711756131172351e+01
9.098360655737705471e+00 1.702127010381460437e+01
9.024390243902438158e+00 1.697766906047940338e+01
8.951612903225806051e+00 1.697647922332525283e+01
8.880000000000000782e+00 1.700555614700794393e+01
8.809523809523808424e+00 1.698046805303096818e+01
8.740157480314961091e+00 1.697885069572329542e+01
8.671875000000000000e+00 1.700518898234486542e+01
8.604651162790698748e+00 1.698816703550338758e+01
8.538461538461538325e+00 1.699429075175404691e+01
8.473282442748091725e+00 1.706036306519627743e+01
8.409090909090910060e+00 2.223071630126953480e+01
8.345864661654134764e+00 1.697881032282591107e+01
8.283582089552238514e+00 1.697825462384104966e+01
8.222222222222221433e+00 1.710452767678141583e+01
8.161764705882353255e+00 1.699922428288221354e+01
8.102189781021897019e+00 1.700683421036839604e+01
8.043478260869564522e+00 1.753622881275296308e+01
7.985611510791366996e+00 1.712104802720427799e+01
7.928571428571427937e+00 1.808811478824973307e+01
7.872340425531914931e+00 1.734826122647047342e+01
7.816901408450704025e+00 1.707308894896388196e+01
7.762237762237762517e+00 1.943792240267634597e+01
7.708333333333333037e+00 2.198307106898427321e+01
7.655172413793103203e+00 3.314552400770068630e+01
7.602739726027397893e+00 1.704039028301000869e+01
7.551020408163265252e+00 2.126573077532649236e+01
7.499999999999999112e+00 1.985529705195069639e+01
7.449664429530201026e+00 2.593837132405281309e+01
7.400000000000000355e+00 2.508049227973341999e+01
7.350993377483443503e+00 5.872745478007912823e+01
7.302631578947368141e+00 1.808462965175628767e+01
7.254901960784313708e+00 1.715498530850887349e+01
7.207792207792207861e+00 1.699631586189508425e+01
7.161290322580644130e+00 1.701684787796616760e+01
7.115384615384614975e+00 1.701678909158587771e+01
7.070063694267516574e+00 1.699864373057603828e+01
7.025316455696202667e+00 1.706687808987021526e+01
6.981132075471697895e+00 1.697870902135610649e+01
6.937500000000000000e+00 1.715310544792652436e+01
6.894409937888198669e+00 1.697970518981576049e+01
6.851851851851851194e+00 1.697838867530465379e+01
6.809815950920245164e+00 1.697922892684936613e+01
6.768292682926828618e+00 1.701579588648080943e+01
6.727272727272727515e+00 1.697798782702565390e+01
6.686746987951806886e+00 1.697784485942959876e+01
6.646706586826347518e+00 1.697864874033689730e+01
6.607142857142856762e+00 1.697995367990255389e+01
6.568047337278105857e+00 1.697689435793400037e+01
6.529411764705882248e+00 1.698264963122367988e+01
6.491228070175439235e+00 1.712133968654036664e+01
6.453488372093022285e+00 1.698644833200573956e+01
6.416184971098265244e+00 1.697707200508117964e+01
6.379310344827586299e+00 1.697692636031389313e+01
6.342857142857142527e+00 1.975038105574727254e+01
6.306818181818181657e+00 1.697701275489211170e+01
6.271186440677966267e+00 1.697763921481132599e+01
6.235955056179776079e+00 1.697675059606671510e+01
6.201117318435753312e+00 1.697812400476932737e+01
6.166666666666666075e+00 1.798679897252798199e+01
6.132596685082873478e+00 1.697725545069456388e+01
6.098901098901098550e+00 1.697838220869660475e+01
6.065573770491802463e+00 1.697733032231688810e+01
6.032608695652173836e+00 1.697673534257292971e+01
6.000000000000000000e+00 1.697857955197930480e+01
5.967741935483870108e+00 1.697680265862584292e+01
5.935828877005347337e+00 1.697981942335248107e+01
5.904255319148936643e+00 1.697672226574659504e+01
5.873015873015872579e+00 1.697677881720900572e+01
5.842105263157894690e+00 1.698970989175319701e+01
5.811518324607329866e+00 1.697670220067143632e+01
5.781250000000000000e+00 1.697755933516979354e+01
5.751295336787563883e+00 1.697682319325089750e+01
5.721649484536082575e+00 1.697680239702820870e+01
5.692307692307692513e+00 1.697668129690885763e+01
5.663265306122449161e+00 1.697688243938803865e+01
5.634517766497461722e+00 1.697750914430976010e+01
5.606060606060606410e+00 1.697685222907543334e+01
5.577889447236180409e+00 1.698152083623647712e+01
5.549999999999999822e+00 1.697678897825122135e+01
5.522388059701492047e+00 1.697706270015954999e+01
5.495049504950495489e+00 1.697856328291774020e+01
5.467980295566502669e+00 1.697691470319271190e+01
5.441176470588234615e+00 1.697697682355165583e+01
5.414634146341463783e+00 1.697885405647158663e+01
5.388349514563106624e+00 1.697812986726165008e+01
5.362318840579709978e+00 1.869158423525929535e+01
5.336538461538461675e+00 1.714758788850069138e+01
5.311004784688995173e+00 1.698340774617910398e+01
5.285714285714285587e+00 1.699950069396972907e+01
5.260663507109004655e+00 1.699638974426865801e+01
5.235849056603774088e+00 1.701878701232552515e+01
5.211267605633802980e+00 1.705527703869223899e+01
5.186915887850466866e+00 1.705454419679761102e+01
5.162790697674418894e+00 1.699078007217764963e+01
5.138888888888889284e+00 1.697809586973071205e+01
5.115207373271888791e+00 1.698029250663995882e+01
5.091743119266054940e+00 1.698217708028674267e+01
5.068493150684931337e+00 1.698377917788624814e+01
5.045454545454544970e+00 1.698181961642146121e+01
5.022624434389140191e+00 1.697734747629881014e+01
5.000000000000000000e+00 1.697733807888984714e+01
4.977578475336322583e+00 1.698479718803644190e+01
4.955357142857142350e+00 1.698905805438041838e+01
4.933333333333333570e+00 1.700252543851614107e+01
4.911504424778761368e+00 1.701876591417551055e+01
4.889867841409691884e+00 1.726860821575164806e+01
4.868421052631578760e+00 1.835685441182375044e+01
4.847161572052401723e+00 1.975995434197545109e+01
4.826086956521739246e+00 1.801055631838798732e+01
4.805194805194806129e+00 1.739865877334356625e+01
4.784482758620689502e+00 1.711939320428371403e+01
4.763948497854076258e+00 1.700326599090814739e+01
4.743589743589742724e+00 1.700378522506714063e+01
4.723404255319148426e+00 1.699629223760843288e+01
4.703389830508474923e+00 1.704684161935567843e+01
4.683544303797468444e+00 1.697903509614229378e+01
4.663865546218487701e+00 1.703983171486139270e+01
4.644351464435146681e+00 1.697849858641863108e+01
4.624999999999999112e+00 1.697898192365646608e+01
4.605809128630705018e+00 1.697758035417437839e+01
4.586776859504132275e+00 1.697987725052595209e+01
4.567901234567901092e+00 1.697831709443926940e+01
4.549180327868852736e+00 1.717405781008601195e+01
4.530612244897959329e+00 1.698052284385800448e+01
4.512195121951219079e+00 1.702659085546374484e+01
4.493927125506072429e+00 1.854831300682425521e+01
4.475806451612903025e+00 1.897815511127829780e+01
4.457831325301204295e+00 2.128478895856499875e+01
4.440000000000000391e+00 2.479675288175940651e+01
4.422310756972112067e+00 2.865890025363326288e+01
4.404761904761904212e+00 2.995934084677696418e+01
4.387351778656126022e+00 3.299762595179439018e+01
4.370078740157479658e+00 2.825164872749090250e+01
4.352941176470587870e+00 3.495848150520921394e+01
4.335937500000000000e+00 3.366421128895759551e+01
4.319066147859921934e+00 4.337944694156170300e+01
4.302325581395349374e+00 4.958687848137140719e+01
4.285714285714285587e+00 5.692986201503873644e+01
4.269230769230769162e+00 4.298373163954138931e+01
4.252873563218390274e+00 5.459761441787600944e+01
4.236641221374045863e+00 5.203940637772560507e+01
4.220532319391634424e+00 5.127790385779142923e+01
4.204545454545455030e+00 3.902201034466386176e+01
4.188679245283019270e+00 2.478873547651171805e+01
4.172932330827067382e+00 1.898183461645841774e+01
4.157303370786516794e+00 1.707514969685077943e+01
4.141791044776119257e+00 1.698714374777674863e+01
4.126394052044608962e+00 1.700921293929934563e+01
4.111111111111110716e+00 1.698344274446487390e+01
4.095940959409594129e+00 1.697942620181322226e+01
4.080882352941176627e+00 1.698288469175458104e+01
4.065934065934065700e+00 1.697907833876729100e+01
4.051094890510948510e+00 1.698228541045427420e+01
4.036363636363636154e+00 1.698595255102395996e+01
4.021739130434782261e+00 1.698204421213984716e+01
4.007220216606498298e+00 1.700034586257100244e+01
3.992805755395683498e+00 1.698701461683988612e+01
3.978494623655914442e+00 1.698730561425447760e+01
3.964285714285713969e+00 1.698305045129895419e+01
3.950177935943060437e+00 1.697978939315080638e+01
3.936170212765957022e+00 1.697945787476301405e+01
3.922261484098939821e+00 1.697975140545248962e+01
3.908450704225352013e+00 1.697992432758569947e+01
3.894736842105263275e+00 1.710178834578990958e+01
3.881118881118881259e+00 1.699466951107740442e+01
3.867595818815330766e+00 1.699245499940276360e+01
3.854166666666666519e+00 1.705268178775548904e+01
3.840830449826988957e+00 1.702678636951208091e+01
3.827586206896551602e+00 1.698020571526289046e+01
3.814432989690721421e+00 1.700548957763075819e+01
3.801369863013698946e+00 1.702310905781507699e+01
3.788395904436860473e+00 1.775678492130041164e+01
3.775510204081632626e+00 1.698776179764032435e+01
3.762711864406779849e+00 1.699256194448471291e+01
3.749999999999999556e+00 1.700217930389165844e+01
3.737373737373737015e+00 1.702149047106623669e+01
3.724832214765100513e+00 1.700051301475644294e+01
3.712374581939799523e+00 2.199681548590302782e+01
3.700000000000000178e+00 1.698619071705818229e+01
3.687707641196013242e+00 1.870631183187603952e+01
3.675496688741721751e+00 1.698663877544641565e+01
3.663366336633663067e+00 1.699285411881208674e+01
3.651315789473684070e+00 1.699674018975257894e+01
3.639344262295082011e+00 1.707872442735076035e+01
3.627450980392156854e+00 2.481702139502883142e+01
3.615635179153094736e+00 1.701799668028831647e+01
3.603896103896103931e+00 1.706238288687587001e+01
3.592233009708738045e+00 1.706625763480424851e+01
3.580645161290322065e+00 1.704749612351536925e+01
3.569131832797427517e+00 1.698647688453555205e+01
3.557692307692307487e+00 1.714912450674772515e+01
3.546325878594249303e+00 1.727825090843320055e+01
3.535031847133758287e+00 1.703975515178322908e+01
3.523809523809523725e+00 1.790201331508875171e+01
3.512658227848100889e+00 1.704024014665365527e+01
3.501577287066245603e+00 1.698959962560296333e+01
3.490566037735848948e+00 2.162012385905385159e+01
3.479623824451410830e+00 1.706149290147543240e+01
3.468750000000000000e+00 1.887599732293963584e+01
3.457943925233645022e+00 1.756813863150835076e+01
3.447204968944099335e+00 1.703021838682174760e+01
3.436532507739937792e+00 1.715468687294602645e+01
3.425925925925925597e+00 1.755590663109898841e+01
3.415384615384615241e+00 2.449792639234066272e+01
3.404907975460122582e+00 1.812212435416579481e+01
3.394495412844036775e+00 2.458101018958449657e+01
3.384146341463414753e+00 1.783979643728852338e+01
3.373860182370820748e+00 1.709726864004373681e+01
3.363636363636363313e+00 1.781608448533415867e+01
3.353474320241691675e+00 1.708666611262917812e+01
3.343373493975903443e+00 1.721610765798807208e+01
3.333333333333333481e+00 1.740415172447681513e+01
3.323353293413173759e+00 3.511309188210249488e+01
3.313432835820895317e+00 2.545944828338265609e+01
3.303571428571428381e+00 1.709009175675749859e+01
3.293768545994064656e+00 1.705127708494901739e+01
3.284023668639052929e+00 1.703433254992485146e+01
3.274336283185840468e+00 1.706895356312275069e+01
3.264705882352941124e+00 2.175115278049588241e+01
3.255131964809384382e+00 2.279129576853632955e+01
3.245614035087719174e+00 1.711944838666200752e+01
3.236151603498542251e+00 2.346372157004595138e+01
3.226744186046511587e+00 1.709402440822839964e+01
3.217391304347825720e+00 1.704654692011595074e+01
3.208092485549132622e+00 1.701959144506335520e+01
3.198847262247838774e+00 1.701213351546168440e+01
3.189655172413792705e+00 2.284658243374228803e+01
3.180515759312320778e+00 1.717532005481362489e+01
3.171428571428571264e+00 1.701811711960673534e+01
3.162393162393162260e+00 1.698273730388999070e+01
3.153409090909090828e+00 1.699573458911418911e+01
3.144475920679886460e+00 1.795082765487074994e+01
3.135593220338983134e+00 1.698028901580214622e+01
3.126760563380281521e+00 1.698355997410416762e+01
3.117977528089887596e+00 1.698109870978713332e+01
3.109243697478991653e+00 1.698105313041806497e+01
3.100558659217877100e+00 1.698015522523641607e+01
3.091922005571030585e+00 1.698004533820033046e+01
3.083333333333333037e+00 1.698040927256345967e+01
3.074792243767312971e+00 1.698014277226090485e+01
3.066298342541436295e+00 1.698083550744176051e+01
3.057851239669421517e+00 1.699046298394799237e+01
3.049450549450549275e+00 1.698027348433137007e+01
3.041095890410959068e+00 1.698033347939372106e+01
3.032786885245901232e+00 1.698079384877920361e+01
3.024523160762942808e+00 1.702206336986780144e+01
3.016304347826086918e+00 1.698234244276046923e+01
3.008130081300812719e+00 1.698412335132837470e+01
3.000000000000000000e+00 1.698135723376631745e+01
2.991913746630727733e+00 1.698512291906357063e+01
2.983870967741935498e+00 1.983374139236211775e+01
2.975871313672922014e+00 1.700046200403094332e+01
2.967914438502673669e+00 1.698405868242740624e+01
2.959999999999999964e+00 1.698155500888466918e+01
2.952127659574467877e+00 1.698137606747150485e+01
2.944297082228116480e+00 1.698840234372973512e+01
2.936507936507936289e+00 1.698168901246309304e+01
2.928759894459103119e+00 1.698116654003977999e+01
2.921052631578947345e+00 1.698190397102236915e+01
2.913385826771653697e+00 1.698128610440254249e+01
2.905759162303664933e+00 1.698188467763781517e+01
2.898172323759790725e+00 1.701293224737644394e+01
2.890625000000000000e+00 1.699710317655086556e+01
2.883116883116882967e+00 2.328951892115116351e+01
2.875647668393782386e+00 1.740265960715770888e+01
2.868217054263565657e+00 1.706937017146348978e+01
2.860824742268041287e+00 2.142722005763411630e+01
2.853470437017994854e+00 1.790973250761747337e+01
2.846153846153845812e+00 2.189492535826802566e+01
2.838874680306905152e+00 3.682174696276783976e+01
2.831632653061224580e+00 1.770592101875782021e+01
2.824427480916030131e+00 5.363591905453920816e+01
2.817258883248730861e+00 2.282522592912793513e+01
2.810126582278480889e+00 3.271290608432412483e+01
2.803030303030303205e+00 5.571996589936853184e+01
2.795969773299747718e+00 2.305230956175685009e+01
2.788944723618090205e+00 2.344300327634215719e+01
2.781954887218045069e+00 2.693098394010424812e+01
2.774999999999999911e+00 2.636463082963943805e+01
2.768079800498752796e+00 2.288322094302535348e+01
2.761194029850746023e+00 2.807427950124263916e+01
2.754342431761786614e+00 2.745428090879440575e+01
2.747524752475247301e+00 3.289523448233843084e+01
2.740740740740740478e+00 2.906255432589292909e+01
2.733990147783251334e+00 1.899130906780004580e+01
2.727272727272727071e+00 1.804168391567945662e+01
2.720588235294117307e+00 1.973483975593805440e+01
2.713936430317848369e+00 2.769227914868712759e+01
2.707317073170731891e+00 3.031600386284589987e+01
2.700729927007299302e+00 3.171754678922534154e+01
2.694174757281553312e+00 2.826520765369415500e+01
2.687651331719128400e+00 2.895407321455597938e+01
2.681159420289854989e+00 3.636580271926045782e+01
2.674698795180722843e+00 5.794300376910805994e+01
2.668269230769230838e+00 2.703082807899952300e+01
2.661870503597122184e+00 1.773074873883605207e+01
2.655502392344497586e+00 1.765527999791145319e+01
2.649164677804296097e+00 1.698352701648712326e+01
2.642857142857142794e+00 1.698459621899247196e+01
2.636579572446555719e+00 1.698382169525146779e+01
2.630331753554502328e+00 1.714114369149565675e+01
2.624113475177304977e+00 1.701071408056378331e+01
2.617924528301887044e+00 1.699068763932228165e+01
2.611764705882352988e+00 1.708224522153854608e+01
2.605633802816901490e+00 1.719877090839505485e+01
2.599531615925058770e+00 2.089901735245943115e+01
2.593457943925233433e+00 1.738042765812278034e+01
2.587412587412587506e+00 1.726031415702700755e+01
2.581395348837209447e+00 1.698695615259170566e+01
2.575406032482598473e+00 1.699037072687029948e+01
2.569444444444444198e+00 1.699936098665952855e+01
2.563510392609699817e+00 1.700804558396458788e+01
2.557603686635944840e+00 1.842319139036655429e+01
2.551724137931034253e+00 1.708686456376910456e+01
2.545871559633027470e+00 1.700879373267531491e+01
2.540045766590389054e+00 1.698565698961854054e+01
2.534246575342465668e+00 1.698641426897049200e+01
2.528473804100227706e+00 1.698763239137649705e+01
2.522727272727272485e+00 1.709026254786252963e+01
2.517006802721088565e+00 1.698695566358566467e+01
2.511312217194570096e+00 1.698828748762846175e+01
2.505643340857787837e+00 1.698605294531106935e+01
2.500000000000000000e+00 1.701039355175972290e+01
2.494382022471909988e+00 1.735570375557661293e+01
2.488789237668161292e+00 1.698910270323634464e+01
2.483221476510066861e+00 1.698646245445490166e+01
2.477678571428571619e+00 1.714216319070697025e+01
2.472160356347438803e+00 1.698933124528169714e+01
2.466666666666666785e+00 1.699067384112358070e+01
2.461197339246119942e+00 1.699287413986444761e+01
2.455752212389380240e+00 1.730840501162886724e+01
2.450331125827814649e+00 1.704863058608293613e+01
2.444933920704845942e+00 1.783227873261332519e+01
2.439560439560439331e+00 1.730710941351533094e+01
2.434210526315789380e+00 1.704867915040970061e+01
2.428884026258205431e+00 1.710990773866653569e+01
2.423580786026200862e+00 1.705997648469805839e+01
2.418300653594771532e+00 1.707428040285229898e+01
2.413043478260869623e+00 1.698945626276612586e+01
2.407809110629067550e+00 1.700594823576689052e+01
2.402597402597403065e+00 1.701756481804013532e+01
2.397408207343412201e+00 1.702694239848852220e+01
2.392241379310344751e+00 1.765323547123670878e+01
2.387096774193548487e+00 1.702737276720881709e+01
2.381974248927038129e+00 1.775061334245920364e+01
2.376873661670235283e+00 1.798777064472198717e+01
2.371794871794871362e+00 1.781275519016623576e+01
2.366737739872068147e+00 1.703043667276740081e+01
2.361702127659574213e+00 1.844804794268727477e+01
2.356687898089171895e+00 1.722517121060609924e+01
2.351694915254237461e+00 1.865961530329227713e+01
2.346723044397462932e+00 1.751646499487519293e+01
2.341772151898734222e+00 1.701248671872496843e+01
2.336842105263158054e+00 1.702038390483856389e+01
2.331932773109243406e+00 1.720453503029585107e+01
2.327044025157232632e+00 1.723731993202328994e+01
2.322175732217573341e+00 1.729366387737035993e+01
2.317327766179540838e+00 3.373809274057865082e+01
2.312499999999999556e+00 1.700063950461149531e+01
2.307692307692307487e+00 1.706928131496310286e+01
2.302904564315352509e+00 1.755730238995313641e+01
2.298136645962732594e+00 1.917747326521158513e+01
2.293388429752066138e+00 1.706600802344918222e+01
2.288659793814432852e+00 1.701943613260388588e+01
2.283950617283950546e+00 1.969305230886697800e+01
2.279260780287474475e+00 1.700738550875783162e+01
2.274590163934426368e+00 1.986784775605917019e+01
2.269938650306748684e+00 1.713117601602673545e+01
2.265306122448979220e+00 1.754225373965024914e+01
2.260692464358451836e+00 1.752101212360978266e+01
2.256097560975609539e+00 1.725548251968026392e+01
2.251521298174442354e+00 1.712275620860576808e+01
2.246963562753036214e+00 1.756326054867029285e+01
2.242424242424242209e+00 1.709871072633862710e+01
2.237903225806451513e+00 1.823683515493273788e+01
2.233400402414486674e+00 2.687531636646390254e+01
2.228915662650602147e+00 1.700925563840031884e+01
2.224448897795590963e+00 1.705588380782008429e+01
2.220000000000000195e+00 1.699608523506760704e+01
2.215568862275449025e+00 1.699327305127978605e+01
2.211155378486056033e+00 1.699514159176707295e+01
2.206759443339960658e+00 1.700203568764328921e+01
2.202380952380952106e+00 2.694330373188138239e+01
2.198019801980197752e+00 1.701172875237345750e+01
2.193675889328063011e+00 1.709458579634428332e+01
2.189349112426035582e+00 1.699826929880976678e+01
2.185039370078739829e+00 1.702707845435738676e+01
2.180746561886050650e+00 1.699313249003052917e+01
2.176470588235293935e+00 1.704976742009043988e+01
2.172211350293542065e+00 1.701184972636342252e+01
2.167968750000000000e+00 1.706788503651738154e+01
2.163742690058479301e+00 1.699883490699053112e+01
2.159533073929960967e+00 1.699695481166720512e+01
2.155339805825242649e+00 1.700647270095586805e+01
2.151162790697674687e+00 1.700099633219599937e+01
2.147001934235976961e+00 1.700433312502146066e+01
2.142857142857142794e+00 1.699308792300701398e+01
2.138728323699421896e+00 1.702925419371485916e+01
2.134615384615384581e+00 1.699356286419630280e+01
2.130518234165066804e+00 1.699372004176616713e+01
2.126436781609195137e+00 1.700351269759059036e+01
2.122370936902485461e+00 1.699473096790790549e+01
2.118320610687022931e+00 1.701202017542123812e+01
2.114285714285714324e+00 1.699921150169730311e+01
2.110266159695817212e+00 1.699590501120567509e+01
2.106261859582542861e+00 1.710213695185065319e+01
2.102272727272727515e+00 1.726321353448271978e+01
2.098298676748582281e+00 1.705257426039814916e+01
2.094339622641509635e+00 1.703802809022426601e+01
2.090395480225988756e+00 1.702277902356744121e+01
2.086466165413533691e+00 1.751022012952208584e+01
2.082551594746716805e+00 1.718231864108681961e+01
2.078651685393258397e+00 1.708833181507110766e+01
2.074766355140186480e+00 1.742650206326008089e+01
2.070895522388059629e+00 1.718549778837561703e+01
2.067039106145251104e+00 1.726670621095776781e+01
2.063197026022304481e+00 1.813174028455138398e+01
2.059369202226344786e+00 2.227800196968198065e+01
2.055555555555555358e+00 2.010920464018344944e+01
2.051756007393715553e+00 1.774222957741022100e+01
2.047970479704797064e+00 1.739890915112257019e+01
2.044198895027624197e+00 1.703175424222827061e+01
2.040441176470588314e+00 1.760426148591399453e+01
2.036697247706422242e+00 1.704117911400556551e+01
2.032967032967032850e+00 1.703706728095531631e+01
2.029250457038391353e+00 1.705060020083785233e+01
2.025547445255474255e+00 1.736349013587236456e+01
2.021857923497267340e+00 1.725249670254826739e+01
2.018181818181818077e+00 2.200984694036126399e+01
2.014519056261342644e+00 1.997376247542023719e+01
2.010869565217391131e+00 3.007770295682191986e+01
2.007233273056057588e+00 2.013966163515091168e+01
2.003610108303249149e+00 2.164431619585633371e+01
2.000000000000000000e+00 1.789557748931527215e+01
1.996402877697841749e+00 1.741662465873480059e+01
1.992818671454219093e+00 1.700954420136213585e+01
1.989247311827957221e+00 1.702009466754198286e+01
1.985688729874776293e+00 1.705130783262610450e+01
1.982142857142856984e+00 1.709047221245289094e+01
1.978609625668449112e+00 1.702677107423186342e+01
1.975088967971530218e+00 1.703062120053887440e+01
1.971580817051509449e+00 2.398363491310358242e+01
1.968085106382978511e+00 1.850824138265371488e+01
1.964601769911504148e+00 2.575063138499260162e+01
1.961130742049469911e+00 1.713390558556556797e+01
1.957671957671957674e+00 2.261671143040180354e+01
1.954225352112676006e+00 1.777590649825573266e+01
1.950790861159929612e+00 1.874923850732684372e+01
1.947368421052631637e+00 1.710622311040520671e+01
1.943957968476357268e+00 1.706802018435955048e+01
1.940559440559440407e+00 1.708752959616899503e+01
1.937172774869109881e+00 1.700190359148502495e+01
1.933797909407665383e+00 1.700070097130775437e+01
1.930434782608695610e+00 1.700229411339163832e+01
1.927083333333333259e+00 1.700253849879741708e+01
1.923743500866551104e+00 1.700112127393484229e+01
1.920415224913494923e+00 1.702909700680732996e+01
1.917098445595854850e+00 1.700199884085893842e+01
1.913793103448275801e+00 1.700141902012705941e+01
1.910499139414801872e+00 1.702202957254052151e+01
1.907216494845360710e+00 1.700262535822749399e+01
1.903945111492281406e+00 1.700464122019767998e+01
1.900684931506849473e+00 1.700428818667888820e+01
1.897435897435897134e+00 1.700358015645742427e+01
1.894197952218429792e+00 1.700289815227628054e+01
1.890971039182282709e+00 1.700447518069267261e+01
1.887755102040816313e+00 1.701884570007324271e+01
1.884550084889643484e+00 1.716832747113585711e+01
1.881355932203389925e+00 1.715086858371854106e+01
1.878172588832487389e+00 1.700633236660599934e+01
1.874999999999999778e+00 1.700562662988305362e+01
1.871838111298482099e+00 1.700564932474851787e+01
1.868686868686868507e+00 1.700417284883380020e+01
1.865546218487394992e+00 1.714900569964408916e+01
1.862416107382550257e+00 1.700567126751184688e+01
1.859296482412060358e+00 1.700490196517229080e+01
1.856187290969899761e+00 1.714882447777986840e+01
1.853088480801335258e+00 1.700631379377126962e+01
1.849999999999999867e+00 1.702411494984865215e+01
1.846921797004991594e+00 1.701433181422591190e+01
1.843853820598006621e+00 1.700622870623588767e+01
1.840796019900497571e+00 1.700939696153760039e+01
1.837748344370860876e+00 1.701079346060991426e+01
1.834710743801652999e+00 1.702688376898288780e+01
1.831683168316831534e+00 1.701401660902500268e+01
1.828665568369027827e+00 1.702992356856942280e+01
1.825657894736842035e+00 1.700766711834073064e+01
1.822660098522167482e+00 1.700987421065688210e+01
1.819672131147541005e+00 1.702381509616136768e+01
1.816693944353518830e+00 1.700718931616425778e+01
1.813725490196078427e+00 1.700997181099772604e+01
1.810766721044045457e+00 1.701290043513179029e+01
1.807817589576547146e+00 1.700786695530533876e+01
1.804878048780487632e+00 1.700792028130889122e+01
1.801948051948051965e+00 1.700851595235348057e+01
1.799027552674230090e+00 1.700873072122097085e+01
1.796116504854369023e+00 1.701078690967321450e+01
1.793214862681744792e+00 1.704118196905374560e+01
1.790322580645161032e+00 1.705266168635845148e+01
1.787439613526569993e+00 1.779355727734565917e+01
1.784565916398713759e+00 1.707683019696832005e+01
1.781701444622792785e+00 1.701073606798410509e+01
1.778846153846153744e+00 1.701162096887588504e+01
1.776000000000000023e+00 1.702626335811376634e+01
1.773162939297124652e+00 1.714280226318240352e+01
1.770334928229664984e+00 1.701357352428913217e+01
1.767515923566878921e+00 1.702825032744884481e+01
1.764705882352941124e+00 1.701924336988806985e+01
1.761904761904761862e+00 1.701571733487367766e+01
1.759112519809825637e+00 1.702522369117260226e+01
1.756329113924050667e+00 1.744391216466069494e+01
1.753554502369668366e+00 1.702244587078929072e+01
1.750788643533122801e+00 1.701358993062973113e+01
1.748031496062991907e+00 1.714338088521361314e+01
1.745283018867924474e+00 1.701512073790312130e+01
1.742543171114599554e+00 1.701421361827731360e+01
1.739811912225705415e+00 1.701965843514561882e+01
1.737089201877934252e+00 1.702602730081320104e+01
1.734375000000000000e+00 1.717380632599830648e+01
1.731669266770670568e+00 1.704988015508770971e+01
1.728971962616822289e+00 1.711433137877225974e+01
1.726283048211508575e+00 1.704646668277382915e+01
1.723602484472049667e+00 1.713460204980015789e+01
1.720930232558139483e+00 1.703313873489976160e+01
1.718266253869969118e+00 1.701863638962984382e+01
1.715610510046367887e+00 1.718847761068940372e+01
1.712962962962962798e+00 1.709826069942116789e+01
1.710323574730354235e+00 1.705840037486672500e+01
1.707692307692307621e+00 1.768647849392652560e+01
1.705069124423963078e+00 1.704123232751369699e+01
1.702453987730061291e+00 1.726046167782545382e+01
1.699846860643185353e+00 1.707463345274448585e+01
1.697247706422018387e+00 1.704482339262366608e+01
1.694656488549618256e+00 1.709354390421628977e+01
1.692073170731707155e+00 1.703988904971480522e+01
1.689497716894977186e+00 1.702270406703233974e+01
1.686930091185410374e+00 1.702454014902114920e+01
1.684370257966615991e+00 1.703712163238883193e+01
1.681818181818181879e+00 1.702608775907874161e+01
1.679273827534039309e+00 1.701950192114830074e+01
1.676737160120845838e+00 1.703750757982134800e+01
1.674208144796379916e+00 1.704288294487238176e+01
1.671686746987951722e+00 1.702860021491050802e+01
1.669172932330827086e+00 1.702500443604111879e+01
1.666666666666666741e+00 1.752952924243331267e+01
1.664167916041979112e+00 1.702935110274791697e+01
1.661676646706586657e+00 1.702392051842808840e+01
1.659192825112107528e+00 1.703313182769894851e+01
1.656716417910447658e+00 1.708981339929700027e+01
1.654247391952309965e+00 1.702598474656105054e+01
1.651785714285714191e+00 1.704050069414496704e+01
1.649331352154531860e+00 1.707944640948653259e+01
1.646884272997032772e+00 1.706080587099194545e+01
1.644444444444444375e+00 1.703103023329496679e+01
1.642011834319526464e+00 1.703312731812238923e+01
1.639586410635154978e+00 1.703027363510728165e+01
1.637168141592920234e+00 1.791257398854851957e+01
1.634756995581737815e+00 1.702685459364652942e+01
1.632352941176470562e+00 1.703239616608858142e+01
1.629955947136563887e+00 1.705294968465209138e+01
1.627565982404691969e+00 1.705792805459856964e+01
1.625183016105417044e+00 1.707799161025643642e+01
1.622807017543859587e+00 1.711735997848749236e+01
1.620437956204379581e+00 1.702807850482702534e+01
1.618075801749271125e+00 1.709200691108465264e+01
1.615720524017467241e+00 1.740511125648975366e+01
1.613372093023255793e+00 1.703556671044588100e+01
1.611030478955007172e+00 1.709542367283940578e+01
1.608695652173912860e+00 1.709201680854440042e+01
1.606367583212735095e+00 1.708248023837208862e+01
1.604046242774566311e+00 1.705610129911899620e+01
1.601731601731601673e+00 1.708877236918449682e+01
1.599423631123919387e+00 1.704852698318481430e+01
1.597122302158273444e+00 1.782225100927949057e+01
1.594827586206896353e+00 1.703000676913023170e+01
1.592539454806312538e+00 1.702907516461968385e+01
1.590257879656160389e+00 1.702876504255652534e+01
1.587982832618025641e+00 1.702932232045531435e+01
1.585714285714285632e+00 1.708257628883838919e+01
1.583452211126961551e+00 1.712379024289965912e+01
1.581196581196581130e+00 1.703767696787118879e+01
1.578947368421052433e+00 1.716368245749115928e+01
1.576704545454545414e+00 1.709722593574643312e+01
1.574468085106382809e+00 1.704810306941866926e+01
1.572237960339943230e+00 2.074884427421212507e+01
1.570014144271570045e+00 1.717281307221889719e+01
1.567796610169491567e+00 1.703574660236001037e+01
1.565585331452750362e+00 1.705840958385110184e+01
1.563380281690140761e+00 1.703241220576644110e+01
1.561181434599155926e+00 1.703283175840139663e+01
1.558988764044943798e+00 1.703400358664512737e+01
1.556802244039270589e+00 1.703323291197657596e+01
1.554621848739495826e+00 1.703365216992259334e+01
1.552447552447552503e+00 1.703401538167119256e+01
1.550279329608938550e+00 1.703421982272625002e+01
1.548117154811715412e+00 1.721004187709689148e+01
1.545961002785515293e+00 1.703526814109206455e+01
1.543810848400556157e+00 1.704015058360457502e+01
1.541666666666666519e+00 1.703764832456588962e+01
1.539528432732316210e+00 1.716918267580509294e+01
1.537396121883656486e+00 1.704441540812611677e+01
1.535269709543568561e+00 1.705223080463647989e+01
1.533149171270718147e+00 1.703914268752336625e+01
1.531034482758620641e+00 1.703849226670027051e+01
1.528925619834710758e+00 1.736449878282904891e+01
1.526822558459422163e+00 1.703823560962677064e+01
1.524725274725274637e+00 1.703851206429362364e+01
1.522633744855967031e+00 1.703846412620067596e+01
1.520547945205479534e+00 1.703883390776395856e+01
1.518467852257181727e+00 1.704438158906579304e+01
1.516393442622950616e+00 1.704147560663581018e+01
1.514324693042291781e+00 1.704091505102276827e+01
1.512261580381471404e+00 1.704255922554612468e+01
1.510204081632652962e+00 1.704054392822146724e+01
1.508152173913043459e+00 1.704330089115262226e+01
1.506105834464043447e+00 1.704293381426334619e+01
1.504065040650406360e+00 1.704211132809877682e+01
1.502029769959404515e+00 1.704241627803683556e+01
1.500000000000000000e+00 1.704246709209203914e+01
1.497975708502024217e+00 1.704493807192206489e+01
1.495956873315363866e+00 1.706764627764701814e+01
1.493943472409152040e+00 1.705065367140889165e+01
1.491935483870967749e+00 1.704466067539572904e+01
1.489932885906040116e+00 1.704920997844815389e+01
1.487935656836461007e+00 1.704503394257545779e+01
1.485943775100401432e+00 1.704634008138776124e+01
1.483957219251336834e+00 1.704923296619653783e+01
1.481975967957276374e+00 1.704828174354195625e+01
1.479999999999999982e+00 1.714350143767953227e+01
1.478029294274300964e+00 1.717251651692032866e+01
1.476063829787233939e+00 1.704957411416530633e+01
1.474103585657370319e+00 1.712176644618630661e+01
1.472148541114058240e+00 1.705833918119788351e+01
1.470198675496688701e+00 1.704895470347881314e+01
1.468253968253968145e+00 1.705737480093836922e+01
1.466314398943196817e+00 1.705052782124877098e+01
1.464379947229551338e+00 1.704933292702794390e+01
1.462450592885375489e+00 1.705013490957856348e+01
1.460526315789473673e+00 1.705106916790604643e+01
1.458607095926412578e+00 1.705549525881529149e+01
1.456692913385826849e+00 1.706110189477205452e+01
1.454783748361730078e+00 1.705976346805453403e+01
1.452879581151832467e+00 1.705528570258617549e+01
1.450980392156862697e+00 1.706820117055773878e+01
1.449086161879895363e+00 2.199654091299176528e+01
1.447196870925684387e+00 1.738864434911370438e+01
1.445312500000000000e+00 1.708065020014882052e+01
1.443433029908972598e+00 1.708345898778438610e+01
1.441558441558441483e+00 1.741226973645448695e+01
1.439688715953307385e+00 1.725406998625993893e+01
1.437823834196890971e+00 1.711172451771140146e+01
1.435963777490297355e+00 2.093673482394814656e+01
1.434108527131782829e+00 1.709609329073667539e+01
1.432258064516128915e+00 2.067118097381830211e+01
1.430412371134020644e+00 1.706669174073457995e+01
1.428571428571428603e+00 1.706913339961886678e+01
1.426735218508997427e+00 1.714222467971086772e+01
1.424903722721437616e+00 1.707127081176757954e+01
1.423076923076922906e+00 1.710429025106787648e+01
1.421254801536491641e+00 1.709169714153051345e+01
1.419437340153452576e+00 1.706305480844021005e+01
1.417624521072796906e+00 1.706935290899873081e+01
1.415816326530612290e+00 1.707128876564741304e+01
1.414012738853503315e+00 1.706343596315741706e+01
1.412213740458015065e+00 1.706468002693891606e+01
1.410419313850063361e+00 1.706849304952025648e+01
1.408629441624365430e+00 1.727177765442967683e+01
1.406844106463878363e+00 1.711118281130552532e+01
1.405063291139240444e+00 1.707707376485586437e+01
1.403286978508217375e+00 1.722476186480283999e+01
1.401515151515151603e+00 1.710225166883707359e+01
1.399747793190416090e+00 1.707739334425091826e+01
1.397984886649873859e+00 1.707890099388837868e+01
1.396226415094339535e+00 1.712979311653256431e+01
1.394472361809045102e+00 1.708066154828906136e+01
1.392722710163111666e+00 1.707429808764934620e+01
1.390977443609022535e+00 1.708917416193843053e+01
1.389236545682102753e+00 1.708838178305864375e+01
1.387499999999999956e+00 1.707926347099900255e+01
1.385767790262172117e+00 1.724812081426620480e+01
1.384039900249376398e+00 1.707977671659231333e+01
1.382316313823163112e+00 1.774639537842750769e+01
1.380597014925373012e+00 1.804551965157270743e+01
1.378881987577639689e+00 1.709720966017007981e+01
1.377171215880893307e+00 1.743550809798240664e+01
1.375464684014869876e+00 1.711129155651211775e+01
1.373762376237623650e+00 1.761497558853388057e+01
1.372064276885043288e+00 1.712412835753917761e+01
1.370370370370370239e+00 1.714381649436831623e+01
1.368680641183723790e+00 1.731354117800474413e+01
1.366995073891625667e+00 1.728786354790926083e+01
1.365313653136531302e+00 1.751495202406644935e+01
1.363636363636363535e+00 1.707798872668266554e+01
1.361963190184048988e+00 1.739424766181349824e+01
1.360294117647058654e+00 1.716867356540680234e+01
1.358629130966952259e+00 1.713856605539321976e+01
1.356968215158924185e+00 1.749001582212328998e+01
1.355311355311355381e+00 1.708239906376362072e+01
1.353658536585365946e+00 1.709067592189789053e+01
1.352009744214372589e+00 1.710296875412345230e+01
1.350364963503649651e+00 1.721391501284957215e+01
1.348724179829890568e+00 1.708300632350683301e+01
1.347087378640776656e+00 1.736863947106361650e+01
1.345454545454545459e+00 1.712566057033658140e+01
1.343825665859564200e+00 1.716362397024631647e+01
1.342200725513905679e+00 1.710349121187925547e+01
1.340579710144927494e+00 1.710231526272177760e+01
1.338962605548853935e+00 1.711075548035383420e+01
1.337349397590361422e+00 1.709292875719189908e+01
1.335740072202165951e+00 1.708501575389146865e+01
1.334134615384615419e+00 1.708206748607278058e+01
1.332533013205282169e+00 1.708783092166423856e+01
1.330935251798561092e+00 1.745113326147437149e+01
1.329341317365269282e+00 1.711406207414150416e+01
1.327751196172248793e+00 1.708548211270809247e+01
1.326164874551971185e+00 1.708731052044034016e+01
1.324582338902148049e+00 1.708536618468642487e+01
1.323003575685339772e+00 1.708530861474871898e+01
1.321428571428571397e+00 1.708638837337494110e+01
1.319857312722948706e+00 1.708785972301840772e+01
1.318289786223277860e+00 1.709271069443822100e+01
1.316725978647686812e+00 1.710610333166241759e+01
1.315165876777251164e+00 1.710155364025235158e+01
1.313609467455621349e+00 1.708957521791935008e+01
1.312056737588652489e+00 1.709710413852572586e+01
1.310507674144037793e+00 1.710042910306215447e+01
1.308962264150943300e+00 1.708990533499240883e+01
1.307420494699646607e+00 1.709143453392505663e+01
1.305882352941176494e+00 1.709096624919414609e+01
1.304347826086956541e+00 1.709990688086509891e+01
1.302816901408450745e+00 1.709238664509058125e+01
1.301289566236811357e+00 1.709291805528402364e+01
1.299765807962529385e+00 1.709310703164220158e+01
1.298245614035087536e+00 1.709435308611273996e+01
1.296728971962616717e+00 1.709891006816268089e+01
1.295215869311551860e+00 1.709597260566711441e+01
1.293706293706293753e+00 1.709556210901141426e+01
1.292200232828870643e+00 1.709715545232057821e+01
1.290697674418604723e+00 1.712095930488705875e+01
1.289198606271777070e+00 1.709696295984745262e+01
1.287703016241299236e+00 1.709745934584736915e+01
1.286210892236384629e+00 1.709809643492341280e+01
1.284722222222222099e+00 1.709854208451509550e+01
1.283236994219653093e+00 1.709908243492960978e+01
1.281755196304849909e+00 1.709964388460397799e+01
1.280276816608996615e+00 1.710028862557292229e+01
1.278801843317972420e+00 1.710084381653428309e+01
1.277330264672036808e+00 1.710145066592812668e+01
1.275862068965517127e+00 1.710192860965490524e+01
1.274397244546498165e+00 1.710250224530577867e+01
1.272935779816513735e+00 1.710328293661952159e+01
1.271477663230240474e+00 1.710394349643945944e+01
1.270022883295194527e+00 1.710637448913455216e+01
1.268571428571428683e+00 1.710486240736365460e+01
1.267123287671232834e+00 1.710541901031971079e+01
1.265678449258836880e+00 1.710667810116052934e+01
1.264236902050113853e+00 1.710662849844694122e+01
1.262798634812286602e+00 1.710722514746547063e+01
1.261363636363636243e+00 1.710782290279626849e+01
1.259931895573212168e+00 1.710839434879541443e+01
1.258503401360544283e+00 1.710899021143675114e+01
1.257078142695356560e+00 1.710957586352944659e+01
1.255656108597285048e+00 1.711017767638802667e+01
1.254237288135593209e+00 1.711080410073280333e+01
1.252821670428893919e+00 1.711153254998803419e+01
1.251409244644870356e+00 1.711822581668138810e+01
1.250000000000000000e+00 1.711258730101466341e+01
1.248593925759280188e+00 1.711325191643357257e+01
1.247191011235954994e+00 1.711380483870387081e+01
1.245791245791245672e+00 1.711522092084765490e+01
1.244394618834080646e+00 1.711504433980107365e+01
1.243001119820828615e+00 1.711566714454531635e+01
1.241610738255033430e+00 1.712318474071145147e+01
1.240223463687150751e+00 1.711697427349805878e+01
1.238839285714285809e+00 1.711947014938592915e+01
1.237458193979932952e+00 1.711825391606688740e+01
1.236080178173719402e+00 1.711883649741649904e+01
1.234705228031145685e+00 1.712551469030738005e+01
1.233333333333333393e+00 1.712014267171740656e+01
1.231964483906770269e+00 1.750324903715133829e+01
1.230598669623059971e+00 1.712268168969512061e+01
1.229235880398671155e+00 1.714321873317718570e+01
1.227876106194690120e+00 1.712468028942346621e+01
1.226519337016574562e+00 1.712458879835724801e+01
1.225165562913907324e+00 1.712517424096465390e+01
1.223814773980154369e+00 1.712750114896774534e+01
1.222466960352422971e+00 1.735831994067549999e+01
1.221122112211221022e+00 1.712939577692747406e+01
1.219780219780219666e+00 1.716347295973897147e+01
1.218441273326015262e+00 1.724132051952362232e+01
1.217105263157894690e+00 1.712810665935516496e+01
1.215772179627601313e+00 1.713441048151016233e+01
1.214442013129102715e+00 1.712945158510446575e+01
1.213114754098360670e+00 1.713001203073382683e+01
1.211790393013100431e+00 1.713495525635361716e+01
1.210468920392584469e+00 1.714053259997368173e+01
1.209150326797385766e+00 1.750435836321115701e+01
1.207834602829162218e+00 1.725249653251528770e+01
1.206521739130434812e+00 1.713638171015978173e+01
1.205211726384364912e+00 1.713689705138802566e+01
1.203904555314533775e+00 2.569688899147868355e+01
1.202600216684723833e+00 1.713732134795904472e+01
1.201298701298701088e+00 1.713704298539281012e+01
1.199999999999999956e+00 1.713729687374472732e+01
1.198704103671706100e+00 1.714197550960898653e+01
1.197411003236245941e+00 1.714441547544717892e+01
1.196120689655172376e+00 1.713930974525094086e+01
1.194833153928955838e+00 1.716361865139365506e+01
1.193548387096774244e+00 1.714892929243087849e+01
1.192266380236304713e+00 1.717252649378776752e+01
1.190987124463519065e+00 1.715145435415864128e+01
1.189710610932475765e+00 1.715900655647754647e+01
1.188436830835117641e+00 1.716200393558621684e+01
1.187165775401069379e+00 1.717184791034102531e+01
1.185897435897435681e+00 1.715586799269795648e+01
1.184631803628601876e+00 1.715765808621764421e+01
1.183368869936034073e+00 1.718307443064332318e+01
1.182108626198082879e+00 1.715806276101827876e+01
1.180851063829787106e+00 1.719275253476858367e+01
1.179596174282677934e+00 1.720735192721366857e+01
1.178343949044585948e+00 1.723925188275337206e+01
1.177094379639448629e+00 1.720534148298621346e+01
1.175847457627118731e+00 1.716212517235994639e+01
1.174603174603174649e+00 1.732806280839800905e+01
1.173361522198731466e+00 1.718398570065975406e+01
1.172122492080253542e+00 1.717677394511103728e+01
1.170886075949367111e+00 1.719891196536183386e+01
1.169652265542676650e+00 1.718811462456345751e+01
1.168421052631579027e+00 1.717965578933119986e+01
1.167192429022082090e+00 1.718313979555964721e+01
1.165966386554621703e+00 1.717129610502719927e+01
1.164742917103882336e+00 1.725785598005056443e+01
1.163522012578616316e+00 1.720954096488714313e+01
1.162303664921465973e+00 1.724334144205570496e+01
1.161087866108786670e+00 1.760626884499073341e+01
1.159874608150470277e+00 1.717316661083221518e+01
1.158663883089770419e+00 1.717813154330134395e+01
1.157455683003127955e+00 1.727138199831366805e+01
1.156249999999999778e+00 1.729314621810555508e+01
1.155046826222684508e+00 1.723971912625789926e+01
1.153846153846153744e+00 1.719064694546818828e+01
1.152647975077881526e+00 1.718798908167362427e+01
1.151452282157676255e+00 1.719737622354626794e+01
1.150259067357512821e+00 1.717930799404502196e+01
1.149068322981366297e+00 1.719337003970742472e+01
1.147880041365046511e+00 1.720561616186022746e+01
1.146694214876033069e+00 1.717803761532068307e+01
1.145510835913312597e+00 1.719116775017023357e+01
1.144329896907216426e+00 1.722664069606304338e+01
1.143151390319258498e+00 1.719587766841292620e+01
1.141975308641975273e+00 1.717858124939560938e+01
1.140801644398766745e+00 1.718701590935588186e+01
1.139630390143737237e+00 1.718522296683550010e+01
1.138461538461538636e+00 1.719323894706845479e+01
1.137295081967213184e+00 1.723175757607937086e+01
1.136131013306038939e+00 1.717693525075316430e+01
1.134969325153374342e+00 1.717685114808440261e+01
1.133810010214504782e+00 1.717927960937619503e+01
1.132653061224489610e+00 1.717996604135752037e+01
1.131498470948012258e+00 1.718781254198074393e+01
1.130346232179225918e+00 1.718832387162089503e+01
1.129196337741607215e+00 1.719102700906157466e+01
1.128048780487804770e+00 1.720896510413169977e+01
1.126903553299492433e+00 1.734585831668377054e+01
1.125760649087221177e+00 1.718584749274373280e+01
1.124620060790273435e+00 1.719686909387350227e+01
1.123481781376518107e+00 1.720655874593973422e+01
1.122345803842264678e+00 1.721472567257047004e+01
1.121212121212121104e+00 1.719669131045222343e+01
1.120080726538849492e+00 1.720747701820254605e+01
1.118951612903225756e+00 1.718831866311908030e+01
1.117824773413897077e+00 1.719674168130636360e+01
1.116700201207243337e+00 1.719537699894547700e+01
1.115577889447236126e+00 1.719194583549857214e+01
1.114457831325301074e+00 1.720264820454120880e+01
1.113340020060180402e+00 1.721400122392416066e+01
1.112224448897795481e+00 1.721971811714053402e+01
1.111111111111111160e+00 1.720335267144680103e+01
1.110000000000000098e+00 1.719493903682828062e+01
1.108891108891108868e+00 1.720312695598602559e+01
1.107784431137724512e+00 1.719648550303101686e+01
1.106679960119641093e+00 1.719731036648631317e+01
1.105577689243028017e+00 1.720041147428989703e+01
1.104477611940298587e+00 1.720094679707765550e+01
1.103379721669980329e+00 1.719987564180732065e+01
1.102284011916583761e+00 1.720077020014882052e+01
1.101190476190476053e+00 1.720163853943824961e+01
1.100099108027750239e+00 1.720252286781311213e+01
1.099009900990098876e+00 1.720341189770698520e+01
1.097922848664688367e+00 1.720430323593854993e+01
1.096837944664031506e+00 1.720519748573899577e+01
1.095755182625863799e+00 1.720609594705462442e+01
1.094674556213017569e+00 1.720702443233847845e+01
1.093596059113300267e+00 1.720793866059541699e+01
1.092519685039369914e+00 1.720887201168418201e+01
1.091445427728613415e+00 1.720974178499698937e+01
1.090373280943025325e+00 1.721081155692100495e+01
1.089303238469087276e+00 1.721153359308242869e+01
1.088235294117646967e+00 1.721244673837900407e+01
1.087169441723800034e+00 1.721336253971338337e+01
1.086105675146771032e+00 1.721428229223013062e+01
1.085043988269794646e+00 1.721521706336260138e+01
1.083984375000000000e+00 1.721612744013428653e+01
1.082926829268292757e+00 1.721705648920059417e+01
1.081871345029239651e+00 1.721798598235368871e+01
1.080817916260954137e+00 1.721891922774791794e+01
1.079766536964980483e+00 1.721985525104642178e+01
1.078717201166180750e+00 1.722090349940896203e+01
1.077669902912621325e+00 1.722180277912020685e+01
1.076624636275460789e+00 1.722268385998606988e+01
1.075581395348837122e+00 1.722412163825392994e+01
1.074540174249757785e+00 1.722458007956266712e+01
1.073500967117988258e+00 1.722561703284859647e+01
1.072463768115941907e+00 1.722649250711560498e+01
1.071428571428571397e+00 1.723195494361877422e+01
1.070395371263259454e+00 1.722841895947456337e+01
1.069364161849710948e+00 1.723000527267337034e+01
1.068334937439846088e+00 1.723033077906370281e+01
1.067307692307692291e+00 1.723135783207058935e+01
1.066282420749279591e+00 1.723229200634241209e+01
1.065259117082533624e+00 1.723326273090243532e+01
1.064237775647171702e+00 1.723426233838796762e+01
1.063218390804597790e+00 1.723534848436951705e+01
1.062200956937799035e+00 1.723617808256864592e+01
1.061185468451242730e+00 1.723716688057899660e+01
1.060171919770773519e+00 1.723814750714779009e+01
1.059160305343511466e+00 1.723918209266662771e+01
1.058150619637750145e+00 1.724013577732682378e+01
1.057142857142857162e+00 1.724165871244907677e+01
1.056137012369172234e+00 1.724213545128584002e+01
1.055133079847908606e+00 1.724338950140237969e+01
1.054131054131054013e+00 1.724454085083723243e+01
1.053130929791271431e+00 1.724543563072443320e+01
1.052132701421800931e+00 1.724624466482639562e+01
1.051136363636363757e+00 1.724742516211867382e+01
1.050141911069063516e+00 1.725156138673186490e+01
1.049149338374291140e+00 1.741292492408275905e+01
1.048158640226628746e+00 1.725020834780097090e+01
1.047169811320754595e+00 1.725127499479532389e+01
1.046182846371347619e+00 1.725225552980184673e+01
1.045197740112994156e+00 1.725328589775204691e+01
1.044214487300094030e+00 1.725435204925060262e+01
1.043233082706766846e+00 1.725536450636267816e+01
1.042253521126760507e+00 1.725644941018343204e+01
1.041275797373358403e+00 1.725743580192089155e+01
1.040299906279287701e+00 1.725852315126896031e+01
1.039325842696629199e+00 1.726583582124591132e+01
1.038353601496725842e+00 1.726057335029483042e+01
1.037383177570093462e+00 1.726232745990157369e+01
1.036414565826330625e+00 1.726267892398715276e+01
1.035447761194029814e+00 1.726372551283121126e+01
1.034482758620689502e+00 1.726478482076287335e+01
1.033519553072625552e+00 1.726584740331769297e+01
1.032558139534883512e+00 1.726691300231457049e+01
1.031598513011152241e+00 1.726798148248195730e+01
1.030640668523676862e+00 1.726905283012867187e+01
1.029684601113172393e+00 1.727012705758214040e+01
1.028730305838739589e+00 1.727120417521953755e+01
1.027777777777777679e+00 1.727228418526411247e+01
1.026827012025901986e+00 1.727336709239125412e+01
1.025878003696857776e+00 1.727445290065884720e+01
1.024930747922437657e+00 1.727554161458373372e+01
1.023985239852398532e+00 1.727663323959946950e+01
1.023041474654377891e+00 1.727772777880549526e+01
1.022099447513812098e+00 1.727882523804307269e+01
1.021159153633854455e+00 1.727992562195301218e+01
1.020220588235293935e+00 1.728102893555045227e+01
1.019283746556473691e+00 1.728213518215537192e+01
1.018348623853210899e+00 1.728324436754822813e+01
1.017415215398716599e+00 1.728435649641037131e+01
1.016483516483516425e+00 1.728547157306671167e+01
1.015553522415370447e+00 1.728658960299849667e+01
1.014625228519195677e+00 1.728771058912039038e+01
1.013698630136986356e+00 1.728883453777313406e+01
1.012773722627737127e+00 1.728996145351052505e+01
1.011850501367365540e+00 1.729109134021878447e+01
1.010928961748633892e+00 1.729222420281052663e+01
1.010009099181073733e+00 1.729336004679560901e+01
1.009090909090909038e+00 1.729449887552500087e+01
1.008174386920980714e+00 1.729564069457650177e+01
1.007259528130671322e+00 1.729678551161766364e+01
1.006346328195829365e+00 1.729793332211017898e+01
1.005434782608695565e+00 1.729908413991570626e+01
1.004524886877828038e+00 1.730023796718478479e+01
1.003616636528028794e+00 1.730139480693936349e+01
1.002710027100270906e+00 1.730255466558456590e+01
1.001805054151624574e+00 1.730371754724741251e+01
1.000901713255184733e+00 1.730488345650434567e+01
1.000000000000000000e+00 1.730605239801883855e+01
