1.000000000000000000e+01 1.204786845686316532e+01
9.910714285714286476e+00 1.099899843119740517e+01
9.823008849557522737e+00 1.756910290090203475e+01
9.736842105263157521e+00 1.122240895593285614e+01
9.652173913043478493e+00 1.004887268961787328e+01
9.568965517241379004e+00 1.471301551188945922e+01
9.487179487179489001e+00 1.185281954058408793e+01
9.406779661016949845e+00 1.362019186336636700e+01
9.327731092436973626e+00 1.251128436691641888e+01
9.250000000000000000e+00 1.274218415459871423e+01
9.173553719008264551e+00 1.204491160034418229e+01
9.098360655737705471e+00 1.346232436909198960e+01
9.024390243902438158e+00 1.317769975428223717e+01
8.951612903225806051e+00 1.208346628947735013e+01
8.880000000000000782e+00 1.187370618389129717e+01
8.809523809523808424e+00 1.970853004571199563e+01
8.740157480314961091e+00 1.201437081685543085e+01
8.671875000000000000e+00 1.560983811122059883e+01
8.604651162790698748e+00 1.357214553196668660e+01
8.538461538461538325e+00 1.536052818110466056e+01
8.473282442748091725e+00 1.524456378690481273e+01
8.409090909090910060e+00 1.949656833717346416e+01
8.345864661654134764e+00 2.809681228215575288e+01
8.283582089552238514e+00 1.548828414641261197e+01
8.222222222222221433e+00 1.752278703115225156e+01
8.161764705882353255e+00 3.059686503557563242e+01
8.102189781021897019e+00 1.426076931088090127e+01
8.043478260869564522e+00 2.393224132612586175e+01
7.985611510791366996e+00 2.297573349517107033e+01
7.928571428571427937e+00 2.814881878077626354e+01
7.872340425531914931e+00 2.809732105412006575e+01
7.816901408450704025e+00 1.937546266157746544e+01
7.762237762237762517e+00 3.083283328065514795e+01
7.708333333333333037e+00 2.791200640781164566e+01
7.655172413793103203e+00 3.124693206438303150e+01
7.602739726027397893e+00 3.028453393098473967e+01
7.551020408163265252e+00 2.633078246402383016e+01
7.499999999999999112e+00 2.619724733644127923e+01
7.449664429530201026e+00 2.873043625962973024e+01
7.400000000000000355e+00 2.780891225581169479e+01
7.350993377483443503e+00 5.473376230449200364e+01
7.302631578947368141e+00 3.048277814701438260e+01
7.254901960784313708e+00 -1.927824951779484763e+01
7.207792207792207861e+00 3.025573773244261844e+01
7.161290322580644130e+00 2.090841969005465728e+01
7.115384615384614975e+00 nan
7.070063694267516574e+00 -2.534896392845726325e+02
7.025316455696202667e+00 3.080561604905009432e+01
6.981132075471697895e+00 nan
6.937500000000000000e+00 3.019401354249716007e+01
6.894409937888198669e+00 3.060304479964494817e+01
6.851851851851851194e+00 7.546504295516014427e-01
6.809815950920245164e+00 3.085698080992460390e+01
6.768292682926828618e+00 2.983508992608070542e+01
6.727272727272727515e+00 2.996939397751331668e+01
6.686746987951806886e+00 2.971759756446957823e+01
6.646706586826347518e+00 -1.072489465963637940e+02
6.607142857142856762e+00 3.058576125129700074e+01
6.568047337278105857e+00 -1.130613990613263923e+03
6.529411764705882248e+00 2.875387936585903503e+01
6.491228070175439235e+00 -8.379793859059930128e+01
6.453488372093022285e+00 8.766330163290501076e+00
6.416184971098265244e+00 nan
6.379310344827586299e+00 2.982230504346013333e+01
6.342857142857142527e+00 -3.857061045308471137e+01
6.306818181818181657e+00 3.077033630796671204e+01
6.271186440677966267e+00 3.089467672495246120e+01
6.235955056179776079e+00 3.107534928539991803e+00
6.201117318435753312e+00 3.086087906449914087e+01
6.166666666666666075e+00 2.991232278054237526e+01
6.132596685082873478e+00 3.091285523151040238e+01
6.098901098901098550e+00 3.006383900812149435e+01
6.065573770491802463e+00 1.797068538140058536e+01
6.032608695652173836e+00 3.081467222821355278e+01
6.000000000000000000e+00 3.073301664623737750e+01
5.967741935483870108e+00 1.024553622864842417e+01
5.935828877005347337e+00 nan
5.904255319148936643e+00 2.873101856947541322e+01
5.873015873015872579e+00 2.926521231900453657e+01
5.842105263157894690e+00 3.044740869633317359e+01
5.811518324607329866e+00 3.088103097529530672e+01
5.781250000000000000e+00 nan
5.751295336787563883e+00 2.585421892009735245e+01
5.721649484536082575e+00 2.748626450412631428e+01
5.692307692307692513e+00 -2.155042754651761356e+02
5.663265306122449161e+00 3.055320171728849488e+01
5.634517766497461722e+00 3.053515051172376005e+01
5.606060606060606410e+00 3.050614273327351000e+01
5.577889447236180409e+00 -8.658422612679637496e+02
5.549999999999999822e+00 3.080440253622293767e+01
5.522388059701492047e+00 nan
5.495049504950495489e+00 2.869311939413309176e+01
5.467980295566502669e+00 -1.016163702473125568e+03
5.441176470588234615e+00 3.036862686453342519e+01
5.414634146341463783e+00 3.073174395736217690e+01
5.388349514563106624e+00 2.860676862511873608e+01
5.362318840579709978e+00 3.030743830610990841e+01
5.336538461538461675e+00 2.852996861163616416e+01
5.311004784688995173e+00 2.785924751269102373e+01
5.285714285714285587e+00 2.933725959841609310e+01
5.260663507109004655e+00 2.598813389463544254e+01
5.235849056603774088e+00 nan
5.211267605633802980e+00 3.076114650434374909e+01
5.186915887850466866e+00 2.596693896500945442e+01
5.162790697674418894e+00 3.070412755727052811e+01
5.138888888888889284e+00 3.069154934845686356e+01
5.115207373271888791e+00 nan
5.091743119266054940e+00 2.550070414855361278e+01
5.068493150684931337e+00 2.290861097792148726e+01
5.045454545454544970e+00 3.006804614902377537e+01
5.022624434389140191e+00 2.918031182715296978e+01
5.000000000000000000e+00 2.796546308401108050e+01
4.977578475336322583e+00 2.735460328976035171e+01
4.955357142857142350e+00 2.884516627575040104e+01
4.933333333333333570e+00 2.868758148307800582e+01
4.911504424778761368e+00 1.947519506164908520e+01
4.889867841409691884e+00 2.452944508298516624e+01
4.868421052631578760e+00 1.754597711510181668e+01
4.847161572052401723e+00 2.276382230702996523e+01
4.826086956521739246e+00 2.599455185695648396e+01
4.805194805194806129e+00 1.699246577333331132e+01
4.784482758620689502e+00 3.070605799861550622e+01
4.763948497854076258e+00 1.619681866100430767e+01
4.743589743589742724e+00 1.651546514055371517e+01
4.723404255319148426e+00 1.460420858847260561e+01
4.703389830508474923e+00 1.702082802539587192e+01
4.683544303797468444e+00 1.596151361575246064e+01
4.663865546218487701e+00 1.495824673776626668e+01
4.644351464435146681e+00 1.931403990864515308e+01
4.624999999999999112e+00 2.749665090977430637e+01
4.605809128630705018e+00 2.194720961283326233e+01
4.586776859504132275e+00 1.270181946352124314e+01
4.567901234567901092e+00 1.180222536428451718e+01
4.549180327868852736e+00 1.222812444103717944e+01
4.530612244897959329e+00 1.533435783008456355e+01
4.512195121951219079e+00 1.239271057093262840e+01
4.493927125506072429e+00 1.638556243421435354e+01
4.475806451612903025e+00 1.509595314935684307e+01
4.457831325301204295e+00 1.903441151442527968e+01
4.440000000000000391e+00 2.370545798701286344e+01
4.422310756972112067e+00 2.649848841711044400e+01
4.404761904761904212e+00 2.786868508830905355e+01
4.387351778656126022e+00 2.885971226866841377e+01
4.370078740157479658e+00 2.580476720662474932e+01
4.352941176470587870e+00 3.186470028110981190e+01
4.335937500000000000e+00 3.081578732610821802e+01
4.319066147859921934e+00 3.856593638292074644e+01
4.302325581395349374e+00 4.396667906808734472e+01
4.285714285714285587e+00 4.987199188836932251e+01
4.269230769230769162e+00 3.972696716136933048e+01
4.252873563218390274e+00 4.866954926185012198e+01
4.236641221374045863e+00 4.881803903939366762e+01
4.220532319391634424e+00 4.776635388224125478e+01
4.204545454545455030e+00 3.558635045098066740e+01
4.188679245283019270e+00 2.273291544753074689e+01
4.172932330827067382e+00 1.605501532383561170e+01
4.157303370786516794e+00 1.006235763687729978e+01
4.141791044776119257e+00 9.329447172518969822e+00
4.126394052044608962e+00 1.080677171335458908e+01
4.111111111111110716e+00 9.346633393670321865e+00
4.095940959409594129e+00 9.396981697108746090e+00
4.080882352941176627e+00 1.044708609145641454e+01
4.065934065934065700e+00 9.762177385013103503e+00
4.051094890510948510e+00 1.260871985472083168e+01
4.036363636363636154e+00 1.028180473176360188e+01
4.021739130434782261e+00 1.180861956464052298e+01
4.007220216606498298e+00 9.527558005782367445e+00
3.992805755395683498e+00 1.149298607231974678e+01
3.978494623655914442e+00 1.217963821861982510e+01
3.964285714285713969e+00 9.807171074540615763e+00
3.950177935943060437e+00 1.020724321705699111e+01
3.936170212765957022e+00 9.826767174649239323e+00
3.922261484098939821e+00 1.418780035479545631e+01
3.908450704225352013e+00 9.902594549524785350e+00
3.894736842105263275e+00 1.140528216171026266e+01
3.881118881118881259e+00 1.389129682993531389e+01
3.867595818815330766e+00 1.245621132649898577e+01
3.854166666666666519e+00 1.262647745952367906e+01
3.840830449826988957e+00 1.268875600443005602e+01
3.827586206896551602e+00 1.585233862355470791e+01
3.814432989690721421e+00 2.557154466012597283e+01
3.801369863013698946e+00 1.343722902768373650e+01
3.788395904436860473e+00 2.613144389237165655e+01
3.775510204081632626e+00 2.153319050922155498e+01
3.762711864406779849e+00 2.133142698834300077e+01
3.749999999999999556e+00 1.807132924851656242e+01
3.737373737373737015e+00 1.428284371035575973e+01
3.724832214765100513e+00 1.357249704113841204e+01
3.712374581939799523e+00 2.180079039488792603e+01
3.700000000000000178e+00 1.697538859666109090e+01
3.687707641196013242e+00 1.701961898988962218e+01
3.675496688741721751e+00 2.710794736805439342e+01
3.663366336633663067e+00 2.182361289114952285e+01
3.651315789473684070e+00 2.717445132667899443e+01
3.639344262295082011e+00 1.563428797022938888e+01
3.627450980392156854e+00 2.469539540468931449e+01
3.615635179153094736e+00 1.880696626826405549e+01
3.603896103896103931e+00 1.467746252472996815e+01
3.592233009708738045e+00 1.884478046882033553e+01
3.580645161290322065e+00 1.751197797540426393e+01
3.569131832797427517e+00 2.317981789025903083e+01
3.557692307692307487e+00 1.827159705187440153e+01
3.546325878594249303e+00 1.623585908722996862e+01
3.535031847133758287e+00 1.872562673705339620e+01
3.523809523809523725e+00 2.817332531739235080e+01
3.512658227848100889e+00 1.936661559239864516e+01
3.501577287066245603e+00 2.209840226674080199e+01
3.490566037735848948e+00 1.957327936907172372e+01
3.479623824451410830e+00 1.305330797019124134e+01
3.468750000000000000e+00 1.704731828109979830e+01
3.457943925233645022e+00 1.521257643331050957e+01
3.447204968944099335e+00 2.369709705936551458e+01
3.436532507739937792e+00 1.297274257219910787e+01
3.425925925925925597e+00 2.914815595223188538e+01
3.415384615384615241e+00 2.257192592851281177e+01
3.404907975460122582e+00 3.072519827133178794e+01
3.394495412844036775e+00 3.025632778070569273e+01
3.384146341463414753e+00 2.316994076430678717e+01
3.373860182370820748e+00 1.777387744264960290e+01
3.363636363636363313e+00 2.903232295808196284e+01
3.353474320241691675e+00 2.030500730094790640e+01
3.343373493975903443e+00 2.238741556396484711e+01
3.333333333333333481e+00 1.895598357864260919e+01
3.323353293413173759e+00 3.234791786665320501e+01
3.313432835820895317e+00 2.479584063835859453e+01
3.303571428571428381e+00 2.613514647603512131e+01
3.293768545994064656e+00 1.974402942036390485e+01
3.284023668639052929e+00 2.198884133960724085e+01
3.274336283185840468e+00 2.464124375125527422e+01
3.264705882352941124e+00 2.807858862966537572e+01
3.255131964809384382e+00 2.528052116404533578e+01
3.245614035087719174e+00 2.976653563870430119e+01
3.236151603498542251e+00 2.518493894560218038e+01
3.226744186046511587e+00 2.871362551120162365e+01
3.217391304347825720e+00 2.831239461327195528e+01
3.208092485549132622e+00 2.874008971594453143e+01
3.198847262247838774e+00 nan
3.189655172413792705e+00 2.819270037704468024e+01
3.180515759312320778e+00 2.364568604041695821e+01
3.171428571428571264e+00 1.971210007070899195e+01
3.162393162393162260e+00 1.977649880456805320e+01
3.153409090909090828e+00 2.447064571696400748e+01
3.144475920679886460e+00 2.757906375375032582e+01
3.135593220338983134e+00 2.349990577400803815e+01
3.126760563380281521e+00 2.971956255725145724e+01
3.117977528089887596e+00 2.565754809652924706e+01
3.109243697478991653e+00 2.865857835348487015e+01
3.100558659217877100e+00 2.500796612074613634e+01
3.091922005571030585e+00 3.018759666634083061e+01
3.083333333333333037e+00 2.981103017606139360e+01
3.074792243767312971e+00 2.553008698407888488e+01
3.066298342541436295e+00 2.860411683921575943e+01
3.057851239669421517e+00 2.629339743826627895e+01
3.049450549450549275e+00 2.865319678907632905e+01
3.041095890410959068e+00 2.866584659219742193e+01
3.032786885245901232e+00 2.996663093614459328e+01
3.024523160762942808e+00 2.471482477202296479e+01
3.016304347826086918e+00 2.779618199706077775e+01
3.008130081300812719e+00 nan
3.000000000000000000e+00 2.162125980475545006e+01
2.991913746630727733e+00 2.798718887501240005e+01
2.983870967741935498e+00 2.714181070104003268e+01
2.975871313672922014e+00 2.953819309879184019e+01
2.967914438502673669e+00 2.919852374876380097e+01
2.959999999999999964e+00 2.429322302915692688e+01
2.952127659574467877e+00 2.631118675193190626e+01
2.944297082228116480e+00 -4.733874426617575182e+02
2.936507936507936289e+00 2.724438080860138101e+01
2.928759894459103119e+00 2.703998967987895341e+01
2.921052631578947345e+00 2.840072023453593530e+01
2.913385826771653697e+00 2.760363872145891406e+01
2.905759162303664933e+00 2.807928251754999494e+01
2.898172323759790725e+00 2.687477728865265902e+01
2.890625000000000000e+00 2.555221800218701489e+01
2.883116883116882967e+00 2.835877533554435104e+01
2.875647668393782386e+00 2.720548151833415318e+01
2.868217054263565657e+00 2.895381008876562490e+01
2.860824742268041287e+00 3.079851270456671841e+01
2.853470437017994854e+00 3.090703439630031824e+01
2.846153846153845812e+00 3.059276269399285653e+01
2.838874680306905152e+00 3.207373440825224264e+01
2.831632653061224580e+00 2.899104517939567671e+01
2.824427480916030131e+00 5.042728124749064733e+01
2.817258883248730861e+00 9.816274409382344857e+00
2.810126582278480889e+00 3.267274596239328588e+01
2.803030303030303205e+00 4.212869191563487448e+01
2.795969773299747718e+00 2.790278925611138661e+01
2.788944723618090205e+00 2.987132232543468646e+01
2.781954887218045069e+00 2.892240636844277546e+01
2.774999999999999911e+00 nan
2.768079800498752796e+00 nan
2.761194029850746023e+00 3.108631556263804541e+01
2.754342431761786614e+00 2.393642076142907271e+01
2.747524752475247301e+00 2.096570486085892071e+01
2.740740740740740478e+00 nan
2.733990147783251334e+00 3.083739836711883697e+01
2.727272727272727071e+00 2.931395911824703404e+01
2.720588235294117307e+00 nan
2.713936430317848369e+00 3.087671694847107062e+01
2.707317073170731891e+00 3.108292358524322907e+01
2.700729927007299302e+00 3.108999315275311659e+01
2.694174757281553312e+00 nan
2.687651331719128400e+00 3.104280470901847266e+01
2.681159420289854989e+00 nan
2.674698795180722843e+00 5.331909927802443860e+01
2.668269230769230838e+00 1.954671974600791984e+01
2.661870503597122184e+00 nan
2.655502392344497586e+00 -3.028323434964843727e+03
2.649164677804296097e+00 3.043524998770714163e+01
2.642857142857142794e+00 3.061614873060226572e+01
2.636579572446555719e+00 3.076612815884352159e+01
2.630331753554502328e+00 -5.041997241033041632e+02
2.624113475177304977e+00 3.091310390521168827e+01
2.617924528301887044e+00 nan
2.611764705882352988e+00 2.544186518666744590e+01
2.605633802816901490e+00 nan
2.599531615925058770e+00 3.125269479280352769e+01
2.593457943925233433e+00 2.649651560605526157e+01
2.587412587412587506e+00 nan
2.581395348837209447e+00 nan
2.575406032482598473e+00 2.895396190932512681e+01
2.569444444444444198e+00 nan
2.563510392609699817e+00 3.043380295381188816e+01
2.557603686635944840e+00 3.021423632780075152e+01
2.551724137931034253e+00 3.050928164400220055e+01
2.545871559633027470e+00 3.020626362338304816e+01
2.540045766590389054e+00 2.875650102282286014e+01
2.534246575342465668e+00 2.819548854960561002e+01
2.528473804100227706e+00 2.939918634530782882e+01
2.522727272727272485e+00 2.832414261544227685e+01
2.517006802721088565e+00 3.040425716228127584e+01
2.511312217194570096e+00 3.062448709969639893e+01
2.505643340857787837e+00 2.932248117135048204e+01
2.500000000000000000e+00 2.379041588802099483e+01
2.494382022471909988e+00 2.558940824271559933e+01
2.488789237668161292e+00 2.649884207786321966e+01
2.483221476510066861e+00 2.842772165869116918e+01
2.477678571428571619e+00 2.948067035007357717e+01
2.472160356347438803e+00 2.862313367262602171e+01
2.466666666666666785e+00 2.041014926881909375e+01
2.461197339246119942e+00 2.461889285575986008e+01
2.455752212389380240e+00 2.097523441471338401e+01
2.450331125827814649e+00 2.900546211189389467e+01
2.444933920704845942e+00 2.821702629164815335e+01
2.439560439560439331e+00 1.817655613772392442e+01
2.434210526315789380e+00 2.456340826836228430e+01
2.428884026258205431e+00 2.769424131875992146e+01
2.423580786026200862e+00 2.107588347542405316e+01
2.418300653594771532e+00 2.693947190944433601e+01
2.413043478260869623e+00 1.851458328622460670e+01
2.407809110629067550e+00 2.154735351949095801e+01
2.402597402597403065e+00 1.793446461903810629e+01
2.397408207343412201e+00 2.233062214309215676e+01
2.392241379310344751e+00 2.155733814396619863e+01
2.387096774193548487e+00 1.632205670470476377e+01
2.381974248927038129e+00 1.916828611626982948e+01
2.376873661670235283e+00 1.876147860484600116e+01
2.371794871794871362e+00 2.162579688347220497e+01
2.366737739872068147e+00 1.497567578376531650e+01
2.361702127659574213e+00 1.556131450227141499e+01
2.356687898089171895e+00 2.173118356961965603e+01
2.351694915254237461e+00 1.944618020866274932e+01
2.346723044397462932e+00 1.407348481113433891e+01
2.341772151898734222e+00 1.829993245699644078e+01
2.336842105263158054e+00 1.147392602572083575e+01
2.331932773109243406e+00 1.256829694942116760e+01
2.327044025157232632e+00 2.273910427881598650e+01
2.322175732217573341e+00 1.420400182249903764e+01
2.317327766179540838e+00 3.190973195373058502e+01
2.312499999999999556e+00 1.012660962774396012e+01
2.307692307692307487e+00 1.100075341428875930e+01
2.302904564315352509e+00 1.224738684032321068e+01
2.298136645962732594e+00 1.670025065938830622e+01
2.293388429752066138e+00 1.092348699856281335e+01
2.288659793814432852e+00 1.081166461248278665e+01
2.283950617283950546e+00 1.599081087593436301e+01
2.279260780287474475e+00 1.287596801813721825e+01
2.274590163934426368e+00 1.820970589404106121e+01
2.269938650306748684e+00 1.018391588236808865e+01
2.265306122448979220e+00 1.127144982682824192e+01
2.260692464358451836e+00 1.196586219293832798e+01
2.256097560975609539e+00 1.005788960410952626e+01
2.251521298174442354e+00 1.040871384769439700e+01
2.246963562753036214e+00 1.267022772051215362e+01
2.242424242424242209e+00 1.010452360655307835e+01
2.237903225806451513e+00 1.319680909242391742e+01
2.233400402414486674e+00 2.372196508131623460e+01
2.228915662650602147e+00 9.673073529748917210e+00
2.224448897795590963e+00 1.107768024014472985e+01
2.220000000000000195e+00 2.753766636787057109e+01
2.215568862275449025e+00 1.275091960702181026e+01
2.211155378486056033e+00 1.077828392257213608e+01
2.206759443339960658e+00 1.348851152327060809e+01
2.202380952380952106e+00 2.475461690750480059e+01
2.198019801980197752e+00 1.477129771903872602e+01
2.193675889328063011e+00 1.206957742564559055e+01
2.189349112426035582e+00 1.258208258452773265e+01
2.185039370078739829e+00 2.360194636154055914e+01
2.180746561886050650e+00 1.233338310356021061e+01
2.176470588235293935e+00 2.642803624456048084e+01
2.172211350293542065e+00 1.151939062567830163e+01
2.167968750000000000e+00 1.342700142195701751e+01
2.163742690058479301e+00 2.691744883417010570e+01
2.159533073929960967e+00 1.633383103359222588e+01
2.155339805825242649e+00 1.258087074728369892e+01
2.151162790697674687e+00 1.691077336260318731e+01
2.147001934235976961e+00 1.048851881467104086e+01
2.142857142857142794e+00 9.962782321882249548e+00
2.138728323699421896e+00 1.281720565476417661e+01
2.134615384615384581e+00 1.057988546733737145e+01
2.130518234165066804e+00 1.203168710431575938e+01
2.126436781609195137e+00 1.249426054034352340e+01
2.122370936902485461e+00 1.169627096089243956e+01
2.118320610687022931e+00 1.670782225064992943e+01
2.114285714285714324e+00 1.126654311934828812e+01
2.110266159695817212e+00 1.436235255279421885e+01
2.106261859582542861e+00 1.183640852826952994e+01
2.102272727272727515e+00 1.625169907956957971e+01
2.098298676748582281e+00 1.526266653761267733e+01
2.094339622641509635e+00 1.603333872532248705e+01
2.090395480225988756e+00 1.537966727731466499e+01
2.086466165413533691e+00 1.438316247644663015e+01
2.082551594746716805e+00 1.240857899230480221e+01
2.078651685393258397e+00 1.465164811985254367e+01
2.074766355140186480e+00 1.437103496103406108e+01
2.070895522388059629e+00 1.865322469539523453e+01
2.067039106145251104e+00 1.394072619023680737e+01
2.063197026022304481e+00 2.186039949998617260e+01
2.059369202226344786e+00 2.101549115660548495e+01
2.055555555555555358e+00 2.369746627491116797e+01
2.051756007393715553e+00 1.498768397530794338e+01
2.047970479704797064e+00 1.283168707860112256e+01
2.044198895027624197e+00 2.264882554023504468e+01
2.040441176470588314e+00 1.667391452286124220e+01
2.036697247706422242e+00 1.154799677100777799e+01
2.032967032967032850e+00 1.512727195130706015e+01
2.029250457038391353e+00 1.479536466386437610e+01
2.025547445255474255e+00 1.669070936452269649e+01
2.021857923497267340e+00 1.627700700286746027e+01
2.018181818181818077e+00 2.982999123569488731e+01
2.014519056261342644e+00 1.802883549427628651e+01
2.010869565217391131e+00 2.820653619921684552e+01
2.007233273056057588e+00 1.919289858320355435e+01
2.003610108303249149e+00 2.370954094343662533e+01
2.000000000000000000e+00 1.558863310181021866e+01
1.996402877697841749e+00 2.155704863450646513e+01
1.992818671454219093e+00 1.662217892827749566e+01
1.989247311827957221e+00 1.757087543326854728e+01
1.985688729874776293e+00 1.750368633806348129e+01
1.982142857142856984e+00 1.936135981223344871e+01
1.978609625668449112e+00 2.492423631680608054e+01
1.975088967971530218e+00 2.676161647794842935e+01
1.971580817051509449e+00 3.084331990453839722e+01
1.968085106382978511e+00 2.556248237572193460e+01
1.964601769911504148e+00 2.537003067081094088e+01
1.961130742049469911e+00 2.707119017417669582e+01
1.957671957671957674e+00 2.906530645257115708e+01
1.954225352112676006e+00 2.793714422191858660e+01
1.950790861159929612e+00 2.777534939055323804e+01
1.947368421052631637e+00 2.704003201063275696e+01
1.943957968476357268e+00 2.828133079854130827e+01
1.940559440559440407e+00 2.657036388972759511e+01
1.937172774869109881e+00 2.934908873086691017e+01
1.933797909407665383e+00 3.002698736024141724e+01
1.930434782608695610e+00 2.979504104741573656e+01
1.927083333333333259e+00 nan
1.923743500866551104e+00 nan
1.920415224913494923e+00 3.081638203259110753e+01
1.917098445595854850e+00 -1.322077214429414482e+02
1.913793103448275801e+00 2.854137810265541475e+01
1.910499139414801872e+00 -6.566343012269736157e+00
1.907216494845360710e+00 3.063210899638653117e+01
1.903945111492281406e+00 2.980601002937794064e+01
1.900684931506849473e+00 3.085061299448847905e+01
1.897435897435897134e+00 3.054446298240781132e+01
1.894197952218429792e+00 2.990098316519141619e+01
1.890971039182282709e+00 2.989310991582513211e+01
1.887755102040816313e+00 2.823993943572163801e+01
1.884550084889643484e+00 3.045083156338215247e+01
1.881355932203389925e+00 2.987223557759046955e+01
1.878172588832487389e+00 7.125512220124006646e+00
1.874999999999999778e+00 3.071202717787504355e+01
1.871838111298482099e+00 3.082142958382845066e+01
1.868686868686868507e+00 nan
1.865546218487394992e+00 3.033360902673364023e+01
1.862416107382550257e+00 2.949830863007903403e+01
1.859296482412060358e+00 3.053723917149901723e+01
1.856187290969899761e+00 3.082749512561917626e+01
1.853088480801335258e+00 3.078223305847406621e+01
1.849999999999999867e+00 3.045562916059255798e+01
1.846921797004991594e+00 nan
1.843853820598006621e+00 3.078747311426759126e+01
1.840796019900497571e+00 3.026687011390090376e+01
1.837748344370860876e+00 nan
1.834710743801652999e+00 3.071103265707493080e+01
1.831683168316831534e+00 2.952342747665405653e+01
1.828665568369027827e+00 3.086133599808573891e+01
1.825657894736842035e+00 2.973912646436810903e+01
1.822660098522167482e+00 3.071221705991387552e+01
1.819672131147541005e+00 2.969307556269049897e+01
1.816693944353518830e+00 2.810612217613935826e+01
1.813725490196078427e+00 2.902233191659808398e+01
1.810766721044045457e+00 3.010446103664517636e+01
1.807817589576547146e+00 2.944275639760256169e+01
1.804878048780487632e+00 2.394335501757741014e+01
1.801948051948051965e+00 2.825245909425497359e+01
1.799027552674230090e+00 2.643131970093727290e+01
1.796116504854369023e+00 2.416503364001393450e+01
1.793214862681744792e+00 2.269231079565167519e+01
1.790322580645161032e+00 1.935975921986103288e+01
1.787439613526569993e+00 2.370974625998258745e+01
1.784565916398713759e+00 2.413416881135225367e+01
1.781701444622792785e+00 2.400786537196278658e+01
1.778846153846153744e+00 2.807432601300478225e+01
1.776000000000000023e+00 2.170508915860057186e+01
1.773162939297124652e+00 1.675547454733729325e+01
1.770334928229664984e+00 1.781430151399612427e+01
1.767515923566878921e+00 1.599795666193723775e+01
1.764705882352941124e+00 1.663050041767835907e+01
1.761904761904761862e+00 1.494358242278099169e+01
1.759112519809825637e+00 1.317988374956846265e+01
1.756329113924050667e+00 1.624705185526728712e+01
1.753554502369668366e+00 1.338363268756270585e+01
1.750788643533122801e+00 1.866007540397524878e+01
1.748031496062991907e+00 1.594788732197046421e+01
1.745283018867924474e+00 1.418963012163519899e+01
1.742543171114599554e+00 1.345441112877369072e+01
1.739811912225705415e+00 2.177983262365818362e+01
1.737089201877934252e+00 1.648660130645751920e+01
1.734375000000000000e+00 1.849312327990770655e+01
1.731669266770670568e+00 1.456272087939143312e+01
1.728971962616822289e+00 -5.972226476419938308e+02
1.726283048211508575e+00 2.872895874516129666e+01
1.723602484472049667e+00 2.726157278080106039e+01
1.720930232558139483e+00 1.439154635268688232e+01
1.718266253869969118e+00 1.305334775982380080e+01
1.715610510046367887e+00 1.235352668777346707e+01
1.712962962962962798e+00 1.181406956004142828e+01
1.710323574730354235e+00 1.129978348723530779e+01
1.707692307692307621e+00 1.771509002241611697e+01
1.705069124423963078e+00 1.075379255350828345e+01
1.702453987730061291e+00 1.186702896560549902e+01
1.699846860643185353e+00 1.183348529593467724e+01
1.697247706422018387e+00 1.783452771231174694e+01
1.694656488549618256e+00 1.184582058388948589e+01
1.692073170731707155e+00 1.113711836358070428e+01
1.689497716894977186e+00 1.925397113846182862e+01
1.686930091185410374e+00 1.070372961580038229e+01
1.684370257966615991e+00 1.166522484022259754e+01
1.681818181818181879e+00 9.808516004723310644e+00
1.679273827534039309e+00 1.034906657925725071e+01
1.676737160120845838e+00 1.077687394595742276e+01
1.674208144796379916e+00 1.053424938996315063e+01
1.671686746987951722e+00 1.138950502309680068e+01
1.669172932330827086e+00 1.398766958613872724e+01
1.666666666666666741e+00 1.078309645878076672e+01
1.664167916041979112e+00 9.996383544402123178e+00
1.661676646706586657e+00 1.282590052967429273e+01
1.659192825112107528e+00 1.028274359552860417e+01
1.656716417910447658e+00 1.070155605971098112e+01
1.654247391952309965e+00 1.116480398612618608e+01
1.651785714285714191e+00 1.268254738965272921e+01
1.649331352154531860e+00 1.119644277583122260e+01
1.646884272997032772e+00 1.141481568868041130e+01
1.644444444444444375e+00 9.932429134519100700e+00
1.642011834319526464e+00 9.943256708589792936e+00
1.639586410635154978e+00 1.603364391664743493e+01
1.637168141592920234e+00 1.119788386970281735e+01
1.634756995581737815e+00 1.036896667245745718e+01
1.632352941176470562e+00 1.595360868056893544e+01
1.629955947136563887e+00 9.557133221647740484e+00
1.627565982404691969e+00 9.581747319314480649e+00
1.625183016105417044e+00 1.044323615729570420e+01
1.622807017543859587e+00 9.912247458398342204e+00
1.620437956204379581e+00 9.538873638082742801e+00
1.618075801749271125e+00 1.004541809505820282e+01
1.615720524017467241e+00 1.171869612877488187e+01
1.613372093023255793e+00 1.827834253835916556e+01
1.611030478955007172e+00 1.027100000337243202e+01
1.608695652173912860e+00 1.086323429431438470e+01
1.606367583212735095e+00 1.225964356099128771e+01
1.604046242774566311e+00 1.428365476293564029e+01
1.601731601731601673e+00 1.092699759823560868e+01
1.599423631123919387e+00 1.007528721015334128e+01
1.597122302158273444e+00 1.711832413160085764e+01
1.594827586206896353e+00 1.265974748989224530e+01
1.592539454806312538e+00 1.228782995690703572e+01
1.590257879656160389e+00 1.405947160870075408e+01
1.587982832618025641e+00 1.050927934451699386e+01
1.585714285714285632e+00 1.171909815194368498e+01
1.583452211126961551e+00 1.326486149782538604e+01
1.581196581196581130e+00 1.074650243094444413e+01
1.578947368421052433e+00 1.104198887009740027e+01
1.576704545454545414e+00 2.846478183483481672e+01
1.574468085106382809e+00 1.216775821538210067e+01
1.572237960339943230e+00 1.931810044675827243e+01
1.570014144271570045e+00 1.137601839611888010e+01
1.567796610169491567e+00 1.907375692541837964e+01
1.565585331452750362e+00 1.081694240476846858e+01
1.563380281690140761e+00 1.047530159045457943e+01
1.561181434599155926e+00 1.882965369949817713e+01
1.558988764044943798e+00 1.315147983123064179e+01
1.556802244039270589e+00 1.065797695500969944e+01
1.554621848739495826e+00 1.531002380497574933e+01
1.552447552447552503e+00 1.072086248561740085e+01
1.550279329608938550e+00 1.068672242303133046e+01
1.548117154811715412e+00 1.141218521309614253e+01
1.545961002785515293e+00 1.587039431644797460e+01
1.543810848400556157e+00 1.438396648088097685e+01
1.541666666666666519e+00 1.494602326074123511e+01
1.539528432732316210e+00 1.312202907633304783e+01
1.537396121883656486e+00 1.325592898643374618e+01
1.535269709543568561e+00 2.477822597929120363e+01
1.533149171270718147e+00 1.283894698917865895e+01
1.531034482758620641e+00 2.195860185550570520e+01
1.528925619834710758e+00 1.575787706474185157e+01
1.526822558459422163e+00 1.793315569324016678e+01
1.524725274725274637e+00 2.320798448407769499e+01
1.522633744855967031e+00 1.176832740284562284e+01
1.520547945205479534e+00 2.542271534895301244e+01
1.518467852257181727e+00 2.502116033503770964e+01
1.516393442622950616e+00 2.717951172554374040e+01
1.514324693042291781e+00 2.514753681902170257e+01
1.512261580381471404e+00 1.364192300752282172e+01
1.510204081632652962e+00 1.768122495857715748e+01
1.508152173913043459e+00 1.628968580930948562e+01
1.506105834464043447e+00 1.557946212864995061e+01
1.504065040650406360e+00 2.906038683897614661e+01
1.502029769959404515e+00 1.772692722188115155e+01
1.500000000000000000e+00 1.930598280554414004e+01
1.497975708502024217e+00 1.999802454244256111e+01
1.495956873315363866e+00 2.478423642289519435e+01
1.493943472409152040e+00 1.889894304362178090e+01
1.491935483870967749e+00 2.743521607706308529e+01
1.489932885906040116e+00 2.244067595542431093e+01
1.487935656836461007e+00 2.585455651248335940e+01
1.485943775100401432e+00 2.353948820304274747e+01
1.483957219251336834e+00 -3.400850192388773507e+01
1.481975967957276374e+00 2.655826091576934189e+01
1.479999999999999982e+00 2.464861139919519673e+01
1.478029294274300964e+00 2.852588273015737741e+01
1.476063829787233939e+00 2.937936984504104032e+01
1.474103585657370319e+00 2.468524146904230321e+01
1.472148541114058240e+00 2.698138523636818320e+01
1.470198675496688701e+00 2.997028729186535045e+01
1.468253968253968145e+00 2.458114798704862736e+01
1.466314398943196817e+00 2.830896840205192788e+01
1.464379947229551338e+00 2.271588143550873085e+01
1.462450592885375489e+00 2.309934870183229805e+01
1.460526315789473673e+00 2.847946344499707294e+01
1.458607095926412578e+00 2.435625775908231816e+01
1.456692913385826849e+00 2.266747044313907722e+01
1.454783748361730078e+00 2.465671630172968065e+01
1.452879581151832467e+00 2.809649103683710436e+01
1.450980392156862697e+00 3.062347822064042191e+01
1.449086161879895363e+00 2.516279124201655648e+01
1.447196870925684387e+00 2.935196855206489630e+01
1.445312500000000000e+00 3.058016337486624892e+01
1.443433029908972598e+00 2.703086919008493538e+01
1.441558441558441483e+00 3.094411152120471087e+01
1.439688715953307385e+00 nan
1.437823834196890971e+00 3.054274920460224507e+01
1.435963777490297355e+00 2.818628385138869419e+01
1.434108527131782829e+00 2.810220479124069470e+01
1.432258064516128915e+00 2.904846203174352937e+01
1.430412371134020644e+00 2.418478472504019905e+01
1.428571428571428603e+00 1.834561691122412697e+01
1.426735218508997427e+00 2.677431182190060710e+01
1.424903722721437616e+00 3.080453472658753711e+01
1.423076923076922906e+00 nan
1.421254801536491641e+00 2.792629806390762681e+01
1.419437340153452576e+00 2.993752930228829712e+01
1.417624521072796906e+00 3.057548552404165676e+01
1.415816326530612290e+00 2.941616887258887658e+01
1.414012738853503315e+00 2.981222203806996518e+01
1.412213740458015065e+00 2.843110656449318085e+01
1.410419313850063361e+00 3.038035819522142589e+01
1.408629441624365430e+00 2.900613596860409160e+01
1.406844106463878363e+00 3.038848245695233530e+01
1.405063291139240444e+00 3.025084317724109084e+01
1.403286978508217375e+00 nan
1.401515151515151603e+00 nan
1.399747793190416090e+00 3.041051255812764254e+01
1.397984886649873859e+00 2.856462550602197936e+01
1.396226415094339535e+00 3.088317841142654530e+01
1.394472361809045102e+00 3.010013897880077494e+01
1.392722710163111666e+00 2.150549036748170906e+01
1.390977443609022535e+00 -2.952413687550428222e+03
1.389236545682102753e+00 2.841931287380814908e+01
1.387499999999999956e+00 3.070943926270485136e+01
1.385767790262172117e+00 3.066593311262965571e+01
1.384039900249376398e+00 3.078652629597187129e+01
1.382316313823163112e+00 3.061317552997827818e+01
1.380597014925373012e+00 nan
1.378881987577639689e+00 nan
1.377171215880893307e+00 2.765590819442510906e+01
1.375464684014869876e+00 2.872120566300392497e+01
1.373762376237623650e+00 2.916160766989827380e+01
1.372064276885043288e+00 -1.015820782613670872e+02
1.370370370370370239e+00 3.026756739688277520e+01
1.368680641183723790e+00 3.087396477528691463e+01
1.366995073891625667e+00 3.052865215916276398e+01
1.365313653136531302e+00 nan
1.363636363636363535e+00 2.960829178764224423e+01
1.361963190184048988e+00 -1.336911783149492976e+02
1.360294117647058654e+00 3.030055391803384168e+01
1.358629130966952259e+00 3.086270437815904799e+01
1.356968215158924185e+00 2.505330326156378007e+01
1.355311355311355381e+00 2.920188560229420816e+01
1.353658536585365946e+00 2.722480842362285003e+01
1.352009744214372589e+00 2.712820985209823021e+01
1.350364963503649651e+00 3.081981893127322536e+01
1.348724179829890568e+00 2.854882684290170758e+01
1.347087378640776656e+00 2.553775511432766976e+01
1.345454545454545459e+00 2.945858174513936234e+01
1.343825665859564200e+00 2.681225303169608409e+01
1.342200725513905679e+00 2.895549254641890613e+01
1.340579710144927494e+00 2.469518284831404742e+01
1.338962605548853935e+00 2.175078414259433757e+01
1.337349397590361422e+00 2.780649333877444462e+01
1.335740072202165951e+00 2.592920627528667765e+01
1.334134615384615419e+00 2.338878974668145361e+01
1.332533013205282169e+00 3.038376532085657544e+01
1.330935251798561092e+00 2.754282290836215097e+01
1.329341317365269282e+00 2.880492434906602028e+01
1.327751196172248793e+00 1.917070064730644319e+01
1.326164874551971185e+00 1.726795332153797347e+01
1.324582338902148049e+00 1.795045650836944873e+01
1.323003575685339772e+00 3.034546002937078768e+01
1.321428571428571397e+00 2.498920515435934320e+01
1.319857312722948706e+00 1.916961441698193624e+01
1.318289786223277860e+00 2.093020805978298426e+01
1.316725978647686812e+00 1.784774959611177536e+01
1.315165876777251164e+00 2.565400584718704380e+01
1.313609467455621349e+00 2.155314388229370337e+01
1.312056737588652489e+00 2.809165228702068617e+01
1.310507674144037793e+00 2.233758736841321024e+01
1.308962264150943300e+00 1.562463894786954022e+01
1.307420494699646607e+00 1.620355971914053228e+01
1.305882352941176494e+00 1.537136523087740159e+01
1.304347826086956541e+00 3.021726299269318972e+01
1.302816901408450745e+00 2.066551578779578335e+01
1.301289566236811357e+00 1.464589468164682451e+01
1.299765807962529385e+00 1.554922845004797161e+01
1.298245614035087536e+00 1.536362536699652814e+01
1.296728971962616717e+00 1.612839451731085916e+01
1.295215869311551860e+00 1.543505907774925312e+01
1.293706293706293753e+00 1.116310382153391956e+01
1.292200232828870643e+00 1.289716554962635087e+01
1.290697674418604723e+00 1.123530408115744628e+01
1.289198606271777070e+00 1.412247598686099082e+01
1.287703016241299236e+00 1.068917137152195096e+01
1.286210892236384629e+00 1.116523237083554321e+01
1.284722222222222099e+00 1.421865696085214736e+01
1.283236994219653093e+00 1.618186170632601062e+01
1.281755196304849909e+00 9.974254016604424677e+00
1.280276816608996615e+00 1.420037718827962969e+01
1.278801843317972420e+00 1.040135587712168785e+01
1.277330264672036808e+00 1.130569203221678798e+01
1.275862068965517127e+00 1.011834078898072242e+01
1.274397244546498165e+00 1.239708113608241113e+01
1.272935779816513735e+00 1.205748955611825046e+01
1.271477663230240474e+00 1.232507059686899353e+01
1.270022883295194527e+00 9.926378934910298213e+00
1.268571428571428683e+00 9.836359367522002017e+00
1.267123287671232834e+00 1.106311644010782302e+01
1.265678449258836880e+00 9.701790066862107764e+00
1.264236902050113853e+00 1.115015282725930312e+01
1.262798634812286602e+00 1.321975150978207658e+01
1.261363636363636243e+00 9.698308102343082382e+00
1.259931895573212168e+00 2.498356815274119569e+01
1.258503401360544283e+00 9.784528340286017922e+00
1.257078142695356560e+00 1.077712044693112503e+01
1.255656108597285048e+00 9.856492773671151397e+00
1.254237288135593209e+00 2.794352663030862871e+01
1.252821670428893919e+00 1.167222154655814315e+01
1.251409244644870356e+00 9.849868009949922509e+00
1.250000000000000000e+00 2.197348751507639975e+01
1.248593925759280188e+00 1.793702858245968912e+01
1.247191011235954994e+00 9.725795467905999914e+00
1.245791245791245672e+00 1.116220721178770070e+01
1.244394618834080646e+00 1.007209553475379948e+01
1.243001119820828615e+00 1.096744595620393881e+01
1.241610738255033430e+00 1.160347379475951257e+01
1.240223463687150751e+00 9.990131309863329534e+00
1.238839285714285809e+00 1.128698193083524792e+01
1.237458193979932952e+00 1.015236329483628275e+01
1.236080178173719402e+00 1.135884347348690149e+01
1.234705228031145685e+00 1.083124817826867137e+01
1.233333333333333393e+00 1.383585524710178483e+01
1.231964483906770269e+00 1.522226292889833488e+01
1.230598669623059971e+00 1.076369987386584448e+01
1.229235880398671155e+00 2.775561475324630933e+01
1.227876106194690120e+00 1.335891427934408249e+01
1.226519337016574562e+00 1.311842146174788581e+01
1.225165562913907324e+00 1.275595009707808636e+01
1.223814773980154369e+00 1.598449374425053726e+01
1.222466960352422971e+00 1.502253216629386046e+01
1.221122112211221022e+00 1.250466022399306354e+01
1.219780219780219666e+00 1.433411600987553669e+01
1.218441273326015262e+00 1.225701160192966555e+01
1.217105263157894690e+00 1.381992220948934680e+01
1.215772179627601313e+00 1.959277813132047896e+01
1.214442013129102715e+00 1.607528411523700029e+01
1.213114754098360670e+00 1.487207677249074145e+01
1.211790393013100431e+00 1.836841322042346292e+01
1.210468920392584469e+00 1.516303905060529900e+01
1.209150326797385766e+00 2.500662960785269817e+01
1.207834602829162218e+00 1.403558991150617707e+01
1.206521739130434812e+00 2.156467194441676227e+01
1.205211726384364912e+00 1.731442960270404896e+01
1.203904555314533775e+00 2.854237397171855051e+01
1.202600216684723833e+00 2.530673149301290792e+01
1.201298701298701088e+00 nan
1.199999999999999956e+00 1.733563132277727092e+01
1.198704103671706100e+00 2.505383828219294884e+01
1.197411003236245941e+00 1.943104515518546194e+01
1.196120689655172376e+00 1.619794407558560678e+01
1.194833153928955838e+00 1.534918532135248270e+01
1.193548387096774244e+00 2.148624025283455907e+01
1.192266380236304713e+00 2.999813412490725639e+01
1.190987124463519065e+00 1.908320513877988134e+01
1.189710610932475765e+00 2.134941059666514462e+01
1.188436830835117641e+00 2.545547193928599583e+01
1.187165775401069379e+00 1.802632807249903735e+01
1.185897435897435681e+00 2.536625434102416321e+01
1.184631803628601876e+00 2.077421735831022431e+01
1.183368869936034073e+00 1.483006729255080280e+01
1.182108626198082879e+00 2.806727187630653475e+01
1.180851063829787106e+00 2.441774889510273994e+01
1.179596174282677934e+00 2.148529178011060026e+01
1.178343949044585948e+00 3.035528857701063288e+01
1.177094379639448629e+00 1.650310910305619316e+01
1.175847457627118731e+00 1.952410704323649426e+01
1.174603174603174649e+00 1.627056207417011535e+01
1.173361522198731466e+00 1.477069132328271905e+01
1.172122492080253542e+00 2.463406396508932161e+01
1.170886075949367111e+00 2.766302514126897094e+01
1.169652265542676650e+00 1.652196894931078219e+01
1.168421052631579027e+00 2.469183306822181123e+01
1.167192429022082090e+00 2.058414009348273410e+01
1.165966386554621703e+00 2.060817151842594441e+01
1.164742917103882336e+00 2.415073019923448783e+01
1.163522012578616316e+00 1.561605883874416456e+01
1.162303664921465973e+00 2.112352202536344592e+01
1.161087866108786670e+00 1.658535789091348889e+01
1.159874608150470277e+00 2.064389725961923716e+01
1.158663883089770419e+00 1.895480404487729231e+01
1.157455683003127955e+00 2.692364918061137402e+01
1.156249999999999778e+00 2.513242783961057825e+01
1.155046826222684508e+00 3.043137288703084309e+01
1.153846153846153744e+00 2.574715063043713670e+01
1.152647975077881526e+00 3.001463162902117077e+01
1.151452282157676255e+00 2.518022491003751995e+01
1.150259067357512821e+00 2.870042899116993240e+01
1.149068322981366297e+00 2.632633429419636784e+01
1.147880041365046511e+00 2.421337200005889301e+01
1.146694214876033069e+00 3.090513376831293257e+01
1.145510835913312597e+00 3.089109836451054036e+01
1.144329896907216426e+00 3.000923343632936735e+01
1.143151390319258498e+00 2.463981414453029828e+01
1.141975308641975273e+00 2.357854851968884802e+01
1.140801644398766745e+00 2.764667390903234789e+01
1.139630390143737237e+00 2.910381029207825776e+01
1.138461538461538636e+00 2.833882115631580589e+01
1.137295081967213184e+00 2.199279981832265918e+01
1.136131013306038939e+00 2.738698806765437510e+01
1.134969325153374342e+00 6.001710453519821797e+00
1.133810010214504782e+00 2.845714588868379735e+01
1.132653061224489610e+00 2.235256760568976730e+01
1.131498470948012258e+00 2.587208456725240069e+01
1.130346232179225918e+00 2.815591487059354847e+01
1.129196337741607215e+00 2.626088205373406481e+01
1.128048780487804770e+00 3.000440156278252957e+01
1.126903553299492433e+00 2.610519841944337216e+01
1.125760649087221177e+00 3.058174484791636871e+01
1.124620060790273435e+00 2.493539324008703417e+01
1.123481781376518107e+00 2.989154988827348092e+01
1.122345803842264678e+00 2.897820602675318824e+01
1.121212121212121104e+00 2.544967709379673337e+01
1.120080726538849492e+00 2.767583112265110401e+01
1.118951612903225756e+00 2.969021139660597086e+01
1.117824773413897077e+00 2.098577641318202325e+01
1.116700201207243337e+00 3.082896950181603657e+01
1.115577889447236126e+00 nan
1.114457831325301074e+00 1.939930216764807724e+01
1.113340020060180402e+00 2.849432184355735842e+01
1.112224448897795481e+00 2.525462206614971450e+01
1.111111111111111160e+00 2.804947920404911343e+01
1.110000000000000098e+00 1.493046693647742451e+01
1.108891108891108868e+00 2.120472209748029968e+01
1.107784431137724512e+00 2.411994055758238176e+01
1.106679960119641093e+00 2.528792379854321837e+01
1.105577689243028017e+00 2.791700407287121166e+01
1.104477611940298587e+00 2.833531468890309668e+01
1.103379721669980329e+00 1.769002863251328606e+01
1.102284011916583761e+00 2.983397406547546638e+01
1.101190476190476053e+00 2.454690719449758873e+01
1.100099108027750239e+00 1.648120335726022745e+01
1.099009900990098876e+00 2.785217742841601662e+01
1.097922848664688367e+00 2.204203474320530987e+01
1.096837944664031506e+00 2.356795493371129169e+01
1.095755182625863799e+00 2.640969354253173051e+01
1.094674556213017569e+00 2.018712514708757411e+01
1.093596059113300267e+00 1.365986471304059080e+01
1.092519685039369914e+00 2.180974376895785483e+01
1.091445427728613415e+00 1.232848655536413318e+01
1.090373280943025325e+00 3.028657237410068603e+01
1.089303238469087276e+00 1.664218560104131939e+01
1.088235294117646967e+00 1.197881331003070038e+01
1.087169441723800034e+00 2.200691097036481025e+01
1.086105675146771032e+00 2.418407225609779587e+01
1.085043988269794646e+00 1.194502716112613783e+01
1.083984375000000000e+00 1.334686492626071086e+01
1.082926829268292757e+00 1.126190794150948626e+01
1.081871345029239651e+00 1.869851494331836861e+01
1.080817916260954137e+00 1.221526199336409668e+01
1.079766536964980483e+00 1.860659515068531178e+01
1.078717201166180750e+00 1.062130195898652119e+01
1.077669902912621325e+00 1.253853010350108299e+01
1.076624636275460789e+00 1.076836503691911773e+01
1.075581395348837122e+00 1.065738176557302630e+01
1.074540174249757785e+00 1.298354739436984140e+01
1.073500967117988258e+00 1.028122412050724144e+01
1.072463768115941907e+00 1.153050997490048424e+01
1.071428571428571397e+00 1.070754031669735973e+01
1.070395371263259454e+00 1.039652705437421965e+01
1.069364161849710948e+00 1.305181817500710650e+01
1.068334937439846088e+00 1.882817503610730370e+01
1.067307692307692291e+00 1.041467845318794261e+01
1.066282420749279591e+00 1.007574236264944112e+01
1.065259117082533624e+00 1.995333216551303934e+01
1.064237775647171702e+00 1.009860880286574414e+01
1.063218390804597790e+00 1.009998270968437240e+01
1.062200956937799035e+00 1.033711184257030524e+01
1.061185468451242730e+00 1.009259248584747404e+01
1.060171919770773519e+00 1.036411320923209267e+01
1.059160305343511466e+00 1.009119347386241117e+01
1.058150619637750145e+00 1.011801926374554661e+01
1.057142857142857162e+00 1.010835232005715412e+01
1.056137012369172234e+00 1.029687639730453519e+01
1.055133079847908606e+00 1.009282146215439013e+01
1.054131054131054013e+00 1.006110101367116094e+01
1.053130929791271431e+00 1.115549090172171631e+01
1.052132701421800931e+00 1.016256926782727277e+01
1.051136363636363757e+00 1.005786255689859487e+01
1.050141911069063516e+00 1.008912680027961883e+01
1.049149338374291140e+00 1.070375229619503088e+01
1.048158640226628746e+00 1.026719413036108186e+01
1.047169811320754595e+00 1.068296613975763343e+01
1.046182846371347619e+00 1.014114089801311636e+01
1.045197740112994156e+00 1.009201782137155590e+01
1.044214487300094030e+00 1.008767668036699305e+01
1.043233082706766846e+00 1.009660829933762649e+01
1.042253521126760507e+00 1.027707364721059946e+01
1.041275797373358403e+00 1.572531992048382854e+01
1.040299906279287701e+00 1.011167914797544576e+01
1.039325842696629199e+00 1.155459860375881220e+01
1.038353601496725842e+00 1.010906915656328309e+01
1.037383177570093462e+00 2.952271376041651152e+01
1.036414565826330625e+00 1.015478117033481631e+01
1.035447761194029814e+00 1.013010235313296370e+01
1.034482758620689502e+00 1.018213271838307499e+01
1.033519553072625552e+00 1.043350916939139417e+01
1.032558139534883512e+00 1.268097573776841180e+01
1.031598513011152241e+00 1.158943030619144565e+01
1.030640668523676862e+00 1.028160061949849258e+01
1.029684601113172393e+00 1.045607525592923182e+01
1.028730305838739589e+00 1.474113337206721397e+01
1.027777777777777679e+00 1.116011477291345599e+01
1.026827012025901986e+00 1.045334943480014900e+01
1.025878003696857776e+00 1.189018174821615403e+01
1.024930747922437657e+00 1.140210580621123349e+01
1.023985239852398532e+00 1.484367533983469123e+01
1.023041474654377891e+00 1.290098407255888091e+01
1.022099447513812098e+00 1.054781773553609980e+01
1.021159153633854455e+00 1.079844494408369115e+01
1.020220588235293935e+00 1.402816819274425697e+01
1.019283746556473691e+00 1.282497106827497646e+01
1.018348623853210899e+00 1.055666380657434544e+01
1.017415215398716599e+00 1.231350588443279293e+01
1.016483516483516425e+00 1.045301082477808130e+01
1.015553522415370447e+00 1.455400703560948550e+01
1.014625228519195677e+00 1.149548474674463350e+01
1.013698630136986356e+00 1.133243518535017991e+01
1.012773722627737127e+00 1.605596222368598092e+01
1.011850501367365540e+00 1.447454609311342288e+01
1.010928961748633892e+00 1.240455932826280616e+01
1.010009099181073733e+00 1.445175894760966351e+01
1.009090909090909038e+00 1.310342710406661126e+01
1.008174386920980714e+00 1.219794363649487678e+01
1.007259528130671322e+00 1.884034430325269938e+01
1.006346328195829365e+00 1.092685285068512080e+01
1.005434782608695565e+00 1.162861734263062630e+01
1.004524886877828038e+00 1.476128034344196394e+01
1.003616636528028794e+00 1.123724697965979580e+01
1.002710027100270906e+00 1.208205379729628604e+01
1.001805054151624574e+00 1.267891978548050069e+01
1.000901713255184733e+00 1.081168611900091214e+01
1.000000000000000000e+00 1.228377495547294629e+01
