9.990999099909990022e+00 9.591123294781844777e+00
9.968567579703636383e+00 9.589994502637388507e+00
9.950694755714925677e+00 9.587767404208779709e+00
9.932885906040267443e+00 9.598822716729046078e+00
9.910714285714286476e+00 9.655338752534390778e+00
9.888641425389755213e+00 9.588063407007457073e+00
9.871053801689640750e+00 9.584000949096679989e+00
9.853528628495338282e+00 9.585768460516334244e+00
9.831709477413642873e+00 9.586729027545054294e+00
9.809986743261157827e+00 9.593051220255494727e+00
9.792677547419497586e+00 9.612851868759989316e+00
9.775429326287978782e+00 9.593344436784388307e+00
9.753954305799647173e+00 9.600040751479467005e+00
9.732573432704954897e+00 9.578816590998769698e+00
9.715536105032821723e+00 9.579874234220387308e+00
9.694323144104803447e+00 9.579524405802091636e+00
9.673202614379086128e+00 9.578123796488046793e+00
9.656372335798172557e+00 9.629551053641439040e+00
9.639600521059486837e+00 9.589884913561345314e+00
9.618717504332755297e+00 9.682459840173324395e+00
9.597924773022048939e+00 9.619854440378546201e+00
9.581355200690548912e+00 9.683891435579658591e+00
9.560723514211884932e+00 1.141782230281353172e+01
9.540180489901159078e+00 9.621858129991888831e+00
9.523809523809523725e+00 9.623463323968650229e+00
9.503424657534246478e+00 9.757037789688110863e+00
9.483126868859462988e+00 1.020315125801682576e+01
9.466950959488272588e+00 9.645323640640974361e+00
9.446808510638296852e+00 1.079098752839922959e+01
9.426751592356687581e+00 9.623571069065928185e+00
9.410767274268758698e+00 9.608477783954739948e+00
9.390862944162437387e+00 1.022611905953089462e+01
9.371042634022792583e+00 9.594770341191292573e+00
9.351305812973883747e+00 1.209101009806195925e+01
9.331651954602774524e+00 9.891768922279478460e+00
9.315988250104910051e+00 9.670222548760175840e+00
9.296482412060301570e+00 1.261896165937940317e+01
9.277058086084410959e+00 9.663992381957768885e+00
9.261576971214017462e+00 1.012672471622288306e+01
9.242298084929226221e+00 9.829796049612760100e+00
9.223099293726630066e+00 9.602639294004440274e+00
9.203980099502487633e+00 9.625895857273738088e+00
9.184940008274720569e+00 1.956571012935161846e+01
9.165978530140380443e+00 1.095601379536787867e+01
9.147095179233620144e+00 9.643763552703859432e+00
9.132044426162073236e+00 9.548828033838272944e+00
9.113300492610838077e+00 9.559398516478141872e+00
9.094633346988938882e+00 9.611150826151373394e+00
9.076042518397384740e+00 9.559377612129052793e+00
9.057527539779680836e+00 9.552749452186226620e+00
9.039087947882736174e+00 9.565604685925245931e+00
9.020723283218202937e+00 9.543231588002443644e+00
9.006085192697769415e+00 9.576801551338434138e+00
8.987854251012146634e+00 9.594439725429216637e+00
8.969696969696970612e+00 9.557588127825857427e+00
8.951612903225806051e+00 9.545591995903651039e+00
8.933601609657946696e+00 9.595326060314178562e+00
8.915662650602408590e+00 9.577890832014880118e+00
8.897795591182363850e+00 9.548241763269903259e+00
8.880000000000000782e+00 9.550708730528752355e+00
8.862275449101796099e+00 9.538487128823994965e+00
8.844621513944222357e+00 9.733767775652806264e+00
8.827037773359842632e+00 9.547778511574865234e+00
8.809523809523808424e+00 9.633508177788655757e+00
8.792079207920791006e+00 9.613357515427470190e+00
8.774703557312252045e+00 9.545127208613157777e+00
8.757396449704142327e+00 9.539666156657933271e+00
8.740157480314961091e+00 9.553995723796289141e+00
8.719560094265514039e+00 9.580126639591057369e+00
8.702469619756959318e+00 9.742499592924119156e+00
8.685446009389670152e+00 9.635074134383202704e+00
8.668488871534556495e+00 9.595406496647001404e+00
8.651597817614964825e+00 1.005697524985750668e+01
8.634772462077012989e+00 9.551185924369693936e+00
8.618012422360248337e+00 9.550096580122312773e+00
8.597986057319907616e+00 9.982441179840963130e+00
8.581368380363356252e+00 1.086935706403613189e+01
8.564814814814813104e+00 9.602977116825583082e+00
8.548324990373508570e+00 9.610607218582631006e+00
8.531898539584933161e+00 9.592601419825951936e+00
8.515535097813579313e+00 9.758042520813347664e+00
8.499234303215926545e+00 9.834275068879923865e+00
8.479755538579066609e+00 9.716071215520303284e+00
8.463591307662980512e+00 9.746464043333531890e+00
8.447488584474884377e+00 9.629175899817150608e+00
8.428246013667425984e+00 1.205289539377927888e+01
8.412277377794620037e+00 1.191363527924716514e+01
8.396369137670196992e+00 1.005161616065581676e+01
8.377358490566036764e+00 9.683701889289222819e+00
8.361581920903955023e+00 9.667786200399994812e+00
8.345864661654134764e+00 1.478735165241082683e+01
8.330206378986867222e+00 9.999790537579656302e+00
8.314606741573033588e+00 9.786059787017505229e+00
8.295964125560535862e+00 9.871308508719206287e+00
8.277404921700224349e+00 9.650578810866276669e+00
8.262002232973577165e+00 1.288796943673312789e+01
8.246656760772660633e+00 1.469423551802595362e+01
8.228317272053372378e+00 9.928542966423432148e+00
8.213096559378469053e+00 1.286771507797539371e+01
8.197932053175774669e+00 1.019293979237675707e+01
8.179808400884303055e+00 1.007565118844548913e+01
8.164766458256710990e+00 1.626596849635899389e+01
8.149779735682820103e+00 1.006002047949115585e+01
8.131868131868131400e+00 2.155776030543248112e+01
8.114035087719297934e+00 1.000185658822774748e+01
8.099233856256839559e+00 9.953145074839593320e+00
8.084486525855790973e+00 2.113137484165946844e+01
8.066860465116279855e+00 2.192987820161104651e+01
8.049311094996374649e+00 2.011750877328515230e+01
8.034744842562432154e+00 1.208686148141861061e+01
8.020231213872833109e+00 1.278334667508364042e+01
8.002883922134103045e+00 4.073997566133181891e+01
7.985611510791366996e+00 1.075438561357180411e+01
7.971274685816876371e+00 3.800989281237542627e+01
7.956989247311827107e+00 1.090949072199543401e+01
7.939914163090129762e+00 1.640475288642605278e+01
7.922912205567451238e+00 1.398216375810424417e+01
7.905982905982906317e+00 1.296376327530463612e+01
7.891930323498043798e+00 1.453718822237610908e+01
7.877927608232789147e+00 1.985729080927093904e+01
7.861189801699715929e+00 1.375772911755601768e+01
7.844522968197880530e+00 1.752220098908185975e+01
7.827926657263751586e+00 1.595524987913648296e+01
7.811400422237859686e+00 1.171778284393628589e+01
7.797681770284509817e+00 2.140734506943583781e+01
7.784011220196353165e+00 1.203165032908638388e+01
7.767669699090272495e+00 1.444711899318257942e+01
7.751396648044692306e+00 1.538748729886015276e+01
7.735191637630661532e+00 1.356437712758580894e+01
7.719054242002781230e+00 1.371092336430668901e+01
7.702984038861901084e+00 1.633054747515599203e+01
7.689643228264634089e+00 1.663930286597013719e+01
7.676348547717842585e+00 2.726146257865548250e+01
7.660455486542442571e+00 4.910335181082090372e+01
7.644628099173553792e+00 1.279535345056891593e+01
7.628865979381442841e+00 1.166810012046217970e+01
7.613168724279835153e+00 1.117392003813505141e+01
7.597535934291580695e+00 1.497867500629305937e+01
7.581967213114753967e+00 1.676378600034952271e+01
7.566462167689161689e+00 1.535930734166423406e+01
7.551020408163265252e+00 1.435466298072298308e+01
7.535641547861506417e+00 1.722969416570027690e+01
7.520325203252031798e+00 1.375890837452371862e+01
7.505070993914807254e+00 2.108741115203738659e+01
7.489878542510121306e+00 1.301367251086195687e+01
7.477265072414954084e+00 2.285366862369835417e+01
7.464694014794888588e+00 1.370970730923215619e+01
7.449664429530201026e+00 2.366896429382841305e+01
7.434695244474212927e+00 1.262230750824689984e+01
7.419786096256684615e+00 2.014193382602334381e+01
7.404936624416277091e+00 1.536076398857395020e+01
7.390146471371504155e+00 1.628408909197807475e+01
7.375415282392026484e+00 1.563502798266609517e+01
7.360742705570291200e+00 1.418831778230786433e+01
7.346128391793514290e+00 2.850753382838647099e+01
7.331571994715985419e+00 1.511368135330120843e+01
7.317073170731706711e+00 1.355283341673970376e+01
7.300230187438342178e+00 1.382571416179180268e+01
7.283464566929133355e+00 1.654580621912439753e+01
7.269155206286836979e+00 1.762091048027078344e+01
7.254901960784313708e+00 1.516595091742674661e+01
7.240704500978473845e+00 1.119014927130301906e+01
7.226562499999999112e+00 1.368127824582775531e+01
7.212475633528264929e+00 1.301583284413616148e+01
7.198443579766537148e+00 1.545320989169478487e+01
7.184466019417476090e+00 1.244323174785773034e+01
7.170542635658915920e+00 1.578001810497085522e+01
7.156673114119922907e+00 1.472293410922646650e+01
7.142857142857143238e+00 1.579019043502092501e+01
7.129094412331406616e+00 1.198746224405090111e+01
7.113104774110861506e+00 2.182872408955693189e+01
7.097186700767264433e+00 1.297601045396804942e+01
7.083599234205489203e+00 1.419346129705627924e+01
7.070063694267515686e+00 1.556148674225330630e+01
7.056579783852510168e+00 1.423612378084699515e+01
7.043147208121826708e+00 1.896657470704595383e+01
7.029765674477517656e+00 1.355541646553436941e+01
7.014218009478672577e+00 1.446857418767362979e+01
6.998738965952080449e+00 1.734299388158520117e+01
6.985525487728129868e+00 2.535055335625251516e+01
6.972361809045225733e+00 1.307688609843889971e+01
6.959247648902821659e+00 1.938564666960120420e+01
6.946182728410514429e+00 1.219967100109418290e+01
6.931002185451140107e+00 1.198451572923928587e+01
6.915887850467289155e+00 1.240499671379208735e+01
6.902985074626866613e+00 1.789830731049021040e+01
6.890130353817504272e+00 1.485976505092700428e+01
6.875193558377206138e+00 1.654131055545419571e+01
6.860321384425215108e+00 2.338196284938931413e+01
6.847624922887106891e+00 1.660503184626102424e+01
6.834975369458128114e+00 1.513547142451087701e+01
6.820276497695852314e+00 1.855165222890764554e+01
6.805640711220109829e+00 1.515518418088316999e+01
6.793145654834760627e+00 2.222833423614780202e+01
6.780696395846060653e+00 1.873635661198497004e+01
6.766229807985369327e+00 1.384561592086702753e+01
6.751824817518248700e+00 1.565112316467285325e+01
6.739526411657558391e+00 1.395834034547368674e+01
6.727272727272727515e+00 1.681860510928909136e+01
6.713032960387057990e+00 2.095888492507517498e+01
6.698853349426674875e+00 1.459861743946552259e+01
6.686746987951806886e+00 1.844918681854645470e+01
6.672678088367898219e+00 1.935145781340509785e+01
6.658668266346730924e+00 1.575803914028843344e+01
6.646706586826347518e+00 2.067899397413571805e+01
6.632805497460412703e+00 2.370034896116674261e+01
6.618962432915921568e+00 1.824971362811963260e+01
6.607142857142857650e+00 1.476629892123262344e+01
6.593406593406593963e+00 2.231394516084313295e+01
6.579727326615293137e+00 2.079282039608160915e+01
6.566104702750665822e+00 2.078456696304380813e+01
6.552538370720188965e+00 1.880691982214848323e+01
6.540954625810253553e+00 1.734742219322601997e+01
6.527491914142897755e+00 1.768978423470437633e+01
6.514084507042253946e+00 2.082901469536106021e+01
6.500732064421669953e+00 2.362106372981816804e+01
6.487434248977206330e+00 2.440542621712088689e+01
6.476079346557759742e+00 2.057046281166235602e+01
6.462882096069869853e+00 1.652634548313409368e+01
6.449738524113887372e+00 1.751176025059541175e+01
6.436648303856189912e+00 2.009589604617566039e+01
6.423611111111111605e+00 2.218847079280297407e+01
6.410626624314178734e+00 2.314539201373666799e+01
6.397694524495677548e+00 1.695599478625019430e+01
6.384814495254530264e+00 1.872584477551370696e+01
6.371986222732490823e+00 2.300533075543363637e+01
6.359209395588655944e+00 1.774736182684183206e+01
6.346483704974270168e+00 2.346627679390509869e+01
6.333808844507846203e+00 1.745637366858333550e+01
6.321184510250569488e+00 1.313861367228388843e+01
6.308610400682011843e+00 1.215900082600057175e+01
6.296086216676119562e+00 1.240705122577905684e+01
6.283611661477497279e+00 1.238773282428056177e+01
6.271186440677967155e+00 1.383238551094969182e+01
6.258810262193402529e+00 1.381931950147062693e+01
6.246482836240853764e+00 1.362143146311362862e+01
6.234203875315921906e+00 1.395084820552647109e+01
6.221973094170404117e+00 1.557506908256014277e+01
6.209790209790209126e+00 1.500471642070979073e+01
6.197654941373534676e+00 1.545903168754418822e+01
6.185567010309278579e+00 2.123930216547429950e+01
6.171809841534611429e+00 1.758645476839959798e+01
6.159822419533851345e+00 2.125674158660610757e+01
6.147881473276100905e+00 1.828159499597817828e+01
6.135986733001658422e+00 1.563125389809211363e+01
6.124137931034482563e+00 1.649752213400214984e+01
6.110652353426918815e+00 2.368785758354455595e+01
6.098901098901099438e+00 1.527346252639373425e+01
6.087194954757335630e+00 1.550796584492832508e+01
6.073871409028726909e+00 2.531223546285211867e+01
6.062261059530311691e+00 1.879528930633863126e+01
6.050695012264922568e+00 2.320656867061645201e+01
6.037530595594233773e+00 1.977718525340110034e+01
6.026058631921824116e+00 1.436318224637468965e+01
6.014630181522623076e+00 2.023895136901319347e+01
6.001622060016221560e+00 1.572113053426593687e+01
5.990286022665946675e+00 2.093416930356621819e+01
5.978992728252087829e+00 1.814498677013754957e+01
5.966138134909970248e+00 1.919098225488841791e+01
5.953338696701528043e+00 1.666997469803840204e+01
5.942184154175588873e+00 2.425846586580037823e+01
5.931071333155223613e+00 2.122899327980429263e+01
5.918421754198880613e+00 1.760562883510410970e+01
5.905826017557861185e+00 1.720758117286890965e+01
5.894848645778013818e+00 2.392801743955612537e+01
5.883912006360985103e+00 2.382262897547096259e+01
5.871462576038084968e+00 1.847982178098440542e+01
5.859065716547901204e+00 1.888112588071942355e+01
5.848261327713381696e+00 1.553632197626074252e+01
5.837496713121220537e+00 2.128193511371583213e+01
5.825242718446602019e+00 2.136406961233377899e+01
5.813040062843676914e+00 1.612641414642900273e+01
5.800888424353279227e+00 1.331694737547010376e+01
5.788787483702737546e+00 1.271412828773588188e+01
5.778240499739719205e+00 1.990672788049976205e+01
5.767731878409977142e+00 2.117847218402654264e+01
5.755768732175265967e+00 1.687549437193990087e+01
5.743855109961189420e+00 1.941348868388056914e+01
5.731990704879938114e+00 1.742352254198998196e+01
5.720175212574078571e+00 1.872943892256379428e+01
5.708408331190536700e+00 1.951885163078516783e+01
5.698151950718686187e+00 1.288955683822433151e+01
5.687932359723289366e+00 1.487554831942022027e+01
5.676297622091537320e+00 1.686716955475539237e+01
5.664710385302373474e+00 1.280689053624153395e+01
5.653170359052711369e+00 1.777119704077005480e+01
5.641677255400253443e+00 2.079738754235476250e+01
5.630230788739538639e+00 1.408618918921530394e+01
5.618830675778283990e+00 1.523298174779117176e+01
5.607476635514019314e+00 1.678423391731768888e+01
5.596168389210991023e+00 1.251319008904486907e+01
5.584905660377358139e+00 1.802589059225439883e+01
5.573688174742655654e+00 1.691672206523031008e+01
5.562515660235529680e+00 1.617909940631211185e+01
5.551387846961739925e+00 1.448188415216416303e+01
5.540304467182430415e+00 1.303060712610036020e+01
5.529265255292652448e+00 1.250257126512050654e+01
5.518269947800148678e+00 1.324742567296236828e+01
5.507318283304391215e+00 1.125076169909447366e+01
5.496410002475860423e+00 1.080755635064095443e+01
5.485544848035582177e+00 1.225649565257608842e+01
5.474722564734895158e+00 1.537033054007172694e+01
5.463942899335465953e+00 1.856520789542138772e+01
5.453205600589535962e+00 1.209783344508230662e+01
5.442510419220396578e+00 1.304921671216964896e+01
5.431857107903106829e+00 1.207125609773040154e+01
5.421245421245420637e+00 1.755749820597976552e+01
5.410675115768949439e+00 1.261505326904982383e+01
5.398832684824903083e+00 1.094653176533770633e+01
5.387041980101916927e+00 1.075789380317211297e+01
5.376604504722693356e+00 1.112660590987533382e+01
5.366207396664250062e+00 1.154392401908457444e+01
5.355850422195415739e+00 1.854103547308445243e+01
5.345533349385986455e+00 1.482374244582742584e+01
5.335255948089401734e+00 1.092972124410957235e+01
5.323741007194243480e+00 1.071197130077600512e+01
5.312275664034458167e+00 1.099824943384468590e+01
5.302125626940530800e+00 1.139454412830829710e+01
5.292014302741359089e+00 1.329308312424302230e+01
5.281941470378300529e+00 1.249451649558723076e+01
5.271906910472571539e+00 1.259456142406910750e+01
5.260663507109004655e+00 1.138891238591432575e+01
5.249467959328446121e+00 1.413156898308545451e+01
5.239556289827708824e+00 1.756488355433583592e+01
5.229681978798586428e+00 1.620749638750404387e+01
5.218617771509168612e+00 1.861817200870943267e+01
5.207600281491906458e+00 1.315450855791539020e+01
5.197845937719503873e+00 1.485094467770606208e+01
5.188128067305444624e+00 1.093964899987101802e+01
5.177238805970149294e+00 1.290132945473075132e+01
5.166395159413544214e+00 1.865274681082606634e+01
5.156794425087108280e+00 1.164239280356347805e+01
5.146036161335187487e+00 1.288978850210452265e+01
5.135322692574601611e+00 1.152833058982104042e+01
5.125836989148002232e+00 1.081780687787175310e+01
5.115207373271889679e+00 1.533412716176247770e+01
5.104621752126925038e+00 1.077308470817059316e+01
5.095249024558182072e+00 1.179287022441387300e+01
5.084745762711865069e+00 1.205226679290819369e+01
5.074285714285714732e+00 1.089790338852137452e+01
5.065023956194386834e+00 1.094971144576192046e+01
5.054644808743169904e+00 1.081788020632886926e+01
5.044308111792774163e+00 1.116548740037530685e+01
5.034013605442177131e+00 1.249934127794218242e+01
5.023761031907671537e+00 1.287044666870296084e+01
5.014682629320081020e+00 1.139264198877066470e+01
5.004508566275924331e+00 1.202594823522424861e+01
4.994375703037120751e+00 1.124158400095015864e+01
4.984283789851818192e+00 1.112164451712656010e+01
4.974232578982746844e+00 1.140567494387448022e+01
4.964221824686940288e+00 1.128318288746190134e+01
4.954251283195715949e+00 1.276418357556462269e+01
4.944320712694877606e+00 1.505771586771846060e+01
4.934429873305179015e+00 1.290787572701603381e+01
4.924578527062998923e+00 1.172935357349777519e+01
4.914766437901262108e+00 1.178802299368173045e+01
4.904993371630579801e+00 1.305689343946480641e+01
4.895259095920617476e+00 1.504844527238458340e+01
4.885563380281690016e+00 1.656301931520795989e+01
4.875905996046562940e+00 1.451147335751563361e+01
4.866286716352477448e+00 1.421438058063483467e+01
4.856705316123386851e+00 1.462139364896655280e+01
4.847161572052401723e+00 1.526787114363002829e+01
4.836601307189543064e+00 1.704569187193083835e+01
4.827136333985649230e+00 1.419314485977649909e+01
4.817708333333333037e+00 1.963439978187656365e+01
4.808317089018843582e+00 1.602949934185445358e+01
4.798962386511024469e+00 1.436971671965980590e+01
4.788610871440896588e+00 1.432773527017903348e+01
4.779332615715823351e+00 1.312338021087139950e+01
4.770090244950579539e+00 1.260630852384972655e+01
4.759862778730703070e+00 1.305407177914070971e+01
4.750695484699337001e+00 2.064973932689249736e+01
4.741563434429731494e+00 1.260866495802211951e+01
4.731457800511509326e+00 1.347933207457518634e+01
4.722399489470325840e+00 1.336952298509329573e+01
4.713375796178344679e+00 1.280051129340529670e+01
4.703389830508475811e+00 1.292630008222341509e+01
4.694438570522309284e+00 1.333079256915360844e+01
4.685521317011398068e+00 1.398010671847749009e+01
4.675652906486941873e+00 1.318312613390493482e+01
4.665825977301387262e+00 1.333533990771078948e+01
4.657016991818754725e+00 1.349095490921288842e+01
4.648241206030150785e+00 1.352152331589985046e+01
4.638529043042207256e+00 1.371676780306768606e+01
4.628857381150959682e+00 1.389371495368647480e+01
4.619225967540574906e+00 1.399666180053591802e+01
4.610591900311526992e+00 1.413109636536151470e+01
4.601990049751243816e+00 1.430183391347265420e+01
4.592470004137360284e+00 1.447336601887631424e+01
4.582989265070190221e+00 1.471250664746022530e+01
4.573547589616810072e+00 1.488415815615201154e+01
4.564144736842105310e+00 1.508337419741559060e+01
4.555715165195977967e+00 1.528687807425946055e+01
4.547316673494469441e+00 1.569588105194568683e+01
4.538021259198692370e+00 1.573282246800422968e+01
4.528763769889841306e+00 1.602839096017265419e+01
4.519543973941368975e+00 1.625376489988351025e+01
4.510361641609102357e+00 1.692010323827123841e+01
4.501216545012166392e+00 1.683891609660935629e+01
4.492108458114124403e+00 1.810679910881733790e+01
4.483037156704360982e+00 1.778735816332244823e+01
4.474002418379685153e+00 2.442349260912251552e+01
4.465004022526145810e+00 2.140393258495402762e+01
4.456041750301083404e+00 2.115261833074069031e+01
4.447115384615384137e+00 2.162387832207179628e+01
4.438224710115953542e+00 2.600201470727610698e+01
4.429369513168396111e+00 2.430725408888864791e+01
4.420549581839904540e+00 2.778817806792426381e+01
4.411764705882352366e+00 2.913603083355569723e+01
4.403014676715588216e+00 3.120093978889132202e+01
4.394299287410926347e+00 3.130147282678938225e+01
4.385618332674831699e+00 2.857389023291420926e+01
4.376971608832807448e+00 2.699700938356638247e+01
4.368358913813459310e+00 3.207561730246949594e+01
4.359780047132757019e+00 2.879892044105053017e+01
4.351234809878479659e+00 3.372286864978362075e+01
4.342723004694835964e+00 3.964799930898547586e+01
4.334244435767279136e+00 4.151811145300984407e+01
4.324956165984804812e+00 4.485413272044797850e+01
4.315707620528772104e+00 4.272527770413231707e+01
4.307334109429568514e+00 4.256411256089401718e+01
4.298993028659954696e+00 5.714081868384386098e+01
4.290684190181677238e+00 4.397381435108089676e+01
4.282407407407406552e+00 5.511379656081247447e+01
4.274162495186753397e+00 4.521829411140441835e+01
4.265129682997118366e+00 5.540964350750982703e+01
4.256134969325152895e+00 4.911015049208451444e+01
4.247990815154993882e+00 4.341902301420212495e+01
4.239877769289534193e+00 6.897024992427373036e+01
4.230989136649513149e+00 4.131027134444415339e+01
4.222137694941042518e+00 4.398823104380131355e+01
4.214123006833712992e+00 3.577815197698927108e+01
4.206138688897310018e+00 3.862079311299491025e+01
4.197390811117414522e+00 3.298079484814127227e+01
4.188679245283018382e+00 2.431266711593151086e+01
4.180790960451976623e+00 2.281215705147266704e+01
4.172148092463822344e+00 2.226283244420667629e+01
4.163540885221305388e+00 2.176193999264740953e+01
4.155746911269187827e+00 2.140971333523940956e+01
4.147207173547543313e+00 2.098698198839565165e+01
4.138702460850112175e+00 2.064342541956138888e+01
4.131001116486788582e+00 2.027264914811778240e+01
4.122562674094708335e+00 1.993929859741012578e+01
4.114158636026686189e+00 1.955892344625163304e+01
4.106548279689234526e+00 1.925437593425965233e+01
4.098209340963633096e+00 1.888849704561889453e+01
4.089904200442151527e+00 1.855163929215264318e+01
4.081632653061224580e+00 1.822970778754373455e+01
4.073394495412844485e+00 1.791952587242174388e+01
4.065189525727888942e+00 1.755259955886304368e+01
4.057017543859649855e+00 1.722258218196511592e+01
4.048878351267553910e+00 1.705985024597525879e+01
4.040771751001092760e+00 1.669032373180556306e+01
4.032697547683923744e+00 1.636425546542902865e+01
4.024655547498187325e+00 1.616003297905445280e+01
4.016645558168987939e+00 1.583487807316144291e+01
4.008667388949079147e+00 1.559674961970734763e+01
4.000720850603713075e+00 1.530654643744727217e+01
3.992805755395683498e+00 1.512053861678886690e+01
3.984921917070543884e+00 1.483815930181940423e+01
3.977069150841991529e+00 1.467854063293242461e+01
3.969247273377435992e+00 1.442566680479447250e+01
3.960749330954504543e+00 1.444473936458826380e+01
3.952991452991453158e+00 1.406283997774171723e+01
3.945263906166696977e+00 1.404687682125826598e+01
3.937566512947853425e+00 1.364879395989871114e+01
3.929899097185342693e+00 1.361475827623665147e+01
3.921568627450980227e+00 1.335530652231037685e+01
3.913963328631876237e+00 1.333591478332591329e+01
3.906387471405947664e+00 1.366614052604754725e+01
3.898156277436348294e+00 1.302429616307536975e+01
3.890641430073606966e+00 1.298511512839818316e+01
3.883155501136960286e+00 1.289204969162265435e+01
3.875021818816547725e+00 1.435616947633822882e+01
3.866922139000174230e+00 1.256462598525047270e+01
3.859527121001390615e+00 1.261549230372166619e+01
3.852160333159812211e+00 1.277730058489461840e+01
3.844155844155844104e+00 1.363602154839217739e+01
3.836184551581130364e+00 1.212145987016916315e+01
3.828906519489478910e+00 1.272181112443900375e+01
3.821656050955414052e+00 1.253563346190254002e+01
3.813777701425872912e+00 1.269501235744953327e+01
3.805931767529573406e+00 1.329694187150895779e+01
3.798118049615055725e+00 1.205983215959270893e+01
3.790336349667065008e+00 1.311204357081631855e+01
3.783231083844580844e+00 1.214911890719461596e+01
3.776152406871916778e+00 1.151912414192696588e+01
3.768460363265999202e+00 1.177912183921416478e+01
3.760799593427071041e+00 1.131736663090745765e+01
3.753169907016061124e+00 1.148171691018661100e+01
3.745571115235364346e+00 1.126097165194829408e+01
3.738003030813268346e+00 1.140527270960648742e+01
3.730465467988573369e+00 1.115853372383853070e+01
3.722958242495388426e+00 1.107488545555810333e+01
3.715481171548116635e+00 1.225695347971876537e+01
3.708034073826624422e+00 1.264383804565151515e+01
3.700616769461576805e+00 1.093403303880175059e+01
3.693229080019963639e+00 1.106675526999930526e+01
3.685870828490785733e+00 1.202007797734340322e+01
3.678541839270919489e+00 1.104603246220807300e+01
3.671241938151149409e+00 1.092475004994114407e+01
3.663970952302360029e+00 1.097520845175564297e+01
3.656728710261901494e+00 1.142377357101142366e+01
3.649515041920105229e+00 1.227103516973892994e+01
3.642329778506972815e+00 1.112514950738449926e+01
3.635172752579007405e+00 1.088006713170588036e+01
3.628043798006210796e+00 1.268098849086364233e+01
3.620942749959223494e+00 1.066047125976681720e+01
3.613281250000000888e+00 1.097029536918044279e+01
3.605652103297060762e+00 1.143034392335176541e+01
3.598638353055600092e+00 1.089045558387240042e+01
3.591651836272447440e+00 1.198102833123386013e+01
3.584692394639108493e+00 1.132940226871391332e+01
3.577759871071716447e+00 1.350038814494272010e+01
3.570279832743646686e+00 1.107107557774050122e+01
3.562831006259027600e+00 1.178505591726482038e+01
3.555982700624699788e+00 1.405031908948143382e+01
3.549160671462830319e+00 1.174196988771677042e+01
3.541799617102743714e+00 1.574384916854245375e+01
3.534469033593376608e+00 1.236383715552787343e+01
3.527729222946131227e+00 1.279928508394261399e+01
3.520456707897241078e+00 1.174495647536822851e+01
3.513214116157619582e+00 1.074592564012309026e+01
3.506555046596114611e+00 1.113574447847882887e+01
3.499369482976040224e+00 1.385428526007959071e+01
3.492213308164228813e+00 1.474515696417848432e+01
3.485633537447009100e+00 1.178465361476361828e+01
3.478533375117518478e+00 1.259934073749644412e+01
3.471462079749805252e+00 1.223166076983352468e+01
3.464960199781489170e+00 1.406366882592499401e+01
3.457943925233644578e+00 1.591991748895917702e+01
3.450956008083320370e+00 2.017310955733497835e+01
3.443996276760782127e+00 1.104747038648792845e+01
3.437064561077566083e+00 1.108253964508672595e+01
3.430160692212608886e+00 1.696700473142658083e+01
3.423284502698535459e+00 1.305341625976363851e+01
3.416435826408125376e+00 1.655479066846660174e+01
3.409614498540931571e+00 1.635364544366677819e+01
3.402820355610054914e+00 1.343572489106808554e+01
3.396053235429095984e+00 1.474879365081648075e+01
3.389312977099236512e+00 1.311119547010115305e+01
3.382599420996495798e+00 1.702191961569825907e+01
3.375912408759124350e+00 1.353244311981831416e+01
3.369251783275156065e+00 1.683367318688929259e+01
3.362617388670100294e+00 1.160585509192177334e+01
3.355501813784764753e+00 1.621927281762072326e+01
3.348921405943581231e+00 1.112450277291993395e+01
3.342366757000903021e+00 1.448915480570299330e+01
3.335837716003005049e+00 1.898930806267897609e+01
3.329334133173365462e+00 1.425872380944251994e+01
3.322358575276862958e+00 2.005710340425696003e+01
3.315907393577296691e+00 3.009009556822081422e+01
3.309481216457961228e+00 1.756521808217202008e+01
3.302588515322820495e+00 1.267190248734916835e+01
3.295724465558194538e+00 1.551428106197340284e+01
3.289376203882056426e+00 1.141281241108099742e+01
3.283052351375332467e+00 1.374869347732816571e+01
3.276269185360094482e+00 1.111786170183675715e+01
3.269513991163476074e+00 1.500146153598632282e+01
3.263266206085550625e+00 1.562532623108427110e+01
3.257042253521126973e+00 1.529568630956172903e+01
3.250366032210834977e+00 1.757636769038098024e+01
3.243717124488603609e+00 1.569495454321708294e+01
3.237095363079614430e+00 1.642585015257324343e+01
3.230500582072176829e+00 1.686091449418068322e+01
3.223932616903863124e+00 1.621438951126950201e+01
3.217857660530511588e+00 1.251723048955440731e+01
3.211805555555555802e+00 1.559741657213381494e+01
3.205313312157089811e+00 1.343857611508488858e+01
3.198847262247839218e+00 1.600211116273147738e+01
3.192407247627264688e+00 1.420789806886434725e+01
3.185993111366245412e+00 1.399555533287729858e+01
3.179604697794328416e+00 1.040864990301694526e+01
3.173241852487135528e+00 1.448028123383641663e+01
3.166904422253923101e+00 1.136811925283772773e+01
3.160592255125284300e+00 1.045839161588515687e+01
3.154305200341006366e+00 1.084578642818229710e+01
3.148043108338060225e+00 1.177121380860601185e+01
3.141805830738749528e+00 1.188883436326078069e+01
3.135593220338982690e+00 1.001104967484235786e+01
3.129405131096701265e+00 1.207738751807076660e+01
3.123241418120427770e+00 1.122913634486351953e+01
3.116664326828583409e+00 1.056677215565368577e+01
3.110114878117120174e+00 1.259023361461979995e+01
3.104026845637584131e+00 1.244682185280902154e+01
3.097962601172202124e+00 1.123923846673727134e+01
3.091922005571030585e+00 1.230804448440075127e+01
3.085904920767306159e+00 1.074228241323692501e+01
3.079483978360382679e+00 1.137485632096544030e+01
3.073089700996677998e+00 1.102450194150209484e+01
3.067145620337110135e+00 9.994462363941670091e+00
3.061224489795918657e+00 1.041492874391317613e+01
3.054905738268886672e+00 1.187377791386485093e+01
3.048613018401538532e+00 1.184733328302775135e+01
3.042763157894736725e+00 1.035009892698645650e+01
3.036935704514363898e+00 1.041325607472709258e+01
3.030716723549487845e+00 1.022032504478618620e+01
3.024523160762943252e+00 1.203321666913713628e+01
3.018765297797116443e+00 1.094523476652996941e+01
3.012620436965666837e+00 1.126974503394827209e+01
3.006500541711809138e+00 1.283965149868658706e+01
3.000405460197324015e+00 9.780896591793299066e+00
2.994335041812786535e+00 1.066223999649626997e+01
2.988691437802907469e+00 1.039129890901974207e+01
2.982668278919790694e+00 1.111726407481417134e+01
2.976669348350763578e+00 1.103731041052103201e+01
2.970694500200723009e+00 1.132449947690039949e+01
2.964743589743589425e+00 1.090321191344176199e+01
2.958816473410635695e+00 1.010112760215416650e+01
2.952913008778930593e+00 1.043091308173843856e+01
2.947033054559936360e+00 1.079574315348282454e+01
2.941176470588235503e+00 1.115322047315665621e+01
2.935343117810392588e+00 1.004511387127354816e+01
2.929532858273951046e+00 1.033791113044296139e+01
2.923745555116554762e+00 1.091474132457360646e+01
2.917597581811013363e+00 1.135722560463607245e+01
2.911857292759706173e+00 1.022888695072225396e+01
2.906139547061133754e+00 1.100631343566164588e+01
2.900444212176639613e+00 1.216109361804434563e+01
2.894771156604511564e+00 1.026784660041883690e+01
2.888744307091737351e+00 1.107962748298138322e+01
2.882742500973899169e+00 1.353831880443871150e+01
2.877138413685847773e+00 1.374719655627114356e+01
2.871556072953046268e+00 1.311837009530425213e+01
2.865625403381954595e+00 1.380051703745022706e+01
2.860087606287039286e+00 1.726464284333075838e+01
2.854571171402854546e+00 1.618522408978894589e+01
2.848710381111253298e+00 1.754500085574135326e+01
2.842873607376104061e+00 1.859687418500363876e+01
2.837060702875399798e+00 2.406080700804293215e+01
2.831632653061224580e+00 1.728057704536880834e+01
2.826225334182049576e+00 2.700899633037731107e+01
2.820480243933426667e+00 2.305271605298057480e+01
2.814758463294028346e+00 2.192614288017064084e+01
2.809059850689611171e+00 2.605580559654549333e+01
2.803384265690112453e+00 3.119031329812929343e+01
2.797731568998109264e+00 2.209126521980896740e+01
2.792101622437428876e+00 2.410152635268062227e+01
2.786494288941885333e+00 2.734306649115086074e+01
2.780909432544156346e+00 2.710010408112093927e+01
2.775346918364795634e+00 2.972192947821632103e+01
2.769806612601372287e+00 2.735240259846314714e+01
2.764288382517743337e+00 2.898030179397613182e+01
2.758792096433452912e+00 3.094146052046135509e+01
2.753317623713257944e+00 2.769686863998636639e+01
2.747864834756776897e+00 2.729587960602671259e+01
2.742433600988264164e+00 2.460149856900751786e+01
2.737023794846504821e+00 2.053801642478481071e+01
2.731635289774824393e+00 1.915627489106371684e+01
2.726267960211224750e+00 2.199863371078655305e+01
2.720921681578624352e+00 2.603838256789088845e+01
2.715264187866927692e+00 2.455288011802382186e+01
2.709630172098132395e+00 2.653491346886873004e+01
2.704348885369716182e+00 3.006689501456201796e+01
2.699088145896656687e+00 5.211796135161579713e+01
2.693847834000727914e+00 3.482752825181097478e+01
2.688302252361346234e+00 3.223791142571913326e+01
2.682779456193353784e+00 3.312358589310989032e+01
2.677602219273911732e+00 3.842420318982541971e+01
2.672123254694270589e+00 2.901118836601283846e+01
2.666666666666666519e+00 2.567090710534095876e+01
2.661551372737081866e+00 2.070205263096913839e+01
2.656137832017229083e+00 1.640298830289946608e+01
2.650746268656716698e+00 1.708737018154680953e+01
2.645691812656417952e+00 1.862474172978625120e+01
2.640342530922930475e+00 1.468417016202171688e+01
2.635014836795252169e+00 1.631328105252191207e+01
2.629708599857853546e+00 2.096507807310515403e+01
2.624423690743586945e+00 1.884145798995555054e+01
2.619469026548672641e+00 2.124992563867256479e+01
2.614225153085256714e+00 2.043323529362294622e+01
2.609002232929839238e+00 2.095788524532810015e+01
2.603800140745953229e+00 2.283022501954290817e+01
2.598618752194779447e+00 1.677660721513673892e+01
2.593457943925233877e+00 2.152184258705205622e+01
2.588015854511541480e+00 1.904463732594476966e+01
2.582897033158813471e+00 1.926319580024123468e+01
2.577798420808174562e+00 1.622934499664584962e+01
2.572719898018310136e+00 1.963348604514986206e+01
2.567661346287300805e+00 2.013909809451262234e+01
2.562326869806093921e+00 1.856993668706324740e+01
2.557309065775831947e+00 1.237157020082458736e+01
2.552310876063462519e+00 1.359533937409401005e+01
2.547039926571821766e+00 1.483062654734876418e+01
2.542081758845757822e+00 1.359737538278162816e+01
2.537142857142857366e+00 1.208348401558955487e+01
2.531934306569342930e+00 1.629292402418587216e+01
2.526747097655360985e+00 1.108214805240750600e+01
2.521581099500227019e+00 1.077028503030644657e+01
2.516721460151910339e+00 1.315457279390320089e+01
2.511880515953835769e+00 1.197619820055365736e+01
2.506775067750677266e+00 1.261673901717570345e+01
2.501690331304935899e+00 1.462409519070281050e+01
2.496626180836707398e+00 1.052285673319498827e+01
2.491582491582491343e+00 1.007742294544551243e+01
2.486559139784946026e+00 1.060759135899742667e+01
2.481556002682763218e+00 1.002074254894031569e+01
2.476572958500669497e+00 1.025516408319592898e+01
2.471885090747132807e+00 1.099689724386855971e+01
2.467214936652589508e+00 9.713385442683696525e+00
2.462289263531499461e+00 1.062603091277718725e+01
2.457111234089651486e+00 1.033306931268906759e+01
2.451954937044400484e+00 9.862901089544958921e+00
2.447089947089946982e+00 1.080465760232779893e+01
2.442244224422442045e+00 9.863256544671322956e+00
2.437417654808958556e+00 1.132652140494929327e+01
2.432610124917817362e+00 9.987112682194313251e+00
2.427821522309711710e+00 1.025584398808889830e+01
2.423051735428945364e+00 9.917114226391976928e+00
2.418300653594771532e+00 1.011552896963622850e+01
2.413305794108055125e+00 9.752762874624490763e+00
2.408331525276632856e+00 1.169812788553277727e+01
2.403637938501515858e+00 1.352872563956380070e+01
2.398962610762913616e+00 1.090323921885980596e+01
2.394047233904885275e+00 1.203577032937610269e+01
2.389151958674128551e+00 9.850436533767913616e+00
2.384532760472609425e+00 1.108819238355941117e+01
2.379931389365351979e+00 1.063529777421805456e+01
2.375093612923932618e+00 1.400237120796418289e+01
2.370275464445868341e+00 1.541469353255576635e+01
2.365728900255754219e+00 1.265263847049620693e+01
2.360948633414867714e+00 1.066559679177701625e+01
2.356187645935045705e+00 1.207792509351836507e+01
2.351445821417222692e+00 1.185291872525072066e+01
2.346723044397462932e+00 1.276261991856773825e+01
2.342019200337587925e+00 1.278417022498726752e+01
2.337334175615919385e+00 1.078543635566565762e+01
2.332667857518125665e+00 1.030078074403095378e+01
2.328020134228188098e+00 1.047219101685762332e+01
2.323390894819465480e+00 1.243323732404673265e+01
2.318780029245873564e+00 1.935895483850452692e+01
2.314187428333159602e+00 1.207436805119872325e+01
2.309612983770287009e+00 1.212275742946916246e+01
2.305056588100923953e+00 1.232232865459954851e+01
2.300279763755050499e+00 1.243289436650383450e+01
2.295760082730093021e+00 1.980381065706067645e+01
2.291258127773764475e+00 1.489232106515991916e+01
2.286538263466886711e+00 1.277201921180689581e+01
2.282072368421052655e+00 1.290834271254182042e+01
2.277623884272084176e+00 1.030441470616126054e+01
2.272959967236613199e+00 1.119781033754968647e+01
2.268315111883110191e+00 1.129585033227825264e+01
2.263689201590700417e+00 1.345051175666892718e+01
2.259312029309993974e+00 1.042067433047334468e+01
2.254951752158456113e+00 9.818136023255945588e+00
2.250380131779016857e+00 1.214792372274482446e+01
2.245827010622154951e+00 1.098187484060442465e+01
2.241292276627965929e+00 1.045234148955047360e+01
2.236775818639798796e+00 1.108366330624449425e+01
2.232277526395173961e+00 1.279727604429054466e+01
2.227797290516809081e+00 1.010548326676655151e+01
2.223335002503755486e+00 9.628628926752687889e+00
2.218890554722638075e+00 9.545410371644974745e+00
2.214463840399002237e+00 9.819903264506816498e+00
2.210054753608760247e+00 9.489813343214155594e+00
2.205663189269746471e+00 1.032325330998098956e+01
2.201289043133366263e+00 1.384065842104864075e+01
2.196932211776347899e+00 1.033421087137353744e+01
2.192592592592592204e+00 9.483035117678522141e+00
2.188270083785115450e+00 1.165224698689687344e+01
2.183964584358091265e+00 9.595999089242699398e+00
2.179675994108983605e+00 9.433591074245693875e+00
2.175191064079952774e+00 9.597052076967088396e+00
2.170724552654736961e+00 9.778195406758189989e+00
2.166487752512930243e+00 9.841954043753386117e+00
2.162267458848738499e+00 1.004870819411194560e+01
2.157853810264385608e+00 9.589859683722581352e+00
2.153458143369871181e+00 1.008419075598335368e+01
2.149288411269242083e+00 9.898323901455642115e+00
2.144927536231884257e+00 9.412795738638534360e+00
2.140584321666184842e+00 9.433508997851252076e+00
2.136464247906842306e+00 9.415397988292934173e+00
2.132155205532078490e+00 9.501900436964685781e+00
2.127863510016294146e+00 9.418703715313672120e+00
2.123589056820355925e+00 9.416226457844105724e+00
2.119331742243436789e+00 9.454385831645849336e+00
2.115091463414634276e+00 9.520388415987712349e+00
2.110868118284682016e+00 9.460568841899872794e+00
2.106661605617764721e+00 9.505385664002353963e+00
2.102471824983425996e+00 9.946680780834196156e+00
2.098298676748581837e+00 9.746283878396640787e+00
2.094142062069616284e+00 9.866009499618410672e+00
2.090001882884579665e+00 1.407624235890854614e+01
2.085682074408117259e+00 1.129423745236689491e+01
2.081575246132207901e+00 1.042265985661256167e+01
2.077484559236383532e+00 1.137513222489324782e+01
2.073216286888307724e+00 1.366111443602399689e+01
2.069158355857954934e+00 1.988500070294988120e+01
2.065116279069767025e+00 1.700478558672070761e+01
2.060898626067582562e+00 1.442982279668396295e+01
2.056698165647582233e+00 1.775351399326379109e+01
2.052704576976421613e+00 1.468383819721794659e+01
2.048726467331118517e+00 1.461848051468654219e+01
2.044575428255663851e+00 1.230945615894447620e+01
2.040441176470587870e+00 1.135128487405701314e+01
2.036323610346725488e+00 1.033944187754663524e+01
2.032222629073599407e+00 1.056155771958633061e+01
2.028138132651196912e+00 1.048845423553672696e+01
2.024070021881838155e+00 1.413759108537630738e+01
2.020018198362147466e+00 1.496247594200979592e+01
2.015982564475117922e+00 2.029386287823276191e+01
2.011963023382273175e+00 2.221595964089361530e+01
2.007959479015919424e+00 1.798985839345021631e+01
2.003971836071493318e+00 2.213935897782261009e+01
2.000000000000000000e+00 1.574137334202788452e+01
1.996043877000539313e+00 1.199068715885346670e+01
1.992103374012921702e+00 9.858048709595204073e+00
1.988178398710370720e+00 9.621936096103517855e+00
1.984268859492313242e+00 9.618450209726312039e+00
1.980198019801980180e+00 1.056751450754980404e+01
1.976143849029731170e+00 1.133443033728480565e+01
1.972281449893390270e+00 1.290714739806262124e+01
1.968434119524738790e+00 1.461098304117993685e+01
1.964427926732147389e+00 1.637113540677398760e+01
1.960438007771105440e+00 1.843381411475214549e+01
1.956636700158646214e+00 1.737450603031906482e+01
1.952678335825490219e+00 1.440486459088802462e+01
1.948735955056179581e+00 1.585374137710961584e+01
1.944979849307867603e+00 1.409876895879539838e+01
1.941068462009268192e+00 1.197614250817378689e+01
1.937172774869110103e+00 1.067207205634669975e+01
1.933292693546982299e+00 1.132745413734416218e+01
1.929428124456804783e+00 1.147457322802641322e+01
1.925578974759302620e+00 1.321868461070180167e+01
1.921745152354570774e+00 1.196363173688357762e+01
1.917926565874729761e+00 1.250746506766448540e+01
1.914123124676668564e+00 1.219836004717566880e+01
1.910334738834867929e+00 1.277805756824523264e+01
1.906397595534564449e+00 1.352829957370847502e+01
1.902639698320192307e+00 1.267265182791027200e+01
1.898896587118295898e+00 1.571097243743638217e+01
1.895006402048655669e+00 1.130292748136858449e+01
1.891293235644913695e+00 1.360892801228209237e+01
1.887594592296573337e+00 1.129010190229316635e+01
1.883750530335171813e+00 1.249836123596121951e+01
1.879922093318654897e+00 1.289954537405183110e+01
1.876109186174258481e+00 1.679058310506681906e+01
1.872469635627530327e+00 1.616992581374006122e+01
1.868844178802929301e+00 1.605545317543030492e+01
1.865076031252625555e+00 1.219010403086761585e+01
1.861323048545317160e+00 1.626516731957336503e+01
1.857585139318885137e+00 1.382149161098212176e+01
1.853862212943632626e+00 1.359654497761487768e+01
1.850154179514959640e+00 1.390392499598930165e+01
1.846460949846128408e+00 1.506872361511379665e+01
1.842782435461110646e+00 1.439654421995739320e+01
1.839118548587523660e+00 1.634768636822640886e+01
1.835469202149648371e+00 1.411394561825802008e+01
1.831834309761531498e+00 1.403051873828212592e+01
1.828213785720168127e+00 1.212279486502856152e+01
1.824457593688362911e+00 1.075829066313972859e+01
1.820716804724022087e+00 1.249607447570294205e+01
1.817140050748956126e+00 1.232971901608189036e+01
1.813577322114206192e+00 1.080786050602893056e+01
1.810028536485935424e+00 1.052368141366342691e+01
1.806346623270952190e+00 1.055083020858599774e+01
1.802679658952497155e+00 1.066856255551596711e+01
1.799173352783856261e+00 1.025558562498231829e+01
1.795535425428663734e+00 1.015560771143711527e+01
1.791912180159819012e+00 1.164399711625784839e+01
1.788447595263030765e+00 1.002652156370590397e+01
1.784852870236372402e+00 1.026359666128745651e+01
1.781272566797721169e+00 1.248644750699897799e+01
1.777706598334400701e+00 9.854628192496484473e+00
1.774154878925917167e+00 1.016453104048003730e+01
1.770617323337055682e+00 9.587139131886500465e+00
1.767093847011064200e+00 1.006597904474526750e+01
1.763584366062916908e+00 9.574187769351006239e+00
1.759949262723957686e+00 9.812451769948925318e+00
1.756468075005934049e+00 9.974320997709234859e+00
1.753000631711939761e+00 9.579617081474435025e+00
1.749408983451536281e+00 9.489837897565273295e+00
1.745969327565867202e+00 9.864169468746185387e+00
1.742543171114599998e+00 9.604762510037700096e+00
1.738994203352655532e+00 1.065220675969078101e+01
1.735595340473770509e+00 1.014310905855864497e+01
1.732209737827715479e+00 9.683637911218223593e+00
1.728702694284379282e+00 1.032336690352201458e+01
1.725209822816288652e+00 9.786818632461017131e+00
1.721731037691949684e+00 1.022628533780767413e+01
1.718266253869968896e+00 9.506660561869788140e+00
1.714815386992120994e+00 9.664719758812648109e+00
1.711378353376503014e+00 1.023591757312077810e+01
1.707955070010771070e+00 1.059429441073206846e+01
1.704545454545454808e+00 1.066379926270925260e+01
1.701149425287356243e+00 1.054094409567273694e+01
1.697766901193025202e+00 9.857737432480867312e+00
1.694397801862311370e+00 9.664955134120903679e+00
1.691042047531992498e+00 1.078808387887505482e+01
1.687699559069484101e+00 9.569823396898783585e+00
1.684370257966616435e+00 9.697734128580460577e+00
1.681054066333484975e+00 9.518762641764697108e+00
1.677624121514395661e+00 9.642667856853520902e+00
1.674208144796380138e+00 9.621624076709197837e+00
1.670931807918109246e+00 9.679112159582194508e+00
1.667668269230769384e+00 1.003409902939008091e+01
1.664292675612864425e+00 9.826672663597635804e+00
1.660930719736645411e+00 9.467967373787807617e+00
1.657582319121929215e+00 9.607480557591660641e+00
1.654247391952309965e+00 1.089050990763141513e+01
1.651048639000446405e+00 1.046508768422209457e+01
1.647739924293030400e+00 1.007168947849605800e+01
1.644444444444444597e+00 1.103952063427539976e+01
1.641162120204036512e+00 1.062415731222450965e+01
1.637892872952633860e+00 1.019536384074862490e+01
1.634636624696266693e+00 1.048301455744760347e+01
1.631273422000147244e+00 9.699763665501818011e+00
1.628043414491052943e+00 9.833129675622355848e+00
1.624826172875649677e+00 9.470569780080746014e+00
1.621621621621621712e+00 9.528216731615618329e+00
1.618429685791353601e+00 9.719686306238770612e+00
1.615132775554747324e+00 9.716745771527715902e+00
1.611849270311478843e+00 1.004986092022291366e+01
1.608695652173912638e+00 1.091816832773346491e+01
1.605554350184422052e+00 1.004748726258320524e+01
1.602309635510645869e+00 1.098161939111641949e+01
1.599078009075848072e+00 9.635477478126629691e+00
1.595859391848178044e+00 9.530219870530368453e+00
1.592653705430805422e+00 9.464797389364756341e+00
1.589460872055559859e+00 9.516412415011782144e+00
1.586280814576634501e+00 9.474670977752806422e+00
1.583113456464379842e+00 1.102608018896460784e+01
1.579958721799160637e+00 1.057554747334863521e+01
1.576816535265288532e+00 1.173161570006396381e+01
1.573686822145034414e+00 1.129597372696271940e+01
1.570569508312699147e+00 1.012650000258020100e+01
1.567464520228764702e+00 9.689779785925406230e+00
1.564371784934113219e+00 9.470319370122211922e+00
1.561181434599155926e+00 9.452182996186895281e+00
1.558004070461084911e+00 9.454325758471403773e+00
1.554948518596343865e+00 9.452263840739473011e+00
1.551904928346731438e+00 9.462548990065542398e+00
1.548765173712850718e+00 9.498254580221018983e+00
1.545638097890412732e+00 9.517218277628424872e+00
1.542630810923494078e+00 9.513766403135658578e+00
1.539528432732315988e+00 9.737844194722811153e+00
1.536438507855214963e+00 9.599712541120821285e+00
1.533360961458765104e+00 9.636518027852615020e+00
1.530295719307919855e+00 9.598652413576502340e+00
1.527242707760044338e+00 9.536813156415862025e+00
1.524201853759011183e+00 9.541192622615184860e+00
1.521173084829381628e+00 9.588419349018494131e+00
1.518052516411378283e+00 9.691743128862778889e+00
1.515048113014399345e+00 9.777974319883838916e+00
1.512055578259092981e+00 9.642759282203675397e+00
1.508972267536704548e+00 9.552242235314052365e+00
1.506003663252153846e+00 9.526634283123952329e+00
1.503046716316858378e+00 9.546569260622584707e+00
1.500000000000000222e+00 9.665136050420207070e+00
1.496965610249494150e+00 1.040674728750387956e+01
1.494044013729053377e+00 9.712643199025052354e+00
1.491133799032777763e+00 1.022074529340195781e+01
1.488135138758546860e+00 1.080403099382408705e+01
1.485148514851484913e+00 1.086232871770683950e+01
1.482173854987314687e+00 1.037585935557770966e+01
1.479211087420042592e+00 1.138133018717471678e+01
1.476260140976193513e+00 1.162370640816688550e+01
1.473320945049110486e+00 1.074062195512422058e+01
1.470393429593323420e+00 1.040013213864978248e+01
1.467477525118984660e+00 1.059871174143791350e+01
1.464476548584999094e+00 1.095602839327104405e+01
1.461487820934825432e+00 1.003751679060649948e+01
1.458607095926412578e+00 1.029189171058964902e+01
1.455737704918032671e+00 1.016070077758669932e+01
1.452879581151832245e+00 1.094148629707646059e+01
1.449937953105610022e+00 1.167764493685215577e+01
1.447008212749315570e+00 1.184806842087157719e+01
1.444184231069476798e+00 1.330667470768133853e+01
1.441277673180549446e+00 1.131926586933262513e+01
1.438382791240119030e+00 1.300053949837708878e+01
1.435499515033947793e+00 1.692482852772630864e+01
1.432627774909653873e+00 1.567214702759186906e+01
1.429767501771108451e+00 1.204060831746265237e+01
1.426918627072888412e+00 1.191369753274122800e+01
1.424081082814805388e+00 1.144295149646923093e+01
1.421254801536491641e+00 1.114900817798447719e+01
1.418439716312056786e+00 1.242448320950016338e+01
1.415545495122106923e+00 1.189489590474456548e+01
1.412752959144711440e+00 1.130744765644526595e+01
1.409971419498253553e+00 1.382504722380429563e+01
1.407111618178360501e+00 1.220153071449428772e+01
1.404263394269087417e+00 1.423498538324974660e+01
1.401515151515151603e+00 1.702311175788450370e+01
1.398777644760884842e+00 1.278489321877569118e+01
1.395963025844180194e+00 1.465592236591167818e+01
1.393159711327266903e+00 1.450472753254070923e+01
1.390367633243564827e+00 1.184412940293267624e+01
1.387586724170260410e+00 1.392169236029655188e+01
1.384816917222880805e+00 1.487219032339885771e+01
1.382058146049928382e+00 1.597107492363631742e+01
1.379310344827586299e+00 1.592930339055679667e+01
1.376573448254480247e+00 1.263879416668824796e+01
1.373847391546506369e+00 1.542566940746568172e+01
1.371047430830039549e+00 1.583070205526513163e+01
1.368258859784283521e+00 1.410961864720843550e+01
1.365565602509688281e+00 1.679076852027647249e+01
1.362882927128737265e+00 1.415995129282698173e+01
1.360127435363313264e+00 1.365630044135907362e+01
1.357383063283399416e+00 1.337717727171331816e+01
1.354732409837065887e+00 1.373676354707151859e+01
1.352009744214372589e+00 1.147112859608874658e+01
1.349298000364675287e+00 1.176368719880484015e+01
1.346597112701686028e+00 1.073460998193958460e+01
1.343907016163206070e+00 1.201389849133551024e+01
1.341227646205896518e+00 1.010711876742692539e+01
1.338558938800120446e+00 1.011138362852595485e+01
1.335900830424840757e+00 1.094925705696919493e+01
1.333173192409320196e+00 1.015170010461379491e+01
1.330536409949055754e+00 1.076796216508306792e+01
1.327910037085775929e+00 1.011908115442030898e+01
1.325214899713467176e+00 1.004398224735835043e+01
1.322609472743520920e+00 1.006657413265928724e+01
1.320014270424545000e+00 1.006535502343542632e+01
1.317351056254450592e+00 9.921143433252574084e+00
1.314698566860120543e+00 1.111933408821555069e+01
1.312056737588652267e+00 9.646845046486575370e+00
1.309425504305768539e+00 9.662310099500137639e+00
1.306804803390628322e+00 9.676625334452459981e+00
1.304194571730701524e+00 9.739563135246740444e+00
1.301594746716698170e+00 9.890077651544951109e+00
1.299005266237565515e+00 9.627300583949578439e+00
1.296426068675543330e+00 9.651938896724196582e+00
1.293857092901270489e+00 9.682236398077641581e+00
1.291298278268962152e+00 9.863700644322774380e+00
1.288749564611633591e+00 9.644155226902961786e+00
1.286136376803197923e+00 9.633282841809126751e+00
1.283533765032377261e+00 9.661064127797800438e+00
1.281015579919215108e+00 9.656386190939793224e+00
1.278433630866685711e+00 9.640025856087076406e+00
1.275862068965517127e+00 9.642660799984721365e+00
1.273373867156131656e+00 9.645630841580631554e+00
1.270822600034346994e+00 9.651499873994389134e+00
1.268281535648994707e+00 9.651078672495309263e+00
1.265750612919778417e+00 9.655622901174028883e+00
1.263229771252986966e+00 9.657716985586462854e+00
1.260718950536657390e+00 9.661795280767945471e+00
1.258146783791442180e+00 9.662700806818010690e+00
1.255656108597284604e+00 9.665870521444574592e+00
1.253175275190516524e+00 9.671512230498658269e+00
1.250633767111712258e+00 9.687493281518023025e+00
1.248102546803845581e+00 9.675242803722621687e+00
1.245651442037930545e+00 9.678154881712057289e+00
1.243209945679565331e+00 9.688737764949600262e+00
1.240708657016710514e+00 9.703516449295877422e+00
1.238217413129566680e+00 9.691933833237158069e+00
1.235736153632062351e+00 9.699169534904164891e+00
1.233264818621187420e+00 9.736834951299362828e+00
1.230803348672173891e+00 9.752413058774738630e+00
1.228351684833730140e+00 9.742548186656899034e+00
1.225909768623336671e+00 9.941221152153151053e+00
1.223477542022595399e+00 1.049803665708879663e+01
1.221054947472635988e+00 1.011494568493631263e+01
1.218575035678998830e+00 1.062377266702005763e+01
1.216105176663927923e+00 1.002085457504908383e+01
1.213711661472855585e+00 9.831332089344066105e+00
1.211327549517105640e+00 1.027273920298543430e+01
1.208886952733609021e+00 1.100672442217061509e+01
1.206456170860279231e+00 1.035068558487687085e+01
1.204035144809632252e+00 1.067709620509731216e+01
1.201623815967523656e+00 1.014209295659270538e+01
1.199286910485656943e+00 9.801141344568067737e+00
1.196894543886133144e+00 9.959347874339192330e+00
1.194447433552136006e+00 1.002594700250199011e+01
1.192074316705149517e+00 9.837089153185951673e+00
1.189710610932475987e+00 9.851844672208459386e+00
1.187356260362624871e+00 9.954861510601839214e+00
1.185011209565495882e+00 9.910227472833332385e+00
1.182612401448966288e+00 9.918505783489377947e+00
1.180223285486443396e+00 1.008017711327282839e+01
1.177843803056026983e+00 1.018255766098078929e+01
1.175536139793486923e+00 9.935331186578340024e+00
1.173237501321213516e+00 9.991998534744789495e+00
1.170886075949367111e+00 9.961598358017958788e+00
1.168544057269186309e+00 1.015685065884201244e+01
1.166211388947257843e+00 1.019756272191405344e+01
1.163888015099087569e+00 1.032562362075040063e+01
1.161573880284638038e+00 1.033847136521722376e+01
1.159208396428384802e+00 1.020241334211790551e+01
1.156852527357998817e+00 1.067898086319371309e+01
1.154566257541085994e+00 1.089378237527219895e+01
1.152289006540018645e+00 1.128249751781125099e+01
1.150020721094073606e+00 1.162624093259478819e+01
1.147702011063433725e+00 1.102481558325183286e+01
1.145392632339284011e+00 1.060115122795569498e+01
1.143092528706039834e+00 1.071939291026824925e+01
1.140801644398766745e+00 1.087500285056974114e+01
1.138578315724689594e+00 1.076817885201215752e+01
1.136305471669140310e+00 1.063123941589415011e+01
1.133983756448893709e+00 1.481877857635104689e+01
1.131729200652528355e+00 1.052676399374535521e+01
1.129483591961332856e+00 1.113314960333437043e+01
1.127246877221488974e+00 1.113925630837560021e+01
1.125019003699386788e+00 1.161402010460740364e+01
1.122743134577454116e+00 1.179062854884552891e+01
1.120476454852874504e+00 1.075527707323920978e+01
1.118218908981010395e+00 1.080744307431954354e+01
1.116026543334003529e+00 1.148181297058274808e+01
1.113842757513421322e+00 1.007116333463799940e+01
1.111611837163887451e+00 1.019852886814564563e+01
1.109389835590425255e+00 1.015899067751437279e+01
1.107176699416487997e+00 1.001693516911786830e+01
1.104972375690607800e+00 1.013125399023330075e+01
1.102776811882171915e+00 1.008455250134337255e+01
1.100535395597858290e+00 1.010755611574451152e+01
1.098303072280215842e+00 1.014397975787979611e+01
1.096133906087986887e+00 1.014587393369299306e+01
1.093973291282708260e+00 1.008208087298947575e+01
1.091767483033343256e+00 1.000023707377700788e+01
1.089570552147239413e+00 1.003939958634352436e+01
1.087435709037472664e+00 9.974493051653267273e+00
1.085256159561986733e+00 9.977969843029748986e+00
1.083085329560423471e+00 9.970105581578675213e+00
1.080923166812737479e+00 9.984500541567006948e+00
1.078769619515039802e+00 9.979655414538502356e+00
1.076624636275460789e+00 9.996492514869370183e+00
1.074436163004549583e+00 9.992436569883599518e+00
1.072308361107086050e+00 1.001362393872684464e+01
1.070188970304666531e+00 1.000162085469087003e+01
1.068026556335995192e+00 1.000765779434448177e+01
1.065872863453043662e+00 1.001422979422802229e+01
1.063778810676122566e+00 1.004073291889256225e+01
1.061692969870875025e+00 1.002427198063600677e+01
1.059564719358533802e+00 1.002939433516576173e+01
1.057444984281223022e+00 1.003603149296420405e+01
1.055333713633770598e+00 1.004282850687833140e+01
1.053230856817534811e+00 1.005324911748806649e+01
1.051136363636363757e+00 1.008239194875240230e+01
1.049000614279639088e+00 1.009592989047906819e+01
1.046873526360464046e+00 1.006526020599331339e+01
1.044804216867470048e+00 1.007126846079849258e+01
1.042743071864725257e+00 1.007845280778442110e+01
1.040641260019687708e+00 1.008641129641787693e+01
1.038547904191616800e+00 1.009572438940246819e+01
1.036511345597161293e+00 1.010836644460133371e+01
1.034434555705698644e+00 1.010387853502972710e+01
1.032366071428571397e+00 1.011111684498974661e+01
1.030305843040794311e+00 1.011679342932235315e+01
1.028253821213525043e+00 1.012273974503642116e+01
1.026209957010123519e+00 1.012854061530758010e+01
1.024126954836923842e+00 1.013678999000403103e+01
1.022099447513812098e+00 1.014223321732873195e+01
1.020079952212470609e+00 1.015473539739782183e+01
1.018021736139771871e+00 1.015989953207422580e+01
1.015971809070522980e+00 1.016354788016915300e+01
1.013930121032199150e+00 1.016925556309651490e+01
1.011942747743641347e+00 1.017867789996351391e+01
1.009963149993176046e+00 1.018690614151651097e+01
1.007945516458569779e+00 1.019056345717712020e+01
1.005935928225111908e+00 1.019687255104325274e+01
1.003888939133580571e+00 1.020417371897770131e+01
1.001850264001083124e+00 1.021891956785240296e+01
1.000405569825605134e+00 1.022310838189470772e+01
