9.950694755714925677e+00 7.837724366463324266e+00
9.849157054125997846e+00 7.803375313135817670e+00
9.753954305799647173e+00 7.790758035723839292e+00
9.656372335798174333e+00 7.838602262124518383e+00
9.560723514211886709e+00 8.722505313424305129e+00
9.466950959488274364e+00 8.691701608143945990e+00
9.371042634022796136e+00 9.159352130359115662e+00
9.280936454849497252e+00 9.539007390318458235e+00
9.192546583850932151e+00 1.083473965479642231e+01
9.098360655737705471e+00 7.724555831520192761e+00
9.006085192697769415e+00 7.812737937361997176e+00
8.919244676576939312e+00 7.771011872079671257e+00
8.830548926014319733e+00 7.968141986505710150e+00
8.743599842457660642e+00 7.769743083032468967e+00
8.658346333853353727e+00 8.015805365369043756e+00
8.571428571428571175e+00 8.344129211776623478e+00
8.486238532110091271e+00 8.312842125465687459e+00
8.402725208175624516e+00 9.211527502585010296e+00
8.317721993255901225e+00 9.417097220224482257e+00
8.234421364985163194e+00 1.114293402642213415e+01
8.155767817781043760e+00 1.261398519637309690e+01
8.075663877773736843e+00 1.729619559400286022e+01
7.994238386748290459e+00 1.988146460232300683e+01
7.914438502673798226e+00 1.557281813533280612e+01
7.836216025414755038e+00 1.474328527711809045e+01
7.759524641733659855e+00 1.499803238050954590e+01
7.681660899653979691e+00 2.373812470010066278e+01
7.605344295991778303e+00 1.262010733836787146e+01
7.530529172320216347e+00 1.698874028590767082e+01
7.454667562122230251e+00 1.771535109236264205e+01
7.380319148936170137e+00 1.747639146811398447e+01
7.307439104674128494e+00 1.447686852371756316e+01
7.235984354628421933e+00 1.302614919370063262e+01
7.165913492575855415e+00 1.339587338813686479e+01
7.094918504314478014e+00 1.556384368130371243e+01
7.023093957608351978e+00 1.430327570203594867e+01
6.952709051049169808e+00 1.660822501866124767e+01
6.883720930232557933e+00 1.637711062878146961e+01
6.816088424930917711e+00 1.636706793152570683e+01
6.749771967163271214e+00 1.401629932503290732e+01
6.682721252257677769e+00 1.657496932952656721e+01
6.616989567809238970e+00 1.945826258645467632e+01
6.552538370720188965e+00 1.756761207025296656e+01
6.487434248977206330e+00 2.031485387484662652e+01
6.423611111111111605e+00 1.866323016601485563e+01
6.359209395588655944e+00 1.834118541580121331e+01
6.296086216676120451e+00 1.165981470478654103e+01
6.234203875315921906e+00 1.316732711376746501e+01
6.171809841534613206e+00 1.729931843961729143e+01
6.110652353426919703e+00 1.620583670292980116e+01
6.050695012264923456e+00 1.977454122702148354e+01
5.990286022665946675e+00 1.707226091750954566e+01
5.931071333155222725e+00 1.784890535305487091e+01
5.873015873015872579e+00 1.903078707251435731e+01
5.814562598218961931e+00 1.608794309063598149e+01
5.757261410788380829e+00 1.733156666762433318e+01
5.699614890885751350e+00 1.649187793550473558e+01
5.643111337061515798e+00 1.470354603777534130e+01
5.587717090359928918e+00 1.498475367058771823e+01
5.532020931971094235e+00 1.208459219977319421e+01
5.477424130273871761e+00 1.289004028109133060e+01
5.422569614069369770e+00 1.229545576483590352e+01
5.368802902055621828e+00 1.263855530774259606e+01
5.316091954022987842e+00 1.087836925937885368e+01
5.263157894736842479e+00 1.269027559576437625e+01
5.211267605633802980e+00 1.607937463623614605e+01
5.160390516039051079e+00 1.361923057227986256e+01
5.109321058688147232e+00 1.242592243732609525e+01
5.058099794941900207e+00 1.102938328329546813e+01
5.007895330475975904e+00 1.144884500152615026e+01
4.958677685950413583e+00 1.255739282681904001e+01
4.909332153914196972e+00 1.376781536400131856e+01
4.859894921190893058e+00 1.611811333886613440e+01
4.812486451333188420e+00 1.758518822693028127e+01
4.764971023824855045e+00 1.491464789045756412e+01
4.717382065448363804e+00 1.371417544905496833e+01
4.670734273090679345e+00 1.426064405234053645e+01
4.624036659029369112e+00 1.485643404983898286e+01
4.578263559496804191e+00 1.591944774856363587e+01
4.533387788441903155e+00 1.723610442853425795e+01
4.488475535786492721e+00 2.145151939075861236e+01
4.443554843875100246e+00 2.605105731039162009e+01
4.399524375743162352e+00 3.434264155458708245e+01
4.356357927786498330e+00 3.824290641016111891e+01
4.313192150767437560e+00 5.086278041854875909e+01
4.270873412851096340e+00 5.545481237352895931e+01
4.228571428571429536e+00 5.174495670938972580e+01
4.186309636055063343e+00 3.059087308315079312e+01
4.144884241971619865e+00 2.299361378507976283e+01
4.104270660011092531e+00 2.094659432882291128e+01
4.063701263042284850e+00 1.910842787604102355e+01
4.023196810438564697e+00 1.743303389629289057e+01
3.983491835636101541e+00 1.596684489805996421e+01
3.943862142476461496e+00 1.484805879039257626e+01
3.905013192612137196e+00 1.400143756187685895e+01
3.866248693834901662e+00 1.376660663523160011e+01
3.827586206896552046e+00 1.293513718349070274e+01
3.789689313758962008e+00 1.269192373606731117e+01
3.752535496957402739e+00 1.142580996869831367e+01
3.715481171548116635e+00 1.147435947081899599e+01
3.678541839270919045e+00 1.100688379915734316e+01
3.642329778506972371e+00 1.134119693671616247e+01
3.606237816764131576e+00 1.075055186855496814e+01
3.570279832743647574e+00 1.197709569131374430e+01
3.535031847133757843e+00 1.257252920349871061e+01
3.499921172946555803e+00 1.201011182482898576e+01
3.465501092725570054e+00 1.421378391774639383e+01
3.431221020092735330e+00 1.350261451767726584e+01
3.397092578423871689e+00 1.446037991178397419e+01
3.363636363636363313e+00 1.378958029521013984e+01
3.330333033303329859e+00 1.854219439409306958e+01
3.297192930343086026e+00 1.410920379918354506e+01
3.264705882352941568e+00 1.463567872289332783e+01
3.232382061735585399e+00 1.598594996452338535e+01
3.200230647253856198e+00 1.457698484307460873e+01
3.168712532115329772e+00 1.046911599365544454e+01
3.137365743357828585e+00 1.045150436041110176e+01
3.106198404925143208e+00 1.071421562330606747e+01
3.075218174262362769e+00 9.890805175406969241e+00
3.044849814840214108e+00 1.000584558024764270e+01
3.014665942422596334e+00 1.029077500601017547e+01
2.984673299273997937e+00 9.969329415600236999e+00
2.955271565495207753e+00 9.788020204251360212e+00
2.926057730328192719e+00 9.697412301259451084e+00
2.897037713689155858e+00 1.077604383388902143e+01
2.868587672825946733e+00 1.391917760572988882e+01
2.840327533265097237e+00 2.077365849441379098e+01
2.812262477831264373e+00 2.920359420933940697e+01
2.784397341025962813e+00 3.137203560460564589e+01
2.756736619893206619e+00 3.178815011659046874e+01
2.729284484878288453e+00 2.442319845451241278e+01
2.702044790652384787e+00 3.782429767084092020e+01
2.675343456254519303e+00 3.412163509184517807e+01
2.648848586087578560e+00 1.634050279981255827e+01
2.622563496751328493e+00 1.969608499247063094e+01
2.596794946777400970e+00 1.936668816305110141e+01
2.571230020847811382e+00 1.806003181534526192e+01
2.545579635362916981e+00 1.193055450937030315e+01
2.520435967302451896e+00 1.226681308264607395e+01
2.495503597122301631e+00 1.079452032639471781e+01
2.470784641068447307e+00 9.126996741440487781e+00
2.446550584086399915e+00 9.186488306593231457e+00
2.422258592471358440e+00 8.689974312578206295e+00
2.398185157178351457e+00 1.027680658153450999e+01
2.374331550802139201e+00 1.170671832119629663e+01
2.350698856416772120e+00 1.125173609816706133e+01
2.327531977353743287e+00 1.150172131648890606e+01
2.304578013080037291e+00 1.190837492936740993e+01
2.281837804502004019e+00 1.062428497952173423e+01
2.259312029309993974e+00 9.202736257367526207e+00
2.236775818639798352e+00 8.669279483327100522e+00
2.214684756584198499e+00 6.141310446039002002e+00
2.192809166337415849e+00 7.871829335310227549e+00
2.170936827694113447e+00 6.080577065535291759e+00
2.149496514329976904e+00 5.643587078669892065e+00
2.128271498418176755e+00 4.971192231606201162e+00
2.107261509254865217e+00 5.681327691564491467e+00
2.086466165413534135e+00 9.435121891943937911e+00
2.065692751465524779e+00 1.738962945946247629e+01
2.045140488254260980e+00 1.210685736229327070e+01
2.024993158806895899e+00 1.369165628172198801e+01
2.005057803468207833e+00 2.018077327042794167e+01
1.985156040418492474e+00 8.069197333632686764e+00
1.965471447543160499e+00 1.667972812616910616e+01
1.946002805049088291e+00 1.350987693161633985e+01
1.926748828328415097e+00 1.084536426066969561e+01
1.907708172209332087e+00 1.236848660041249914e+01
1.888718734047984071e+00 1.131635425022743568e+01
1.869946091644204778e+00 1.354013893409771541e+01
1.851542952460383473e+00 1.380345100705379302e+01
1.833195706028076355e+00 1.305680628325490211e+01
1.814911706998037833e+00 1.063471861664450202e+01
1.796988829528897158e+00 9.127571674092443743e+00
1.779273863909593745e+00 8.489830370832605055e+00
1.761625138866846241e+00 6.572170000993373229e+00
1.744186046511627897e+00 6.429980678007376049e+00
1.726954492415402775e+00 6.038652699102332377e+00
1.709796672828096220e+00 6.093703886030909622e+00
1.692847338721976236e+00 4.842803919266718715e+00
1.676104190260475413e+00 4.173712025484696220e+00
1.659564924871047342e+00 4.763562959080899439e+00
1.643105617644881944e+00 5.911484817893733812e+00
1.626731149703231516e+00 3.850343258588718953e+00
1.610679822970325858e+00 6.126149754563114946e+00
1.594827586206896353e+00 3.994713843378434159e+00
1.579059677075183021e+00 7.239401055909872262e+00
1.563380281690141205e+00 3.820573974746466650e+00
1.547901269000139690e+00 3.456701724819599253e+00
1.532619951674145664e+00 4.735622925802619676e+00
1.517429938482570462e+00 5.302841639837174270e+00
1.502334709345604757e+00 6.670469653250914455e+00
1.487437185929648242e+00 8.810069221293849395e+00
1.472734509751890686e+00 9.687080791849215444e+00
1.458128078817733986e+00 9.262262211709133553e+00
1.443714638746179224e+00 1.173883097885379279e+01
1.429491307147456425e+00 1.301930062190384163e+01
1.415364998406120511e+00 1.131779600697926824e+01
1.401338214871859611e+00 1.303270589485303255e+01
1.387413286669582968e+00 1.342059846252645983e+01
1.373677371449786300e+00 1.399950918681815359e+01
1.360127435363313264e+00 1.392408816686036666e+01
1.346597112701686028e+00 1.000579890747020428e+01
1.333253258062578883e+00 8.864102723349155610e+00
1.320092763275257042e+00 7.695166602175504522e+00
1.306958671847403775e+00 6.017650624343282573e+00
1.294007927255770296e+00 4.605614361037690507e+00
1.281237375194782535e+00 3.319036916777297286e+00
1.268571428571428461e+00 2.988346410564896694e+00
1.256011315417255858e+00 2.853506779351411282e+00
1.243558144745686711e+00 2.897411760476359621e+00
1.231212911097554263e+00 3.963649549748513135e+00
1.219043435286365273e+00 6.009668398068269468e+00
1.206980916653074276e+00 6.860810428742832201e+00
1.195026107552349615e+00 6.217174130598809079e+00
1.183242724656220046e+00 7.005063784812485039e+00
1.171503957783641026e+00 6.738888623942575151e+00
1.159874608150470499e+00 8.488052527194072994e+00
1.148414463814598330e+00 1.001835391652079288e+01
1.137062077443146579e+00 1.047436920686015327e+01
1.125817739236269377e+00 1.036598052325056685e+01
1.114681662984535082e+00 8.914453313596332862e+00
1.103599125074567588e+00 7.393259452172623369e+00
1.092627227089280506e+00 5.438269364138206718e+00
1.081818624823351671e+00 4.623356726015396490e+00
1.071118402007140702e+00 3.941909281783372077e+00
1.060526441503845563e+00 3.756521775131799856e+00
1.050042569293349715e+00 3.803469377748319946e+00
1.039666557392403767e+00 3.880817386547585013e+00
1.029350396439004056e+00 4.106085051379015916e+00
1.019143368681999506e+00 4.374087648916243687e+00
1.009045043407118092e+00 4.548463547730857925e+00
1.001985918035746659e+00 4.714367920144240998e+00
