9.955156950672646943e+00 1.697642495548844721e+01
9.823008849557522737e+00 1.697659254281163399e+01
9.736842105263157521e+00 1.697816913993954913e+01
9.652173913043478493e+00 1.700223164435863765e+01
9.568965517241379004e+00 1.907255587672233688e+01
9.487179487179489001e+00 1.728250001684665804e+01
9.367088607594936889e+00 1.704979498081922884e+01
9.250000000000000000e+00 1.714713483107209413e+01
9.173553719008264551e+00 1.716711756131172351e+01
9.098360655737705471e+00 1.702127010381460437e+01
9.024390243902438158e+00 1.697766906047940338e+01
8.915662650602408590e+00 1.699101768516659661e+01
8.809523809523808424e+00 1.698046805303096818e+01
8.740157480314961091e+00 1.697885069572329542e+01
8.671875000000000000e+00 1.700518898234486542e+01
8.571428571428572951e+00 1.699122889362871547e+01
8.473282442748091725e+00 1.706036306519627743e+01
8.409090909090910060e+00 2.223071630126953480e+01
8.314606741573033588e+00 1.697853247333348037e+01
8.222222222222221433e+00 1.710452767678141583e+01
8.161764705882353255e+00 1.699922428288221354e+01
8.072727272727272307e+00 1.727153151156068134e+01
7.985611510791366996e+00 1.712104802720427799e+01
7.928571428571427937e+00 1.808811478824973307e+01
7.844522968197879642e+00 1.721067508771717769e+01
7.762237762237762517e+00 1.943792240267634597e+01
7.681660899653977914e+00 2.756429753834247975e+01
7.602739726027397893e+00 1.704039028301000869e+01
7.525423728813557922e+00 2.056051391363859437e+01
7.449664429530201026e+00 2.593837132405281309e+01
7.375415282392027372e+00 4.190397352990627411e+01
7.302631578947368141e+00 1.808462965175628767e+01
7.231270358306189472e+00 1.707565058520197709e+01
7.161290322580644130e+00 1.701684787796616760e+01
7.092651757188498607e+00 1.700771641108095622e+01
7.025316455696202667e+00 1.706687808987021526e+01
6.959247648902821659e+00 1.706590723464131543e+01
6.873065015479875584e+00 1.697904693256020892e+01
6.809815950920245164e+00 1.697922892684936613e+01
6.747720364741641497e+00 1.699689185675322989e+01
6.686746987951806886e+00 1.697784485942959876e+01
6.626865671641791522e+00 1.697930121011972560e+01
6.548672566371680936e+00 1.697977199457884012e+01
6.491228070175439235e+00 1.712133968654036664e+01
6.434782608695651440e+00 1.698176016854345960e+01
6.361031518624642445e+00 1.836365370803058283e+01
6.288951841359772921e+00 1.697732598485171707e+01
6.235955056179776079e+00 1.697675059606671510e+01
6.183844011142061170e+00 1.748246148864865290e+01
6.115702479338843922e+00 1.697781882969558609e+01
6.049046321525885617e+00 1.697703283244490891e+01
5.983827493261454578e+00 1.697769110530257564e+01
5.919999999999999929e+00 1.697827084454953805e+01
5.873015873015872579e+00 1.697677881720900572e+01
5.826771653543307394e+00 1.698320604621231666e+01
5.766233766233765046e+00 1.697719126421034730e+01
5.706940874035989708e+00 1.697674184696853317e+01
5.648854961832060262e+00 1.697719579184889938e+01
5.591939546599496325e+00 1.697918653265595523e+01
5.536159600997505592e+00 1.697692583920538567e+01
5.481481481481481843e+00 1.697773899305522605e+01
5.427872860635696739e+00 1.697791544001162123e+01
5.375302663438255912e+00 1.783485705126047094e+01
5.323741007194244368e+00 1.706549781733989590e+01
5.273159144893111439e+00 1.699794521911919531e+01
5.211267605633802980e+00 1.704286941593845839e+01
5.150812064965196946e+00 1.698443797095418262e+01
5.103448275862068506e+00 1.698123479346335074e+01
5.056947608200454525e+00 1.698279939715385467e+01
5.011286681715575675e+00 1.697734277759433041e+01
4.966442953020133722e+00 1.698692762120843014e+01
4.911504424778760480e+00 1.709663318948109989e+01
4.857768052516410862e+00 1.905840437689960254e+01
4.815618221258135101e+00 1.770460754586577679e+01
4.763948497854076258e+00 1.704214814008633283e+01
4.713375796178343791e+00 1.702156692848205566e+01
4.673684210526316107e+00 1.700943340550184502e+01
4.624999999999999112e+00 1.697835362141649185e+01
4.577319587628865705e+00 1.697909717248261074e+01
4.530612244897958441e+00 1.706039050313592043e+01
4.484848484848484418e+00 1.876323405905127828e+01
4.440000000000000391e+00 2.491348069798588938e+01
4.396039603960395503e+00 3.147848339928567896e+01
4.352941176470587870e+00 3.229144717388590635e+01
4.310679611650485299e+00 4.648316271146655509e+01
4.269230769230769162e+00 5.150373602415204033e+01
4.228571428571428648e+00 5.165865511775851360e+01
4.188679245283019270e+00 2.759752681254466822e+01
4.141791044776119257e+00 1.702383546130895908e+01
4.103512014787431106e+00 1.698143447313904630e+01
4.065934065934065700e+00 1.698141614699204993e+01
4.021739130434782261e+00 1.698944754191160555e+01
3.978494623655914442e+00 1.698579022746443812e+01
3.943161634103018898e+00 1.697962363395691199e+01
3.908450704225352013e+00 1.702048802627603052e+01
3.867595818815330766e+00 1.701326876607855354e+01
3.827586206896551602e+00 1.700416055413524319e+01
3.788395904436860473e+00 1.725588525891860314e+01
3.749999999999999556e+00 1.700541057314753601e+01
3.712374581939799523e+00 1.866117307257255220e+01
3.675496688741721751e+00 1.756193490871151752e+01
3.639344262295082011e+00 1.963082867071072357e+01
3.603896103896104375e+00 1.704887906732281166e+01
3.569131832797427073e+00 1.706103250493288215e+01
3.535031847133757843e+00 1.740667312510172948e+01
3.501577287066245603e+00 1.854998787710349006e+01
3.468750000000000000e+00 1.783520961864114085e+01
3.431221020092735330e+00 1.905968457080185630e+01
3.394495412844037219e+00 2.018097699367960729e+01
3.363636363636363313e+00 1.733333974600235550e+01
3.333333333333333481e+00 2.324445042152245833e+01
3.298662704309063276e+00 1.915878741875350855e+01
3.264705882352940680e+00 2.053713403738498755e+01
3.231441048034934482e+00 1.868093532126307821e+01
3.198847262247838774e+00 1.895943579808910684e+01
3.166904422253922657e+00 1.704297726685613412e+01
3.135593220338982690e+00 1.730489221492568674e+01
3.104895104895105007e+00 1.698058810091048443e+01
3.074792243767312971e+00 1.698046251742204404e+01
3.045267489711933617e+00 1.698296594911307267e+01
3.012211668928086450e+00 1.699247159943073981e+01
2.983870967741935498e+00 1.793977543848554390e+01
2.956058588548601929e+00 1.698384802562832618e+01
2.924901185770750978e+00 1.698151140698194439e+01
2.894393741851368773e+00 1.857035975567907116e+01
2.868217054263565657e+00 1.863308327875177284e+01
2.842509603072983726e+00 2.358308146185278886e+01
2.813688212927756727e+00 4.122350424183994733e+01
2.785445420326222887e+00 2.494773190196067603e+01
2.757763975155279379e+00 2.782675395885020464e+01
2.730627306273062604e+00 2.145759676632762236e+01
2.704019488428745621e+00 2.949775936361312745e+01
2.677925211097707869e+00 3.757342694548100326e+01
2.649164677804296097e+00 1.726759473349571294e+01
2.621015348288075586e+00 1.705619765823006873e+01
2.596491228070175517e+00 1.818463251900107025e+01
2.572421784472769701e+00 1.699618336252153128e+01
2.545871559633027470e+00 1.729818418908000055e+01
2.519863791146424337e+00 1.701328452261329005e+01
2.494382022471909988e+00 1.706554308206772674e+01
2.469410456062291814e+00 1.702876060424417659e+01
2.447629547960308738e+00 1.737410593596011310e+01
2.423580786026200862e+00 1.705646000787854177e+01
2.397408207343412201e+00 1.714621273814821478e+01
2.374331550802138757e+00 1.764539396252870773e+01
2.351694915254237461e+00 1.777235723403716250e+01
2.327044025157233076e+00 2.049879909702134029e+01
2.302904564315352509e+00 1.757414089963770110e+01
2.281603288797533491e+00 1.839693042657196997e+01
2.260692464358451836e+00 1.731453612151455701e+01
2.237903225806451513e+00 1.935667568696117513e+01
2.215568862275449025e+00 1.700848387471556933e+01
2.193675889328062567e+00 1.901499320675325677e+01
2.172211350293542065e+00 1.702429391599845943e+01
2.151162790697674687e+00 1.700036897856950802e+01
2.128475551294342960e+00 1.700446682343284621e+01
2.106261859582542861e+00 1.708260825192689936e+01
2.086466165413534135e+00 1.716833553989434336e+01
2.065116279069767025e+00 1.873294215950171449e+01
2.044198895027624197e+00 1.736366671413612650e+01
2.025547445255474255e+00 1.814270025211501292e+01
2.005420054200541813e+00 2.119127423521657860e+01
1.985688729874776515e+00 1.703963799764299480e+01
1.966341895482728308e+00 2.083729098287602710e+01
1.945661700262927063e+00 1.746480358133355892e+01
1.927083333333333259e+00 1.700715037284779640e+01
1.908856405846947490e+00 1.700616703310509692e+01
1.889361702127659415e+00 1.705816587405900009e+01
1.870261162594776261e+00 1.702940968953788570e+01
1.851542952460383473e+00 1.703411928450564616e+01
1.833195706028076133e+00 1.701644691451092939e+01
1.815208503679476726e+00 1.701193630406956103e+01
1.797570850202429238e+00 1.702163291999479000e+01
1.780272654370489427e+00 1.717696835541169165e+01
1.761904761904762085e+00 1.708119518330318343e+01
1.743912018853102763e+00 1.703866515133043080e+01
1.727626459143968951e+00 1.709203755455533980e+01
1.710323574730354013e+00 1.719313536769611872e+01
1.693363844393592554e+00 1.705002233589211968e+01
1.676737160120845838e+00 1.703095806975160187e+01
1.659192825112107750e+00 1.711031879018732837e+01
1.643227239082161395e+00 1.719120957592527432e+01
1.627565982404692191e+00 1.705622265607953381e+01
1.611030478955007617e+00 1.712267241384216732e+01
1.594827586206896353e+00 1.715381709405864896e+01
1.578947368421052211e+00 1.761455703378251769e+01
1.563380281690140761e+00 1.705706424588850822e+01
1.548117154811715412e+00 1.706071375723992034e+01
1.533149171270718369e+00 1.710659974789244941e+01
1.517429938482570240e+00 1.704071068734377548e+01
1.502029769959404737e+00 1.704654482188752951e+01
1.487935656836461229e+00 1.704763043699350078e+01
1.473125414731253802e+00 1.708781937772691251e+01
1.457649376231122451e+00 1.705629806241229218e+01
1.443433029908972598e+00 1.790390838435207144e+01
1.429491307147456425e+00 1.801970249642536004e+01
1.414913957934990529e+00 1.709547253983289039e+01
1.400630914826498374e+00 1.711025238909527957e+01
1.386633354153653741e+00 1.730636625806301865e+01
1.372912801484230005e+00 1.726604181012749706e+01
1.359461114513165647e+00 1.724468985514343089e+01
1.346270466949666345e+00 1.715795257209092739e+01
1.333333333333333259e+00 1.713865948093727098e+01
1.319857312722948928e+00 1.709135292228235414e+01
1.306650971159505570e+00 1.709438136761739813e+01
1.293706293706293753e+00 1.709893799594428998e+01
1.281015579919215108e+00 1.709998456958279434e+01
1.268571428571428683e+00 1.710521292580618180e+01
1.255656108597285048e+00 1.711090119681809085e+01
1.243001119820828837e+00 1.711676358222153382e+01
1.230598669623059971e+00 1.716756518313447444e+01
1.218441273326015484e+00 1.717133234472632708e+01
1.206521739130435034e+00 1.814187498204800875e+01
1.194833153928955616e+00 1.715094810581114615e+01
1.183368869936034073e+00 1.718087460680445133e+01
1.171503957783641026e+00 1.719774073893582766e+01
1.159874608150470277e+00 1.727472808097720502e+01
1.148473874806000605e+00 1.719460301762676124e+01
1.136712749615975238e+00 1.718766612402868432e+01
1.125760649087220955e+00 1.721498517967528841e+01
1.115017579105976875e+00 1.720145194509530384e+01
1.103928393833913502e+00 1.720065002437853963e+01
1.093057607090103467e+00 1.720839654467296853e+01
1.081871345029239873e+00 1.721801785675492980e+01
1.070911722141823619e+00 1.722851710510241929e+01
1.060678451982799642e+00 1.723774780576837173e+01
1.050141911069063072e+00 1.726350426280672323e+01
1.039812646370023241e+00 1.725972659872472548e+01
1.029684601113172393e+00 1.727014150588230734e+01
1.019283746556473691e+00 1.728214987502282440e+01
1.009090909090909038e+00 1.729451382654894687e+01
1.001805054151624574e+00 1.730372057485890380e+01
