9.990999099909990022e+00 1.709476385120471420e+01
9.968567579703636383e+00 1.709565289804160670e+01
9.950694755714925677e+00 1.709356805358946474e+01
9.932885906040267443e+00 1.710314811427712556e+01
9.910714285714286476e+00 1.727415081991275159e+01
9.888641425389755213e+00 1.710426575870216226e+01
9.871053801689640750e+00 1.709636510177969981e+01
9.853528628495338282e+00 1.710266547972202389e+01
9.831709477413642873e+00 1.711076913007378764e+01
9.809986743261157827e+00 1.710273744287193054e+01
9.792677547419497586e+00 1.712171059484243330e+01
9.775429326287978782e+00 1.710248347314298201e+01
9.753954305799647173e+00 1.713920747941295630e+01
9.732573432704954897e+00 1.709860770857453360e+01
9.715536105032821723e+00 1.710103632431030363e+01
9.694323144104803447e+00 1.709982298855742044e+01
9.673202614379086128e+00 1.709638045640170745e+01
9.656372335798172557e+00 1.713467539666176265e+01
9.639600521059486837e+00 1.711362929911792463e+01
9.618717504332755297e+00 1.718524867811362000e+01
9.597924773022048939e+00 1.712700185146808707e+01
9.581355200690548912e+00 1.716441979913413718e+01
9.560723514211884932e+00 1.861272115401188998e+01
9.540180489901159078e+00 1.712867238950014581e+01
9.523809523809523725e+00 1.712971395704627042e+01
9.503424657534246478e+00 1.722982862208644406e+01
9.483126868859462988e+00 1.747343035096824337e+01
9.466950959488272588e+00 1.713714134193241989e+01
9.446808510638296852e+00 1.783214208972016834e+01
9.426751592356687581e+00 1.714574846123695551e+01
9.410767274268758698e+00 1.711960209706008840e+01
9.390862944162437387e+00 1.755647758943319658e+01
9.371042634022792583e+00 1.711435346692145032e+01
9.351305812973883747e+00 1.907780871755123187e+01
9.331651954602774524e+00 1.727958399417638802e+01
9.315988250104910051e+00 1.717949555682778495e+01
9.296482412060301570e+00 1.954373281813502672e+01
9.277058086084410959e+00 1.715386204801201941e+01
9.261576971214017462e+00 1.753375989584386474e+01
9.242298084929226221e+00 1.726794563001115890e+01
9.223099293726630066e+00 1.712476349179804558e+01
9.203980099502487633e+00 1.714017264080166925e+01
9.184940008274720569e+00 3.068947199554860816e+01
9.165978530140380443e+00 1.862368593558907648e+01
9.147095179233620144e+00 1.715253681460976765e+01
9.132044426162073236e+00 1.709006130665063949e+01
9.113300492610838077e+00 1.709850893226544244e+01
9.094633346988938882e+00 1.713299992061853771e+01
9.076042518397384740e+00 1.710995998765071491e+01
9.057527539779680836e+00 1.709241166018307467e+01
9.039087947882736174e+00 1.713439974142670863e+01
9.020723283218202937e+00 1.709064351249754665e+01
9.006085192697769415e+00 1.714924888129711178e+01
8.987854251012146634e+00 1.711240936922907707e+01
8.969696969696970612e+00 1.709160221311807959e+01
8.951612903225806051e+00 1.708886961561163886e+01
8.933601609657946696e+00 1.710417341234624544e+01
8.915662650602408590e+00 1.718056079112847456e+01
8.897795591182363850e+00 1.709513692947268737e+01
8.880000000000000782e+00 1.710675531267047234e+01
8.862275449101796099e+00 1.708834436754167285e+01
8.844621513944222357e+00 1.713794502144535770e+01
8.827037773359842632e+00 1.710768384626746297e+01
8.809523809523808424e+00 1.730415607350309770e+01
8.792079207920791006e+00 1.773856603474200000e+01
8.774703557312252045e+00 1.709423615012367748e+01
8.757396449704142327e+00 1.709032212399065642e+01
8.740157480314961091e+00 1.709275507049044052e+01
8.719560094265514039e+00 1.713793856511950864e+01
8.702469619756959318e+00 1.727399182482123763e+01
8.685446009389670152e+00 1.726567980208993092e+01
8.668488871534556495e+00 1.712077619700908926e+01
8.651597817614964825e+00 1.724862523466030950e+01
8.634772462077012989e+00 1.709899106996059714e+01
8.618012422360248337e+00 1.709858997199893338e+01
8.597986057319907616e+00 1.755186095090905951e+01
8.581368380363356252e+00 1.888817232164382887e+01
8.564814814814813104e+00 1.715544554453412829e+01
8.548324990373508570e+00 1.719058370849668904e+01
8.531898539584933161e+00 1.714460551213105433e+01
8.515535097813579313e+00 1.759240449615180779e+01
8.499234303215926545e+00 1.730673290922244334e+01
8.479755538579066609e+00 1.713885738590717622e+01
8.463591307662980512e+00 1.749295809663474444e+01
8.447488584474884377e+00 1.714283902035077389e+01
8.428246013667425984e+00 2.158674402606129661e+01
8.412277377794620037e+00 2.058019715226948421e+01
8.396369137670196992e+00 1.738001994372169534e+01
8.377358490566036764e+00 1.716439273948749289e+01
8.361581920903955023e+00 1.718000195919156070e+01
8.345864661654134764e+00 2.317967623834769242e+01
8.330206378986867222e+00 1.724342494256496394e+01
8.314606741573033588e+00 1.722309118613720003e+01
8.295964125560535862e+00 1.780533832918524695e+01
8.277404921700224349e+00 1.716876840436259855e+01
8.262002232973577165e+00 1.974827053851843317e+01
8.246656760772660633e+00 2.193139066758434197e+01
8.228317272053372378e+00 1.749681080934007937e+01
8.213096559378469053e+00 1.985952536093294896e+01
8.197932053175774669e+00 1.770870005952954429e+01
8.179808400884303055e+00 1.735112054315487384e+01
8.164766458256710990e+00 2.471759968126178109e+01
8.149779735682820103e+00 1.744399230967283643e+01
8.131868131868131400e+00 2.824850485408743239e+01
8.114035087719297934e+00 1.725908667417605713e+01
8.099233856256839559e+00 1.724832781354904299e+01
8.084486525855790973e+00 2.394607074720621043e+01
8.066860465116279855e+00 3.273202596291661592e+01
8.049311094996374649e+00 2.483286711759488341e+01
8.034744842562432154e+00 1.994875767667711131e+01
8.020231213872833109e+00 1.822254253359675502e+01
8.002883922134103045e+00 4.537949878229937184e+01
7.985611510791366996e+00 1.774833844467044131e+01
7.971274685816876371e+00 4.146364109777331919e+01
7.956989247311827107e+00 1.756189019776821070e+01
7.939914163090129762e+00 2.117828576484123815e+01
7.922912205567451238e+00 1.877284931241035792e+01
7.905982905982906317e+00 2.073568808069427760e+01
7.891930323498043798e+00 1.930800534640789223e+01
7.877927608232789147e+00 2.573538826151252223e+01
7.861189801699715929e+00 2.032850913619478561e+01
7.844522968197880530e+00 2.073496352275013876e+01
7.827926657263751586e+00 1.907421353902896399e+01
7.811400422237859686e+00 2.078054550365368414e+01
7.797681770284509817e+00 2.470827136139929792e+01
7.784011220196353165e+00 1.982377864275416002e+01
7.767669699090272495e+00 2.210951605407357690e+01
7.751396648044692306e+00 2.010683314588427706e+01
7.735191637630661532e+00 1.985754237571518033e+01
7.719054242002781230e+00 1.857050475883325191e+01
7.702984038861901084e+00 2.001994959200263224e+01
7.689643228264634089e+00 2.001829377967953860e+01
7.676348547717842585e+00 3.044182773174127377e+01
7.660455486542442571e+00 5.192149041126569387e+01
7.644628099173553792e+00 2.029453659980813995e+01
7.628865979381442841e+00 1.822944920007983782e+01
7.613168724279835153e+00 1.976528073313594192e+01
7.597535934291580695e+00 2.652103973501444045e+01
7.581967213114753967e+00 2.793858411872943748e+01
7.566462167689161689e+00 2.061937265670975350e+01
7.551020408163265252e+00 1.931329521197398691e+01
7.535641547861506417e+00 2.225380225354949815e+01
7.520325203252031798e+00 1.994353586043834881e+01
7.505070993914807254e+00 2.407411080431700157e+01
7.489878542510121306e+00 1.957266933396260100e+01
7.477265072414954084e+00 2.519550778710723193e+01
7.464694014794888588e+00 2.412504193187713852e+01
7.449664429530201026e+00 2.805169371616005947e+01
7.434695244474212927e+00 2.403872991088271149e+01
7.419786096256684615e+00 2.442297032506068888e+01
7.404936624416277091e+00 2.162146783050815202e+01
7.390146471371504155e+00 2.097703114405155489e+01
7.375415282392026484e+00 2.271751645674348197e+01
7.360742705570291200e+00 2.486166074710449081e+01
7.346128391793514290e+00 3.786196469128569220e+01
7.331571994715985419e+00 2.546506145338535632e+01
7.317073170731706711e+00 2.091244593469302160e+01
7.300230187438342178e+00 2.307231545430243003e+01
7.283464566929133355e+00 2.606954195349971926e+01
7.269155206286836979e+00 2.711923718236843683e+01
7.254901960784313708e+00 2.520748783707658802e+01
7.240704500978473845e+00 2.027240091677228762e+01
7.226562499999999112e+00 2.031053250253240705e+01
7.212475633528264929e+00 2.353264004393259867e+01
7.198443579766537148e+00 2.467419342166821039e+01
7.184466019417476090e+00 2.325144445768276924e+01
7.170542635658915920e+00 2.712627016007224867e+01
7.156673114119922907e+00 2.572786696025690034e+01
7.142857142857143238e+00 2.688254213601787868e+01
7.129094412331406616e+00 2.181240573451916376e+01
7.113104774110861506e+00 3.252609010989218774e+01
7.097186700767264433e+00 2.354089716419657563e+01
7.083599234205489203e+00 2.408365507312973364e+01
7.070063694267515686e+00 3.084937696230928239e+01
7.056579783852510168e+00 2.600745052225867937e+01
7.043147208121826708e+00 3.049816453428427465e+01
7.029765674477517656e+00 2.379021445216497099e+01
7.014218009478672577e+00 2.493052654544592173e+01
6.998738965952080449e+00 2.810835240430911242e+01
6.985525487728129868e+00 3.915760022091746606e+01
6.972361809045225733e+00 2.374332051397919940e+01
6.959247648902821659e+00 3.062694316301783104e+01
6.946182728410514429e+00 2.182067455307563364e+01
6.931002185451140107e+00 2.058289409983366980e+01
6.915887850467289155e+00 2.270285301677942513e+01
6.902985074626866613e+00 2.899457515851657163e+01
6.890130353817504272e+00 2.611242293946981974e+01
6.875193558377206138e+00 2.662736294095784828e+01
6.860321384425215108e+00 3.478473236419558390e+01
6.847624922887106891e+00 2.718926294495065932e+01
6.834975369458128114e+00 2.488038322569768113e+01
6.820276497695852314e+00 2.795549705370903126e+01
6.805640711220109829e+00 2.631967421198011081e+01
6.793145654834760627e+00 3.298426739194592017e+01
6.780696395846060653e+00 3.023516898483117643e+01
6.766229807985369327e+00 2.428637017415345056e+01
6.751824817518248700e+00 2.615230157487789953e+01
6.739526411657558391e+00 2.395059927350520823e+01
6.727272727272727515e+00 2.787443924864808764e+01
6.713032960387057990e+00 3.329467165145814533e+01
6.698853349426674875e+00 2.479236402919570992e+01
6.686746987951806886e+00 2.938562515934030372e+01
6.672678088367898219e+00 2.986517576290786735e+01
6.658668266346730924e+00 2.626231735430916459e+01
6.646706586826347518e+00 3.196549164533496423e+01
6.632805497460412703e+00 3.566925596175432389e+01
6.618962432915921568e+00 2.961621378262519855e+01
6.607142857142857650e+00 2.532363683401743870e+01
6.593406593406593963e+00 3.348871252087295147e+01
6.579727326615293137e+00 3.276191786605438239e+01
6.566104702750665822e+00 3.204538538975060646e+01
6.552538370720188965e+00 3.007215233818650901e+01
6.540954625810253553e+00 2.822845717050790881e+01
6.527491914142897755e+00 2.860595450575113574e+01
6.514084507042253946e+00 3.062247624586542472e+01
6.500732064421669953e+00 3.443606325801611234e+01
6.487434248977206330e+00 3.544178794870575189e+01
6.476079346557759742e+00 3.181656895508210070e+01
6.462882096069869853e+00 2.633851141733140366e+01
6.449738524113887372e+00 2.936405196853438682e+01
6.436648303856189912e+00 3.236337528011203091e+01
6.423611111111111605e+00 3.446832773564020869e+01
6.410626624314178734e+00 3.502633442998141788e+01
6.397694524495677548e+00 2.636282315986792568e+01
6.384814495254530264e+00 2.961318012692451873e+01
6.371986222732490823e+00 3.388001079669594873e+01
6.359209395588655944e+00 2.787333996084094423e+01
6.346483704974270168e+00 3.346319882089257192e+01
6.333808844507846203e+00 2.691001750893086353e+01
6.321184510250569488e+00 2.352305333623012018e+01
6.308610400682011843e+00 2.156610910074115139e+01
6.296086216676119562e+00 2.415243416869163795e+01
6.283611661477497279e+00 2.201989463633090693e+01
6.271186440677967155e+00 2.371826008711576605e+01
6.258810262193402529e+00 2.336932132136315232e+01
6.246482836240853764e+00 2.264510587484955906e+01
6.234203875315921906e+00 2.454150637857407347e+01
6.221973094170404117e+00 2.590691194195787261e+01
6.209790209790209126e+00 2.431615948561638874e+01
6.197654941373534676e+00 2.442277683000008537e+01
6.185567010309278579e+00 3.126921631321013351e+01
6.171809841534611429e+00 2.686183793990671731e+01
6.159822419533851345e+00 3.173754241534312825e+01
6.147881473276100905e+00 2.817082136850714846e+01
6.135986733001658422e+00 2.501615253654361126e+01
6.124137931034482563e+00 2.572170114943474672e+01
6.110652353426918815e+00 3.440319996035815109e+01
6.098901098901099438e+00 2.494594521226167672e+01
6.087194954757335630e+00 2.516430526522338695e+01
6.073871409028726909e+00 3.553728502779632947e+01
6.062261059530311691e+00 2.817949991685827626e+01
6.050695012264922568e+00 3.433370870909720907e+01
6.037530595594233773e+00 3.038779712009638700e+01
6.026058631921824116e+00 2.391954553821404872e+01
6.014630181522623076e+00 3.114317666320174993e+01
6.001622060016221560e+00 2.564101154190748844e+01
5.990286022665946675e+00 3.184198063720107541e+01
5.978992728252087829e+00 2.773905459738344348e+01
5.966138134909970248e+00 2.960596008016437253e+01
5.953338696701528043e+00 2.713308442271560494e+01
5.942184154175588873e+00 3.545529901216547586e+01
5.931071333155223613e+00 3.101092964880794867e+01
5.918421754198880613e+00 2.835796747213364100e+01
5.905826017557861185e+00 2.721294834073096780e+01
5.894848645778013818e+00 3.468850250811696156e+01
5.883912006360985103e+00 3.500360849251627826e+01
5.871462576038084968e+00 2.841331183024525942e+01
5.859065716547901204e+00 2.901117111897349332e+01
5.848261327713381696e+00 2.574598971081892884e+01
5.837496713121220537e+00 3.268006625000447229e+01
5.825242718446602019e+00 3.413526434337765636e+01
5.813040062843676914e+00 2.652197505153894497e+01
5.800888424353279227e+00 2.363897963810146052e+01
5.788787483702737546e+00 2.256214325737565929e+01
5.778240499739719205e+00 3.150525838071386531e+01
5.767731878409977142e+00 3.315035133711338489e+01
5.755768732175265967e+00 2.692718438671797898e+01
5.743855109961189420e+00 3.481686340619445730e+01
5.731990704879938114e+00 2.843689405220449373e+01
5.720175212574078571e+00 2.979733881239116400e+01
5.708408331190536700e+00 3.276399484821915564e+01
5.698151950718686187e+00 2.307259734160185261e+01
5.687932359723289366e+00 2.577282361800492083e+01
5.676297622091537320e+00 2.851021460121453188e+01
5.664710385302373474e+00 2.270279685283929538e+01
5.653170359052711369e+00 2.938327481412589748e+01
5.641677255400253443e+00 3.156947534569918901e+01
5.630230788739538639e+00 2.403410121374875530e+01
5.618830675778283990e+00 2.542452531894982215e+01
5.607476635514019314e+00 2.836712635397345039e+01
5.596168389210991023e+00 2.196043279248655011e+01
5.584905660377358139e+00 3.022456319936901536e+01
5.573688174742655654e+00 2.787961798867553753e+01
5.562515660235529680e+00 2.719649008825898662e+01
5.551387846961739925e+00 2.497155621107191337e+01
5.540304467182430415e+00 2.240474038570255289e+01
5.529265255292652448e+00 2.211183863875925582e+01
5.518269947800148678e+00 2.548895732589304686e+01
5.507318283304391215e+00 1.982812903886824785e+01
5.496410002475860423e+00 1.886519310148656459e+01
5.485544848035582177e+00 2.201457731013059771e+01
5.474722564734895158e+00 2.591050542476981988e+01
5.463942899335465953e+00 3.007040355281234056e+01
5.453205600589535962e+00 2.173076198110074131e+01
5.442510419220396578e+00 2.272927456827491710e+01
5.431857107903106829e+00 2.138401880573153591e+01
5.421245421245420637e+00 2.876507156122416475e+01
5.410675115768949439e+00 2.224857546568006583e+01
5.398832684824903083e+00 1.893458674625015448e+01
5.387041980101916927e+00 1.857747491262167827e+01
5.376604504722693356e+00 1.955530678601771655e+01
5.366207396664250062e+00 1.973299527893304983e+01
5.355850422195415739e+00 2.980528099013179855e+01
5.345533349385986455e+00 2.482206888408958889e+01
5.335255948089401734e+00 1.855490669150233174e+01
5.323741007194243480e+00 1.831168796283888867e+01
5.312275664034458167e+00 1.870446683108360020e+01
5.302125626940530800e+00 1.969065142661482071e+01
5.292014302741359089e+00 2.295561074142754521e+01
5.281941470378300529e+00 2.124618137279868080e+01
5.271906910472571539e+00 2.114078838789701820e+01
5.260663507109004655e+00 1.820197444816971100e+01
5.249467959328446121e+00 2.022990024039894763e+01
5.239556289827708824e+00 2.802005040531307856e+01
5.229681978798586428e+00 2.096971726285725879e+01
5.218617771509168612e+00 2.598024398020124437e+01
5.207600281491906458e+00 2.169218345764428335e+01
5.197845937719503873e+00 2.468306752279370997e+01
5.188128067305444624e+00 1.787905682445526168e+01
5.177238805970149294e+00 1.894650994614077177e+01
5.166395159413544214e+00 2.522976039104581503e+01
5.156794425087108280e+00 1.859423947974324420e+01
5.146036161335187487e+00 2.226162232150149478e+01
5.135322692574601611e+00 1.942362562434583850e+01
5.125836989148002232e+00 1.782600542082071371e+01
5.115207373271889679e+00 2.442507939383912685e+01
5.104621752126925038e+00 1.758832374382048869e+01
5.095249024558182072e+00 1.894910142154753530e+01
5.084745762711865069e+00 2.093853686813235271e+01
5.074285714285714732e+00 1.776451876527816154e+01
5.065023956194386834e+00 1.782449471198171409e+01
5.054644808743169904e+00 1.747335917536664240e+01
5.044308111792774163e+00 1.845894615742713540e+01
5.034013605442177131e+00 2.576768108483195618e+01
5.023761031907671537e+00 2.149106738437802022e+01
5.014682629320081020e+00 1.874774179506600191e+01
5.004508566275924331e+00 1.942807978953480941e+01
4.994375703037120751e+00 2.034633772630423465e+01
4.984283789851818192e+00 1.773055831913423575e+01
4.974232578982746844e+00 1.782890395037919617e+01
4.964221824686940288e+00 1.788043442410397432e+01
4.954251283195715949e+00 2.171693114307791461e+01
4.944320712694877606e+00 2.166044396971201991e+01
4.934429873305179015e+00 2.046218751645028888e+01
4.924578527062998923e+00 2.066773589711666403e+01
4.914766437901262108e+00 1.806239476245761111e+01
4.904993371630579801e+00 1.862514165046811598e+01
4.895259095920617476e+00 2.144003913743913614e+01
4.885563380281690016e+00 2.123242636083269375e+01
4.875905996046562940e+00 1.884523360201686870e+01
4.866286716352477448e+00 1.986869931585431459e+01
4.856705316123386851e+00 1.899412475281357970e+01
4.847161572052401723e+00 2.075387011914325086e+01
4.836601307189543064e+00 2.047264784148693195e+01
4.827136333985649230e+00 1.872259084972650101e+01
4.817708333333333037e+00 2.367316195161462034e+01
4.808317089018843582e+00 1.975255675542891254e+01
4.798962386511024469e+00 1.941255015791964667e+01
4.788610871440896588e+00 1.982236103830289764e+01
4.779332615715823351e+00 1.841131761828869884e+01
4.770090244950579539e+00 1.814391630752849949e+01
4.759862778730703070e+00 1.896812363097524923e+01
4.750695484699337001e+00 2.581570041489183964e+01
4.741563434429731494e+00 1.805930711719656045e+01
4.731457800511509326e+00 2.026614701054931089e+01
4.722399489470325840e+00 1.844871900412232080e+01
4.713375796178344679e+00 1.787824007362747381e+01
4.703389830508475811e+00 1.807843098963642348e+01
4.694438570522309284e+00 1.812545188192368073e+01
4.685521317011398068e+00 1.889990280696368430e+01
4.675652906486941873e+00 1.803420741399479255e+01
4.665825977301387262e+00 1.800167282419562298e+01
4.657016991818754725e+00 1.812906177693277954e+01
4.648241206030150785e+00 1.803709124579572887e+01
4.638529043042207256e+00 1.888959477208042159e+01
4.628857381150959682e+00 1.870192699602699449e+01
4.619225967540574906e+00 1.817727423925566654e+01
4.610591900311526992e+00 1.820536315824866591e+01
4.601990049751243816e+00 1.830131106848573808e+01
4.592470004137360284e+00 1.831832624640822615e+01
4.582989265070190221e+00 1.850966705509591037e+01
4.573547589616810072e+00 1.854778140531635700e+01
4.564144736842105310e+00 1.856181851035881181e+01
4.555715165195977967e+00 1.863335998275697492e+01
4.547316673494469441e+00 1.909044087452483396e+01
4.538021259198692370e+00 1.880153578957152760e+01
4.528763769889841306e+00 1.904113438476276343e+01
4.519543973941368975e+00 1.903622210567808182e+01
4.510361641609102357e+00 2.052479746695518514e+01
4.501216545012166392e+00 1.940177634492111380e+01
4.492108458114124403e+00 2.161120265946078334e+01
4.483037156704360982e+00 2.057713884291577600e+01
4.474002418379685153e+00 2.899238876114941377e+01
4.465004022526145810e+00 2.480889630751061503e+01
4.456041750301083404e+00 2.373427834757161392e+01
4.447115384615384137e+00 2.410368296440339009e+01
4.438224710115953542e+00 2.878755521730328226e+01
4.429369513168396111e+00 2.669767323443866047e+01
4.420549581839904540e+00 3.031773552040100483e+01
4.411764705882352366e+00 3.275279889963388769e+01
4.403014676715588216e+00 3.527437864415836799e+01
4.394299287410926347e+00 3.444104836016249749e+01
4.385618332674831699e+00 3.145213596774268439e+01
4.376971608832807448e+00 2.992339324149322621e+01
4.368358913813459310e+00 3.583584783543015106e+01
4.359780047132757019e+00 3.122373818927693634e+01
4.351234809878479659e+00 3.850621893264461448e+01
4.342723004694835964e+00 4.453806284731245313e+01
4.334244435767279136e+00 4.613687200376129738e+01
4.324956165984804812e+00 5.197161306404452574e+01
4.315707620528772104e+00 4.788754970166802138e+01
4.307334109429568514e+00 4.593893093746829948e+01
4.298993028659954696e+00 6.136844462843705372e+01
4.290684190181677238e+00 4.826516545497393906e+01
4.282407407407406552e+00 5.837549346449757337e+01
4.274162495186753397e+00 4.806764975568724196e+01
4.265129682997118366e+00 5.789131833373249236e+01
4.256134969325152895e+00 5.379760908599926239e+01
4.247990815154993882e+00 4.638518227266406768e+01
4.239877769289534193e+00 7.198343303165125917e+01
4.230989136649513149e+00 4.403027564994533805e+01
4.222137694941042518e+00 4.707061452675439028e+01
4.214123006833712992e+00 3.928813082137012458e+01
4.206138688897310018e+00 4.580048795097947334e+01
4.197390811117414522e+00 3.678421212005158480e+01
4.188679245283018382e+00 2.701492588604474321e+01
4.180790960451976623e+00 2.457917754360914131e+01
4.172148092463822344e+00 2.388278537730236906e+01
4.163540885221305388e+00 2.329175269673013560e+01
4.155746911269187827e+00 2.288258952061200446e+01
4.147207173547543313e+00 2.240185791230440415e+01
4.138702460850112175e+00 2.203308190701461200e+01
4.131001116486788582e+00 2.165442794412565419e+01
4.122562674094708335e+00 2.133204143002768305e+01
4.114158636026686189e+00 2.099100802209377292e+01
4.106548279689234526e+00 2.073867368112206577e+01
4.098209340963633096e+00 2.045576755698919769e+01
4.089904200442151527e+00 2.021888953137135658e+01
4.081632653061224580e+00 2.002345881536484029e+01
4.073394495412844485e+00 1.986239662205791845e+01
4.065189525727888942e+00 1.959611220375080975e+01
4.057017543859649855e+00 1.942245585784506900e+01
4.048878351267553910e+00 1.945965812376936199e+01
4.040771751001092760e+00 1.916360477963662134e+01
4.032697547683923744e+00 1.901545851909379437e+01
4.024655547498187325e+00 1.894444455297851704e+01
4.016645558168987939e+00 1.878211964906474307e+01
4.008667388949079147e+00 1.869181237398362327e+01
4.000720850603713075e+00 1.858352316471895094e+01
3.992805755395683498e+00 1.852668120243716388e+01
3.984921917070543884e+00 1.841106496894816758e+01
3.977069150841991529e+00 1.837916755733966667e+01
3.969247273377435992e+00 1.828639899476548081e+01
3.960749330954504543e+00 1.829464373624940876e+01
3.952991452991453158e+00 1.817795123694658344e+01
3.945263906166696977e+00 1.829668724951128311e+01
3.937566512947853425e+00 1.802946020063877341e+01
3.929899097185342693e+00 1.822525939195970679e+01
3.921568627450980227e+00 1.795270433315138092e+01
3.913963328631876237e+00 1.799710824974918211e+01
3.906387471405947664e+00 1.806554944616139124e+01
3.898156277436348294e+00 1.787566982940196780e+01
3.890641430073606966e+00 1.783789731260633715e+01
3.883155501136960286e+00 1.781867375033835899e+01
3.875021818816547725e+00 1.883168949206531195e+01
3.866922139000174230e+00 1.774119843728502843e+01
3.859527121001390615e+00 1.893920678809452340e+01
3.852160333159812211e+00 1.798091274480839985e+01
3.844155844155844104e+00 1.852952525419255281e+01
3.836184551581130364e+00 1.767947905964613042e+01
3.828906519489478910e+00 1.782882611097788939e+01
3.821656050955414052e+00 1.772096140440980605e+01
3.813777701425872912e+00 1.816968465778549913e+01
3.805931767529573406e+00 1.863016697947442779e+01
3.798118049615055725e+00 1.759767270076275381e+01
3.790336349667065008e+00 1.813592866771579182e+01
3.783231083844580844e+00 1.982305614764285195e+01
3.776152406871916778e+00 1.750018115174154332e+01
3.768460363265999202e+00 1.758169293530563593e+01
3.760799593427071041e+00 1.745988367429018240e+01
3.753169907016061124e+00 1.751516418813546849e+01
3.745571115235364346e+00 1.747746849205553588e+01
3.738003030813268346e+00 1.820420326945086842e+01
3.730465467988573369e+00 1.743361605808357240e+01
3.722958242495388426e+00 1.741262442946672806e+01
3.715481171548116635e+00 1.819980102777818942e+01
3.708034073826624422e+00 1.841612000713626429e+01
3.700616769461576805e+00 1.735554003191252903e+01
3.693229080019963639e+00 1.743371640993436245e+01
3.685870828490785733e+00 1.799253183213889784e+01
3.678541839270919489e+00 1.792305974192122520e+01
3.671241938151149409e+00 1.755864882524331350e+01
3.663970952302360029e+00 1.772265353414754330e+01
3.656728710261901494e+00 1.768575572537700680e+01
3.649515041920105229e+00 1.806256087496380403e+01
3.642329778506972815e+00 1.749917165567835298e+01
3.635172752579007405e+00 1.845813201438129170e+01
3.628043798006210796e+00 1.861412476713796593e+01
3.620942749959223494e+00 1.734756146769960949e+01
3.613281250000000888e+00 1.750072704048991312e+01
3.605652103297060762e+00 1.758312023862938034e+01
3.598638353055600092e+00 1.782755933680415339e+01
3.591651836272447440e+00 1.826235102509220454e+01
3.584692394639108493e+00 1.761076378170291790e+01
3.577759871071716447e+00 1.913041542640626247e+01
3.570279832743646686e+00 1.769902985522236349e+01
3.562831006259027600e+00 1.761524131123225345e+01
3.555982700624699788e+00 1.915313190997680337e+01
3.549160671462830319e+00 1.937218206906914730e+01
3.541799617102743714e+00 2.131097611924290547e+01
3.534469033593376608e+00 1.922913011041204356e+01
3.527729222946131227e+00 1.863883213963210750e+01
3.520456707897241078e+00 1.808895214535730389e+01
3.513214116157619582e+00 1.790761834532380092e+01
3.506555046596114611e+00 1.742911015206078673e+01
3.499369482976040224e+00 1.841607417491418985e+01
3.492213308164228813e+00 2.061883898294091466e+01
3.485633537447009100e+00 1.775186340473234736e+01
3.478533375117518478e+00 1.849684723268781639e+01
3.471462079749805252e+00 1.840185719220995608e+01
3.464960199781489170e+00 1.975766939775109776e+01
3.457943925233644578e+00 2.359198898670809541e+01
3.450956008083320370e+00 2.591537446691076241e+01
3.443996276760782127e+00 1.745177925341640091e+01
3.437064561077566083e+00 1.753158118506669894e+01
3.430160692212608886e+00 2.211157711508461077e+01
3.423284502698535459e+00 1.904018788737515777e+01
3.416435826408125376e+00 2.149147936279007354e+01
3.409614498540931571e+00 2.163993843351225266e+01
3.402820355610054914e+00 1.904995592379944824e+01
3.396053235429095984e+00 2.090001755540450645e+01
3.389312977099236512e+00 1.856127848625541077e+01
3.382599420996495798e+00 2.353222305509229884e+01
3.375912408759124350e+00 1.866299933151364243e+01
3.369251783275156065e+00 2.519698154188931483e+01
3.362617388670100294e+00 1.826284366382956392e+01
3.355501813784764753e+00 2.246869375525560031e+01
3.348921405943581231e+00 1.768722375660240687e+01
3.342366757000903021e+00 2.071156270941258271e+01
3.335837716003005049e+00 2.452443405334909698e+01
3.329334133173365462e+00 2.067532960908804540e+01
3.322358575276862958e+00 2.428113559562955714e+01
3.315907393577296691e+00 3.273149699054022932e+01
3.309481216457961228e+00 2.229949146374208979e+01
3.302588515322820495e+00 1.932449489760585948e+01
3.295724465558194538e+00 2.601407965525661226e+01
3.289376203882056426e+00 1.746622950721422995e+01
3.283052351375332467e+00 2.050074971894213149e+01
3.276269185360094482e+00 1.836743814621193494e+01
3.269513991163476074e+00 2.054714249140109317e+01
3.263266206085550625e+00 2.348226345739304932e+01
3.257042253521126973e+00 1.963967731914281600e+01
3.250366032210834977e+00 2.183377198017444343e+01
3.243717124488603609e+00 2.114345570923021711e+01
3.237095363079614430e+00 2.142386331717338166e+01
3.230500582072176829e+00 2.331510609933155109e+01
3.223932616903863124e+00 2.347414976274405163e+01
3.217857660530511588e+00 1.913711551419218537e+01
3.211805555555555802e+00 2.179755372118405177e+01
3.205313312157089811e+00 2.151297130239606048e+01
3.198847262247839218e+00 2.441772395418099251e+01
3.192407247627264688e+00 2.120832271387338963e+01
3.185993111366245412e+00 2.086189369360974766e+01
3.179604697794328416e+00 1.866779517754129003e+01
3.173241852487135528e+00 2.156124857075895562e+01
3.166904422253923101e+00 1.803820895127330459e+01
3.160592255125284300e+00 1.775302613745553160e+01
3.154305200341006366e+00 1.870125307840722328e+01
3.148043108338060225e+00 1.983294329522524535e+01
3.141805830738749528e+00 2.018162154070752123e+01
3.135593220338982690e+00 1.766041312318614587e+01
3.129405131096701265e+00 2.000915175551687497e+01
3.123241418120427770e+00 1.980197562373757592e+01
3.116664326828583409e+00 1.904571934690907398e+01
3.110114878117120174e+00 2.079253803969229963e+01
3.104026845637584131e+00 2.234188454436336357e+01
3.097962601172202124e+00 1.993865943087152104e+01
3.091922005571030585e+00 2.139761535291092898e+01
3.085904920767306159e+00 1.929501981741666938e+01
3.079483978360382679e+00 1.956405109508216356e+01
3.073089700996677998e+00 1.942928334024003689e+01
3.067145620337110135e+00 1.792282214800051676e+01
3.061224489795918657e+00 1.849874730263080025e+01
3.054905738268886672e+00 2.113082164325103562e+01
3.048613018401538532e+00 2.052065260215929499e+01
3.042763157894736725e+00 1.885671229082311839e+01
3.036935704514363898e+00 1.872463053791369703e+01
3.030716723549487845e+00 1.839494440817132670e+01
3.024523160762943252e+00 2.123530884137988650e+01
3.018765297797116443e+00 1.946063704187427490e+01
3.012620436965666837e+00 1.930124049981758105e+01
3.006500541711809138e+00 2.395204502796122625e+01
3.000405460197324015e+00 1.746703665686845852e+01
2.994335041812786535e+00 1.937510049502475340e+01
2.988691437802907469e+00 1.881416536236575965e+01
2.982668278919790694e+00 1.820311684806778985e+01
2.976669348350763578e+00 1.976893792112606008e+01
2.970694500200723009e+00 2.031182272741735062e+01
2.964743589743589425e+00 1.873374030755690356e+01
2.958816473410635695e+00 1.819108419730961756e+01
2.952913008778930593e+00 1.875957795633418002e+01
2.947033054559936360e+00 2.052825102505758537e+01
2.941176470588235503e+00 2.154742247456618642e+01
2.935343117810392588e+00 1.807306761909305948e+01
2.929532858273951046e+00 1.945480562142201819e+01
2.923745555116554762e+00 1.994974895541191273e+01
2.917597581811013363e+00 1.999102508853897575e+01
2.911857292759706173e+00 1.870350723197801202e+01
2.906139547061133754e+00 2.134627081206828336e+01
2.900444212176639613e+00 2.279617815309217832e+01
2.894771156604511564e+00 1.840934171803549191e+01
2.888744307091737351e+00 1.986046769675374435e+01
2.882742500973899169e+00 2.123519508854329985e+01
2.877138413685847773e+00 2.259798689779690406e+01
2.871556072953046268e+00 2.175565451642215464e+01
2.865625403381954595e+00 2.383594786894694195e+01
2.860087606287039286e+00 2.421958402290106349e+01
2.854571171402854546e+00 2.449254703767597974e+01
2.848710381111253298e+00 2.402380806307524708e+01
2.842873607376104061e+00 2.462035298066556521e+01
2.837060702875399798e+00 3.241682736470118442e+01
2.831632653061224580e+00 2.357386122451016064e+01
2.826225334182049576e+00 3.201073866987839978e+01
2.820480243933426667e+00 3.290694349465549351e+01
2.814758463294028346e+00 2.853627540604934154e+01
2.809059850689611171e+00 3.341415346078232318e+01
2.803384265690112453e+00 3.946676141905159341e+01
2.797731568998109264e+00 2.732323876087590975e+01
2.792101622437428876e+00 2.854578124113545101e+01
2.786494288941885333e+00 3.283260751883417328e+01
2.780909432544156346e+00 3.194305120486408711e+01
2.775346918364795634e+00 3.694963236107379601e+01
2.769806612601372287e+00 3.584857855292217010e+01
2.764288382517743337e+00 3.484088626633912611e+01
2.758792096433452912e+00 3.520002810183301989e+01
2.753317623713257944e+00 3.356667754007816029e+01
2.747864834756776897e+00 3.113283250610530573e+01
2.742433600988264164e+00 3.235034953883320696e+01
2.737023794846504821e+00 2.953612456212357174e+01
2.731635289774824393e+00 2.710226565454468428e+01
2.726267960211224750e+00 3.047581975989565706e+01
2.720921681578624352e+00 3.428110499080509044e+01
2.715264187866927692e+00 3.040575812174042269e+01
2.709630172098132395e+00 3.250684193098455665e+01
2.704348885369716182e+00 3.311888522525504186e+01
2.699088145896656687e+00 5.413349322510079276e+01
2.693847834000727914e+00 4.100064916543454530e+01
2.688302252361346234e+00 3.616472554037518705e+01
2.682779456193353784e+00 3.832901977436885232e+01
2.677602219273911732e+00 4.485495510645017703e+01
2.672123254694270589e+00 3.903113891871903007e+01
2.666666666666666519e+00 3.630758124685392119e+01
2.661551372737081866e+00 3.190202451849639687e+01
2.656137832017229083e+00 2.596829729161699518e+01
2.650746268656716698e+00 2.719155845063671961e+01
2.645691812656417952e+00 2.905932007103293913e+01
2.640342530922930475e+00 2.406519371929460505e+01
2.635014836795252169e+00 2.560962901238546152e+01
2.629708599857853546e+00 3.123270732361966395e+01
2.624423690743586945e+00 3.017122303128078542e+01
2.619469026548672641e+00 3.155648655436635153e+01
2.614225153085256714e+00 3.213871216937250352e+01
2.609002232929839238e+00 3.209132543424532003e+01
2.603800140745953229e+00 3.339222124128170321e+01
2.598618752194779447e+00 2.663754829697400694e+01
2.593457943925233877e+00 3.242959781943719122e+01
2.588015854511541480e+00 2.977875247518035806e+01
2.582897033158813471e+00 3.050406179537013784e+01
2.577798420808174562e+00 2.711871480978131288e+01
2.572719898018310136e+00 3.119589193228826218e+01
2.567661346287300805e+00 3.115579942868338748e+01
2.562326869806093921e+00 3.210040158711697700e+01
2.557309065775831947e+00 2.224886766719490083e+01
2.552310876063462519e+00 2.455265386557367435e+01
2.547039926571821766e+00 2.684747965876076137e+01
2.542081758845757822e+00 2.421798356722623424e+01
2.537142857142857366e+00 2.245846277918736433e+01
2.531934306569342930e+00 2.700790528373678967e+01
2.526747097655360985e+00 2.090719220352278995e+01
2.521581099500227019e+00 2.033664572822544514e+01
2.516721460151910339e+00 2.427476589934766693e+01
2.511880515953835769e+00 2.287588780984997783e+01
2.506775067750677266e+00 2.358308427246186767e+01
2.501690331304935899e+00 2.422567669147333191e+01
2.496626180836707398e+00 1.950328523393366353e+01
2.491582491582491343e+00 1.842673189729094219e+01
2.486559139784946026e+00 1.937049943134784868e+01
2.481556002682763218e+00 1.814492302314692296e+01
2.476572958500669497e+00 2.064839950805147950e+01
2.471885090747132807e+00 2.035902287405401978e+01
2.467214936652589508e+00 1.750706801662100531e+01
2.462289263531499461e+00 1.796979429848896359e+01
2.457111234089651486e+00 1.797020897337603884e+01
2.451954937044400484e+00 1.771112140212933639e+01
2.447089947089946982e+00 1.897664038087063076e+01
2.442244224422442045e+00 1.734409927992754774e+01
2.437417654808958556e+00 1.975055673532247624e+01
2.432610124917817362e+00 1.799473772063997501e+01
2.427821522309711710e+00 1.755101328669998395e+01
2.423051735428945364e+00 1.745715203513145397e+01
2.418300653594771532e+00 1.800842328047554020e+01
2.413305794108055125e+00 1.775046882189405295e+01
2.408331525276632856e+00 1.852073515231834833e+01
2.403637938501515858e+00 1.989981476478762090e+01
2.398962610762913616e+00 1.841807845398147592e+01
2.394047233904885275e+00 1.847169716689622732e+01
2.389151958674128551e+00 1.720535710868425383e+01
2.384532760472609425e+00 1.775138826510137946e+01
2.379931389365351979e+00 1.765635671787076433e+01
2.375093612923932618e+00 1.956775986897361364e+01
2.370275464445868341e+00 2.049533431198556954e+01
2.365728900255754219e+00 1.881337580462151493e+01
2.360948633414867714e+00 1.784548477022910262e+01
2.356187645935045705e+00 1.794234624855425864e+01
2.351445821417222692e+00 1.822781368579888550e+01
2.346723044397462932e+00 1.821079564203580503e+01
2.342019200337587925e+00 1.884466391003751795e+01
2.337334175615919385e+00 1.741893920229209414e+01
2.332667857518125665e+00 1.734001759171962576e+01
2.328020134228188098e+00 1.741395035320335083e+01
2.323390894819465480e+00 1.865244129779613402e+01
2.318780029245873564e+00 2.304688182878150116e+01
2.314187428333159602e+00 1.838929067546677487e+01
2.309612983770287009e+00 1.847678661770900277e+01
2.305056588100923953e+00 1.798193848562586794e+01
2.300279763755050499e+00 1.799068716153323777e+01
2.295760082730093021e+00 2.417373773986220442e+01
2.291258127773764475e+00 2.065195707374298806e+01
2.286538263466886711e+00 1.900696835556459519e+01
2.282072368421052655e+00 1.883844321960237522e+01
2.277623884272084176e+00 1.732912863398921743e+01
2.272959967236613199e+00 1.766230455511462694e+01
2.268315111883110191e+00 1.775387256622767751e+01
2.263689201590700417e+00 1.976249654148757884e+01
2.259312029309993974e+00 1.739709006923172296e+01
2.254951752158456113e+00 1.717815937524187930e+01
2.250380131779016857e+00 1.875856925461673796e+01
2.245827010622154951e+00 1.752070257537055298e+01
2.241292276627965929e+00 1.752698876356482671e+01
2.236775818639798796e+00 1.768773678727328758e+01
2.232277526395173961e+00 1.926359918750679157e+01
2.227797290516809081e+00 1.721635329839075013e+01
2.223335002503755486e+00 1.710869071465146618e+01
2.218890554722638075e+00 1.715054585651064301e+01
2.214463840399002237e+00 1.723099544179010678e+01
2.210054753608760247e+00 1.706981352561688681e+01
2.205663189269746471e+00 1.750775587298810620e+01
2.201289043133366263e+00 1.950719662721932224e+01
2.196932211776347899e+00 1.775041157496381317e+01
2.192592592592592204e+00 1.707137437196278640e+01
2.188270083785115450e+00 1.936590242631173453e+01
2.183964584358091265e+00 1.719347715575790758e+01
2.179675994108983605e+00 1.702819349216938605e+01
2.175191064079952774e+00 1.713256722739805227e+01
2.170724552654736961e+00 1.720587560727417653e+01
2.166487752512930243e+00 1.716046473374343151e+01
2.162267458848738499e+00 1.728083859813070688e+01
2.157853810264385608e+00 1.707693410095280129e+01
2.153458143369871181e+00 1.734457117857778030e+01
2.149288411269242083e+00 1.724520100596380345e+01
2.144927536231884257e+00 1.703477112114353886e+01
2.140584321666184842e+00 1.705876286947524889e+01
2.136464247906842306e+00 1.705017538239634334e+01
2.132155205532078490e+00 1.710227348844506778e+01
2.127863510016294146e+00 1.704812460304891886e+01
2.123589056820355925e+00 1.707043100305470773e+01
2.119331742243436789e+00 1.708538968708860750e+01
2.115091463414634276e+00 1.706982353424766075e+01
2.110868118284682016e+00 1.706329882752466176e+01
2.106661605617764721e+00 1.714385463355650074e+01
2.102471824983425996e+00 1.742237306858921286e+01
2.098298676748581837e+00 1.720308484159383156e+01
2.094142062069616284e+00 1.726192076356434413e+01
2.090001882884579665e+00 2.051614224185683710e+01
2.085682074408117259e+00 1.811141545621991611e+01
2.081575246132207901e+00 1.798333891024100950e+01
2.077484559236383532e+00 1.796155179793888834e+01
2.073216286888307724e+00 1.925868893795501435e+01
2.069158355857954934e+00 2.515796148156929490e+01
2.065116279069767025e+00 2.161741977696722472e+01
2.060898626067582562e+00 1.906310848421833626e+01
2.056698165647582233e+00 2.184971263686494680e+01
2.052704576976421613e+00 1.953481725464964214e+01
2.048726467331118517e+00 1.980598676080844811e+01
2.044575428255663851e+00 1.894648449655532829e+01
2.040441176470587870e+00 1.779434194383751233e+01
2.036323610346725488e+00 1.749308825307608117e+01
2.032222629073599407e+00 1.753099392274748070e+01
2.028138132651196912e+00 1.755786789875908838e+01
2.024070021881838155e+00 1.985049336915406570e+01
2.020018198362147466e+00 1.943358566243919228e+01
2.015982564475117922e+00 2.403698497962312430e+01
2.011963023382273175e+00 2.455524405582579917e+01
2.007959479015919424e+00 2.042781208299431128e+01
2.003971836071493318e+00 2.402034962220170655e+01
2.000000000000000000e+00 2.000020964587948669e+01
1.996043877000539313e+00 1.853635608561191006e+01
1.992103374012921702e+00 1.753022902872475797e+01
1.988178398710370720e+00 1.731383517250018045e+01
1.984268859492313242e+00 1.725140626486864903e+01
1.980198019801980180e+00 1.931529616182893605e+01
1.976143849029731170e+00 1.990036451474828993e+01
1.972281449893390270e+00 1.877237483786886685e+01
1.968434119524738790e+00 1.961643403357462390e+01
1.964427926732147389e+00 2.024409905768772333e+01
1.960438007771105440e+00 2.301323794494900099e+01
1.956636700158646214e+00 2.376434871552629957e+01
1.952678335825490219e+00 1.948396939848204568e+01
1.948735955056179581e+00 2.398374327134089157e+01
1.944979849307867603e+00 2.263090891625361323e+01
1.941068462009268192e+00 2.138900486621250607e+01
1.937172774869110103e+00 1.968433526474334982e+01
1.933292693546982299e+00 2.185301486558427442e+01
1.929428124456804783e+00 2.084499023747411783e+01
1.925578974759302620e+00 2.488819978754748874e+01
1.921745152354570774e+00 2.141348930140159368e+01
1.917926565874729761e+00 2.185458231726397926e+01
1.914123124676668564e+00 2.182536262724041976e+01
1.910334738834867929e+00 2.247136036026597239e+01
1.906397595534564449e+00 2.323705710337788233e+01
1.902639698320192307e+00 2.202310708485180513e+01
1.898896587118295898e+00 2.564131805631042127e+01
1.895006402048655669e+00 1.991591858960966377e+01
1.891293235644913695e+00 2.299301435184316134e+01
1.887594592296573337e+00 1.994056402414341633e+01
1.883750530335171813e+00 2.158591161694745253e+01
1.879922093318654897e+00 2.213729963949491264e+01
1.876109186174258481e+00 2.775242858333240292e+01
1.872469635627530327e+00 2.622381523247036128e+01
1.868844178802929301e+00 2.793112754803468434e+01
1.865076031252625555e+00 2.187537351062695734e+01
1.861323048545317160e+00 2.618719238196085186e+01
1.857585139318885137e+00 2.329860602563500649e+01
1.853862212943632626e+00 2.286992204377263604e+01
1.850154179514959640e+00 2.359421710679501061e+01
1.846460949846128408e+00 2.482347993380675533e+01
1.842782435461110646e+00 2.426550783372809406e+01
1.839118548587523660e+00 2.728527132654051357e+01
1.835469202149648371e+00 2.403789440809558187e+01
1.831834309761531498e+00 2.449073359880060252e+01
1.828213785720168127e+00 2.166660986746807893e+01
1.824457593688362911e+00 1.959911112861514226e+01
1.820716804724022087e+00 2.212025312948624389e+01
1.817140050748956126e+00 2.186055378052354214e+01
1.813577322114206192e+00 2.047259200080195640e+01
1.810028536485935424e+00 1.964611923584113384e+01
1.806346623270952190e+00 1.925206453359090375e+01
1.802679658952497155e+00 1.910543869456916966e+01
1.799173352783856261e+00 1.953885357864320582e+01
1.795535425428663734e+00 1.804466147021064870e+01
1.791912180159819012e+00 2.060711652406196137e+01
1.788447595263030765e+00 1.738434527143091302e+01
1.784852870236372402e+00 1.808934293794906978e+01
1.781272566797721169e+00 2.229918083234628057e+01
1.777706598334400701e+00 1.758091628280942587e+01
1.774154878925917167e+00 1.758839741119394873e+01
1.770617323337055682e+00 1.712827893094879173e+01
1.767093847011064200e+00 1.745625830524862110e+01
1.763584366062916908e+00 1.727362977962760127e+01
1.759949262723957686e+00 1.717738249881460177e+01
1.756468075005934049e+00 1.789295628764689283e+01
1.753000631711939761e+00 1.713705641357055143e+01
1.749408983451536281e+00 1.706651468112918479e+01
1.745969327565867202e+00 1.759250612449725892e+01
1.742543171114599998e+00 1.722346149745418487e+01
1.738994203352655532e+00 1.770972575711149588e+01
1.735595340473770509e+00 1.867517750879685323e+01
1.732209737827715479e+00 1.714567916385824731e+01
1.728702694284379282e+00 1.820878317451000328e+01
1.725209822816288652e+00 1.731087826871569391e+01
1.721731037691949684e+00 1.740229105282013222e+01
1.718266253869968896e+00 1.705578141835020034e+01
1.714815386992120994e+00 1.712716504609300827e+01
1.711378353376503014e+00 1.730259248568663466e+01
1.707955070010771070e+00 1.745263469716108773e+01
1.704545454545454808e+00 1.753952767856194583e+01
1.701149425287356243e+00 1.755029291486740206e+01
1.697766901193025202e+00 1.716315587891028471e+01
1.694397801862311370e+00 1.710833639452714294e+01
1.691042047531992498e+00 1.785836690277365690e+01
1.687699559069484101e+00 1.709076763608639027e+01
1.684370257966616435e+00 1.711188124390051968e+01
1.681054066333484975e+00 1.707771523113149925e+01
1.677624121514395661e+00 1.709428324032221980e+01
1.674208144796380138e+00 1.708258602767256917e+01
1.670931807918109246e+00 1.712643045007274623e+01
1.667668269230769384e+00 1.737374705924987595e+01
1.664292675612864425e+00 1.712563098158317132e+01
1.660930719736645411e+00 1.704609602210953057e+01
1.657582319121929215e+00 1.711200064922537223e+01
1.654247391952309965e+00 1.759624933478272979e+01
1.651048639000446405e+00 1.736781715309464147e+01
1.647739924293030400e+00 1.718549118864076419e+01
1.644444444444444597e+00 1.760983093477524619e+01
1.641162120204036512e+00 1.779479414514720403e+01
1.637892872952633860e+00 1.734870451772616562e+01
1.634636624696266693e+00 1.762922796564996375e+01
1.631273422000147244e+00 1.710861765196255391e+01
1.628043414491052943e+00 1.721955685889446031e+01
1.624826172875649677e+00 1.705154451071271282e+01
1.621621621621621712e+00 1.708880852664654171e+01
1.618429685791353601e+00 1.716693668856170163e+01
1.615132775554747324e+00 1.716347447720800190e+01
1.611849270311478843e+00 1.735408602320986304e+01
1.608695652173912638e+00 1.754845580090843882e+01
1.605554350184422052e+00 1.715890952613779419e+01
1.602309635510645869e+00 1.746756615842291538e+01
1.599078009075848072e+00 1.708322160229895914e+01
1.595859391848178044e+00 1.715348669794755310e+01
1.592653705430805422e+00 1.704926746738476595e+01
1.589460872055559859e+00 1.711992776312683517e+01
1.586280814576634501e+00 1.707398762030856787e+01
1.583113456464379842e+00 1.827254045406325034e+01
1.579958721799160637e+00 1.736673600154272279e+01
1.576816535265288532e+00 1.842861126240602943e+01
1.573686822145034414e+00 1.760983055687146503e+01
1.570569508312699147e+00 1.722784216750664754e+01
1.567464520228764702e+00 1.720548844724186921e+01
1.564371784934113219e+00 1.709957792755467310e+01
1.561181434599155926e+00 1.704449927930577502e+01
1.558004070461084911e+00 1.704834734182911404e+01
1.554948518596343865e+00 1.704265255853857397e+01
1.551904928346731438e+00 1.707902248547630819e+01
1.548765173712850718e+00 1.707927328004773671e+01
1.545638097890412732e+00 1.713558777772333030e+01
1.542630810923494078e+00 1.712522810660157901e+01
1.539528432732315988e+00 1.720792181457662906e+01
1.536438507855214963e+00 1.712886686267963654e+01
1.533360961458765104e+00 1.717503133061623899e+01
1.530295719307919855e+00 1.716576328074344460e+01
1.527242707760044338e+00 1.713438338945245931e+01
1.524201853759011183e+00 1.713978000075731956e+01
1.521173084829381628e+00 1.773803703465414472e+01
1.518052516411378283e+00 1.795677228905916678e+01
1.515048113014399345e+00 1.828055189949427728e+01
1.512055578259092981e+00 1.755921302211086044e+01
1.508972267536704548e+00 1.722329397360706338e+01
1.506003663252153846e+00 1.718126835905781746e+01
1.503046716316858378e+00 1.720357746846644176e+01
1.500000000000000222e+00 1.742977924953436997e+01
1.496965610249494150e+00 1.912395146781436495e+01
1.494044013729053377e+00 1.729010482002181703e+01
1.491133799032777763e+00 1.861499725006564532e+01
1.488135138758546860e+00 2.050497618879969863e+01
1.485148514851484913e+00 1.995022065713421711e+01
1.482173854987314687e+00 1.930646450745924625e+01
1.479211087420042592e+00 2.060723089254483043e+01
1.476260140976193513e+00 2.002680524719365707e+01
1.473320945049110486e+00 1.977533804015215679e+01
1.470393429593323420e+00 1.905040084433214176e+01
1.467477525118984660e+00 1.920489732491763490e+01
1.464476548584999094e+00 2.033193661729469781e+01
1.461487820934825432e+00 1.810461833456698955e+01
1.458607095926412578e+00 1.876303794273821524e+01
1.455737704918032671e+00 1.866479964625954935e+01
1.452879581151832245e+00 2.027768438131586848e+01
1.449937953105610022e+00 2.151611903145097315e+01
1.447008212749315570e+00 2.020307319119882905e+01
1.444184231069476798e+00 2.088403689396198715e+01
1.441277673180549446e+00 1.970162867791123773e+01
1.438382791240119030e+00 2.276937536664756223e+01
1.435499515033947793e+00 2.353223899611413472e+01
1.432627774909653873e+00 2.209053554916564721e+01
1.429767501771108451e+00 2.189700409588165897e+01
1.426918627072888412e+00 2.089062876980813144e+01
1.424081082814805388e+00 2.191372022276245346e+01
1.421254801536491641e+00 1.996319714300195614e+01
1.418439716312056786e+00 2.290164191154443074e+01
1.415545495122106923e+00 2.164519422720097452e+01
1.412752959144711440e+00 2.230066155224768210e+01
1.409971419498253553e+00 2.463181554640278392e+01
1.407111618178360501e+00 2.132217570407026130e+01
1.404263394269087417e+00 2.503028957476966454e+01
1.401515151515151603e+00 2.782523653848791412e+01
1.398777644760884842e+00 2.212050294087291036e+01
1.395963025844180194e+00 2.406497157010861088e+01
1.393159711327266903e+00 2.437365116506130036e+01
1.390367633243564827e+00 2.147625502630532424e+01
1.387586724170260410e+00 2.351606907230890897e+01
1.384816917222880805e+00 2.542352085615918611e+01
1.382058146049928382e+00 2.595119637338266116e+01
1.379310344827586299e+00 2.654847205260820786e+01
1.376573448254480247e+00 2.148097179133549517e+01
1.373847391546506369e+00 2.694010848200150576e+01
1.371047430830039549e+00 2.703158190913073611e+01
1.368258859784283521e+00 2.402409904649623229e+01
1.365565602509688281e+00 2.724345270026527643e+01
1.362882927128737265e+00 2.402387782502316327e+01
1.360127435363313264e+00 2.450609174168902626e+01
1.357383063283399416e+00 2.311721765165552966e+01
1.354732409837065887e+00 2.423893437796160910e+01
1.352009744214372589e+00 2.075169385157935764e+01
1.349298000364675287e+00 2.169796017664872423e+01
1.346597112701686028e+00 1.911360661107968184e+01
1.343907016163206070e+00 2.224963010581835832e+01
1.341227646205896518e+00 1.783328675208281311e+01
1.338558938800120446e+00 1.833632926432021293e+01
1.335900830424840757e+00 1.850284348261756051e+01
1.333173192409320196e+00 1.809529763443413941e+01
1.330536409949055754e+00 1.831460895396158151e+01
1.327910037085775929e+00 1.818335042940946167e+01
1.325214899713467176e+00 1.838606361890112595e+01
1.322609472743520920e+00 1.776023695202097841e+01
1.320014270424545000e+00 1.770363713025689378e+01
1.317351056254450592e+00 1.803150432161794114e+01
1.314698566860120543e+00 2.044477553201780751e+01
1.312056737588652267e+00 1.715599082707236889e+01
1.309425504305768539e+00 1.717765173164346493e+01
1.306804803390628322e+00 1.723080761924449433e+01
1.304194571730701524e+00 1.741716469529425382e+01
1.301594746716698170e+00 1.794112052308012295e+01
1.299005266237565515e+00 1.711641395289975165e+01
1.296426068675543330e+00 1.716386187800309315e+01
1.293857092901270489e+00 1.722219809502573185e+01
1.291298278268962152e+00 1.720370076712082863e+01
1.288749564611633591e+00 1.711632188547961775e+01
1.286136376803197923e+00 1.711179623788992288e+01
1.283533765032377261e+00 1.721737792765498298e+01
1.281015579919215108e+00 1.719851250658126318e+01
1.278433630866685711e+00 1.710606820278584905e+01
1.275862068965517127e+00 1.710708554387801428e+01
1.273373867156131656e+00 1.710747047644412078e+01
1.270822600034346994e+00 1.712435109691672608e+01
1.268281535648994707e+00 1.710927736677541589e+01
1.265750612919778417e+00 1.711153296899874832e+01
1.263229771252986966e+00 1.711118234758770029e+01
1.260718950536657390e+00 1.711764894978285412e+01
1.258146783791442180e+00 1.711248995109829707e+01
1.255656108597284604e+00 1.711376355998972087e+01
1.253175275190516524e+00 1.712879941840661502e+01
1.250633767111712258e+00 1.712326560621691840e+01
1.248102546803845581e+00 1.712011791641473835e+01
1.245651442037930545e+00 1.711829119291285295e+01
1.243209945679565331e+00 1.712362392473617945e+01
1.240708657016710514e+00 1.712981072128143722e+01
1.238217413129566680e+00 1.712553137678974480e+01
1.235736153632062351e+00 1.712690916961232901e+01
1.233264818621187420e+00 1.716477823972622474e+01
1.230803348672173891e+00 1.716599776843283109e+01
1.228351684833730140e+00 1.718045317347129242e+01
1.225909768623336671e+00 1.722787341053690824e+01
1.223477542022595399e+00 1.779652920615858491e+01
1.221054947472635988e+00 1.745440532048728599e+01
1.218575035678998830e+00 1.795101586971897945e+01
1.216105176663927923e+00 1.834980923035708145e+01
1.213711661472855585e+00 1.765890066130413061e+01
1.211327549517105640e+00 1.885107322967409971e+01
1.208886952733609021e+00 1.779645714555665137e+01
1.206456170860279231e+00 1.750950682798193725e+01
1.204035144809632252e+00 1.788889879226339730e+01
1.201623815967523656e+00 1.848189685632937440e+01
1.199286910485656943e+00 1.722187289720787362e+01
1.196894543886133144e+00 1.749116626702854660e+01
1.194447433552136006e+00 1.803867963309871314e+01
1.192074316705149517e+00 1.726590061475243587e+01
1.189710610932475987e+00 1.724297856432005460e+01
1.187356260362624871e+00 1.737968131491952306e+01
1.185011209565495882e+00 1.753094272409150634e+01
1.182612401448966288e+00 1.736101247336350184e+01
1.180223285486443396e+00 1.765016632610063851e+01
1.177843803056026983e+00 1.775860021335320127e+01
1.175536139793486923e+00 1.730124016428662870e+01
1.173237501321213516e+00 1.757584091533278681e+01
1.170886075949367111e+00 1.737220226116808064e+01
1.168544057269186309e+00 1.806942318575796591e+01
1.166211388947257843e+00 1.828451035200608388e+01
1.163888015099087569e+00 1.790129807435544151e+01
1.161573880284638038e+00 1.816105725339814470e+01
1.159208396428384802e+00 1.753634427314585764e+01
1.156852527357998817e+00 1.856022549354886308e+01
1.154566257541085994e+00 1.927919061570669612e+01
1.152289006540018645e+00 1.920899373710620139e+01
1.150020721094073606e+00 2.071738604782606430e+01
1.147702011063433725e+00 1.951295292211324650e+01
1.145392632339284011e+00 1.854441334880735326e+01
1.143092528706039834e+00 1.860676917000628094e+01
1.140801644398766745e+00 1.872817737205178901e+01
1.138578315724689594e+00 1.898141261710970085e+01
1.136305471669140310e+00 1.845165756602674634e+01
1.133983756448893709e+00 2.555539562150538302e+01
1.131729200652528355e+00 1.885489144487236501e+01
1.129483591961332856e+00 1.918298672813148187e+01
1.127246877221488974e+00 1.922756911998968121e+01
1.125019003699386788e+00 2.006050707214200912e+01
1.122743134577454116e+00 2.046216355029451250e+01
1.120476454852874504e+00 1.955162599251186961e+01
1.118218908981010395e+00 1.921922997980994552e+01
1.116026543334003529e+00 2.254599255567914895e+01
1.113842757513421322e+00 1.755331733669966709e+01
1.111611837163887451e+00 1.822889678381544343e+01
1.109389835590425255e+00 1.775814836543542086e+01
1.107176699416487997e+00 1.742358649697268191e+01
1.104972375690607800e+00 1.811831309571832449e+01
1.102776811882171915e+00 1.767138652534860555e+01
1.100535395597858290e+00 1.780685041481767428e+01
1.098303072280215842e+00 1.821628860850143283e+01
1.096133906087986887e+00 1.801836675501341034e+01
1.093973291282708260e+00 1.753618158793079829e+01
1.091767483033343256e+00 1.731426454472894250e+01
1.089570552147239413e+00 1.740514115133887429e+01
1.087435709037472664e+00 1.725747520610314467e+01
1.085256159561986733e+00 1.725206197742348735e+01
1.083085329560423471e+00 1.722456410984420927e+01
1.080923166812737479e+00 1.725716734610988823e+01
1.078769619515039802e+00 1.722473265437460554e+01
1.076624636275460789e+00 1.725468100539213268e+01
1.074436163004549583e+00 1.723919637563234275e+01
1.072308361107086050e+00 1.731237487985134038e+01
1.070188970304666531e+00 1.723199436109894833e+01
1.068026556335995192e+00 1.723548414728045941e+01
1.065872863453043662e+00 1.723798068017466179e+01
1.063778810676122566e+00 1.727356719386953188e+01
1.061692969870875025e+00 1.723907869305111262e+01
1.059564719358533802e+00 1.724034649313251322e+01
1.057444984281223022e+00 1.724454084579326008e+01
1.055333713633770598e+00 1.724988261401267664e+01
1.053230856817534811e+00 1.724887579484287059e+01
1.051136363636363757e+00 1.725609555510543913e+01
1.049000614279639088e+00 1.726847500466714891e+01
1.046873526360464046e+00 1.725300680675416132e+01
1.044804216867470048e+00 1.725509827191654111e+01
1.042743071864725257e+00 1.725772980115748823e+01
1.040641260019687708e+00 1.726176400395230814e+01
1.038547904191616800e+00 1.726331840895215919e+01
1.036511345597161293e+00 1.728672552251458328e+01
1.034434555705698644e+00 1.727234208616685152e+01
1.032366071428571397e+00 1.727928157542046961e+01
1.030305843040794311e+00 1.727432495289601988e+01
1.028253821213525043e+00 1.727640790274273996e+01
1.026209957010123519e+00 1.727594742029081942e+01
1.024126954836923842e+00 1.728188698398514234e+01
1.022099447513812098e+00 1.728134560938892150e+01
1.020079952212470609e+00 1.730721611172844376e+01
1.018021736139771871e+00 1.730457598287593157e+01
1.015971809070522980e+00 1.729323219299332948e+01
1.013930121032199150e+00 1.729078077196652430e+01
1.011942747743641347e+00 1.730573873786722316e+01
1.009963149993176046e+00 1.730848163620033375e+01
1.007945516458569779e+00 1.729998517492749599e+01
1.005935928225111908e+00 1.730091352214325795e+01
1.003888939133580571e+00 1.730400082123902195e+01
1.001850264001083124e+00 1.734934024113167794e+01
1.000405569825605134e+00 1.733086958826148560e+01
