9.990999099909990022e+00 1.229936113946914666e+01
9.968567579703636383e+00 1.229718312814176073e+01
9.950694755714925677e+00 1.229575502353191396e+01
9.932885906040267443e+00 1.229617987698614812e+01
9.910714285714286476e+00 1.229258081093589539e+01
9.888641425389755213e+00 1.229083623545169957e+01
9.871053801689640750e+00 1.228883762832760951e+01
9.853528628495338282e+00 1.228881817031383505e+01
9.831709477413642873e+00 1.228595391248027546e+01
9.809986743261157827e+00 1.228502544344484804e+01
9.792677547419497586e+00 1.228428209379792335e+01
9.775429326287978782e+00 1.228373800135016580e+01
9.753954305799647173e+00 1.228154265599449424e+01
9.732573432704954897e+00 1.227910097786068988e+01
9.715536105032821723e+00 1.227793587111532858e+01
9.694323144104803447e+00 1.227685826737086217e+01
9.673202614379086128e+00 1.227599206138134136e+01
9.656372335798172557e+00 1.227715723083078991e+01
9.639600521059486837e+00 1.227539680199384797e+01
9.618717504332755297e+00 1.227969172696391809e+01
9.597924773022048939e+00 1.227898493024408921e+01
9.581355200690548912e+00 1.229179005276024483e+01
9.560723514211884932e+00 1.243242082454085562e+01
9.540180489901159078e+00 1.228049511783540382e+01
9.523809523809523725e+00 1.228078973629892090e+01
9.503424657534246478e+00 1.229091166263222590e+01
9.483126868859462988e+00 1.234880110788703078e+01
9.466950959488272588e+00 1.228642437551915734e+01
9.446808510638296852e+00 1.238326080988923827e+01
9.426751592356687581e+00 1.227010513692259863e+01
9.410767274268758698e+00 1.227119245138943171e+01
9.390862944162437387e+00 1.231129277025222990e+01
9.371042634022792583e+00 1.226794041192531637e+01
9.351305812973883747e+00 1.257528666254162886e+01
9.331651954602774524e+00 1.232054286156296818e+01
9.315988250104910051e+00 1.228144969185829183e+01
9.296482412060301570e+00 1.269680932538111939e+01
9.277058086084410959e+00 1.227578868461132089e+01
9.261576971214017462e+00 1.230130535574853567e+01
9.242298084929226221e+00 1.229304773331562650e+01
9.223099293726630066e+00 1.225791299195408968e+01
9.203980099502487633e+00 1.226266305067936635e+01
9.184940008274720569e+00 1.529020663029790228e+01
9.165978530140380443e+00 1.234649848778923342e+01
9.147095179233620144e+00 1.225405885934531725e+01
9.132044426162073236e+00 1.224501314902961369e+01
9.113300492610838077e+00 1.224478366929610651e+01
9.094633346988938882e+00 1.225879803771674759e+01
9.076042518397384740e+00 1.224584670527855756e+01
9.057527539779680836e+00 1.224642022275924802e+01
9.039087947882736174e+00 1.224484834190805849e+01
9.020723283218202937e+00 1.224112705876529361e+01
9.006085192697769415e+00 1.224538763050973600e+01
8.987854251012146634e+00 1.225758553081989355e+01
8.969696969696970612e+00 1.224655514450371285e+01
8.951612903225806051e+00 1.224305005799333479e+01
8.933601609657946696e+00 1.226170002622664157e+01
8.915662650602408590e+00 1.223918535108566452e+01
8.897795591182363850e+00 1.223981449695170021e+01
8.880000000000000782e+00 1.223926660100777930e+01
8.862275449101796099e+00 1.223725894191444041e+01
8.844621513944222357e+00 1.230465857581138778e+01
8.827037773359842632e+00 1.223717985561490096e+01
8.809523809523808424e+00 1.224129807780425061e+01
8.792079207920791006e+00 1.223861938675820937e+01
8.774703557312252045e+00 1.223925107812762292e+01
8.757396449704142327e+00 1.223612726662993566e+01
8.740157480314961091e+00 1.224391732254147769e+01
8.719560094265514039e+00 1.224426813727418839e+01
8.702469619756959318e+00 1.226265396245241313e+01
8.685446009389670152e+00 1.225365091177741839e+01
8.668488871534556495e+00 1.224392906522631819e+01
8.651597817614964825e+00 1.241627304003000454e+01
8.634772462077012989e+00 1.224379840356767346e+01
8.618012422360248337e+00 1.224100000859379911e+01
8.597986057319907616e+00 1.234535657291769972e+01
8.581368380363356252e+00 1.248616276300787931e+01
8.564814814814813104e+00 1.224033109629114513e+01
8.548324990373508570e+00 1.224917868494689444e+01
8.531898539584933161e+00 1.224210035521547013e+01
8.515535097813579313e+00 1.224473910085976236e+01
8.499234303215926545e+00 1.236291814969936986e+01
8.479755538579066609e+00 1.231609382882118275e+01
8.463591307662980512e+00 1.225801070501506373e+01
8.447488584474884377e+00 1.225816330316464153e+01
8.428246013667425984e+00 1.243423553004781468e+01
8.412277377794620037e+00 1.279518428970515842e+01
8.396369137670196992e+00 1.230312360284209205e+01
8.377358490566036764e+00 1.226974810271581084e+01
8.361581920903955023e+00 1.225475481017709001e+01
8.345864661654134764e+00 1.396637509134133914e+01
8.330206378986867222e+00 1.237388596267581065e+01
8.314606741573033588e+00 1.228401702841679288e+01
8.295964125560535862e+00 1.224698982989827734e+01
8.277404921700224349e+00 1.228291579116821453e+01
8.262002232973577165e+00 1.266645143003523444e+01
8.246656760772660633e+00 1.387244161794900954e+01
8.228317272053372378e+00 1.233592338386217868e+01
8.213096559378469053e+00 1.268716516847908693e+01
8.197932053175774669e+00 1.241968759842197301e+01
8.179808400884303055e+00 1.241586534630338434e+01
8.164766458256710990e+00 1.334550374642252990e+01
8.149779735682820103e+00 1.238810240466912660e+01
8.131868131868131400e+00 1.993552531642754744e+01
8.114035087719297934e+00 1.240292213443398595e+01
8.099233856256839559e+00 1.237629329330206041e+01
8.084486525855790973e+00 1.574023160127003962e+01
8.066860465116279855e+00 1.768665242082158784e+01
8.049311094996374649e+00 1.725115373584945999e+01
8.034744842562432154e+00 1.279400376355588520e+01
8.020231213872833109e+00 1.315500118348121816e+01
8.002883922134103045e+00 3.647965998775442387e+01
7.985611510791366996e+00 1.272110128304521481e+01
7.971274685816876371e+00 3.521686206873774694e+01
7.956989247311827107e+00 1.281393756581783272e+01
7.939914163090129762e+00 1.426203135087450313e+01
7.922912205567451238e+00 1.359990034721891305e+01
7.905982905982906317e+00 1.327955017174561902e+01
7.891930323498043798e+00 1.380857221282661129e+01
7.877927608232789147e+00 1.624394666264454656e+01
7.861189801699715929e+00 1.343889988150040438e+01
7.844522968197880530e+00 1.525654016668121216e+01
7.827926657263751586e+00 1.425570679050962219e+01
7.811400422237859686e+00 1.301209550184329622e+01
7.797681770284509817e+00 1.864428349985182365e+01
7.784011220196353165e+00 1.304226159409403785e+01
7.767669699090272495e+00 1.365482259734193526e+01
7.751396648044692306e+00 1.452175753808895742e+01
7.735191637630661532e+00 1.337911411717852239e+01
7.719054242002781230e+00 1.358120139924009884e+01
7.702984038861901084e+00 1.434125369616985246e+01
7.689643228264634089e+00 1.437243707655966318e+01
7.676348547717842585e+00 2.023928811650474913e+01
7.660455486542442571e+00 4.233883296105067728e+01
7.644628099173553792e+00 1.329524793876051980e+01
7.628865979381442841e+00 1.324085991720636635e+01
7.613168724279835153e+00 1.273579115171035170e+01
7.597535934291580695e+00 1.360469275313297999e+01
7.581967213114753967e+00 1.322392899875561589e+01
7.566462167689161689e+00 1.441197698728760201e+01
7.551020408163265252e+00 1.392846542212248018e+01
7.535641547861506417e+00 1.503729516002615441e+01
7.520325203252031798e+00 1.357280261403918331e+01
7.505070993914807254e+00 1.612469577792127851e+01
7.489878542510121306e+00 1.331674381071528046e+01
7.477265072414954084e+00 1.756510254538297744e+01
7.464694014794888588e+00 1.308921334264000258e+01
7.449664429530201026e+00 1.933615185812910298e+01
7.434695244474212927e+00 1.310988101382215909e+01
7.419786096256684615e+00 1.600594637663602882e+01
7.404936624416277091e+00 1.422599006811022981e+01
7.390146471371504155e+00 1.456877298371911245e+01
7.375415282392026484e+00 1.381108641784508961e+01
7.360742705570291200e+00 1.298485660064737068e+01
7.346128391793514290e+00 2.421103539054513476e+01
7.331571994715985419e+00 1.293835145590901448e+01
7.317073170731706711e+00 1.306243287856340451e+01
7.300230187438342178e+00 1.295996741171002498e+01
7.283464566929133355e+00 1.346851267025431120e+01
7.269155206286836979e+00 1.318193709595878893e+01
7.254901960784313708e+00 1.294985505536556225e+01
7.240704500978473845e+00 1.246181029424826470e+01
7.226562499999999112e+00 1.347738049032211372e+01
7.212475633528264929e+00 1.253454970599094942e+01
7.198443579766537148e+00 1.355714730963945414e+01
7.184466019417476090e+00 1.243914178634365442e+01
7.170542635658915920e+00 1.239124860481778967e+01
7.156673114119922907e+00 1.248345860223611226e+01
7.142857142857143238e+00 1.247935568348566626e+01
7.129094412331406616e+00 1.246450008933981302e+01
7.113104774110861506e+00 1.879869651406467312e+01
7.097186700767264433e+00 1.235812598895748415e+01
7.083599234205489203e+00 1.245987870681087450e+01
7.070063694267515686e+00 1.247733036634047998e+01
7.056579783852510168e+00 1.235247870866179731e+01
7.043147208121826708e+00 1.295769492832223513e+01
7.029765674477517656e+00 1.248601720631639189e+01
7.014218009478672577e+00 1.240398300164908285e+01
6.998738965952080449e+00 1.358493294936974927e+01
6.985525487728129868e+00 2.125031666450142964e+01
6.972361809045225733e+00 1.238210244541327221e+01
6.959247648902821659e+00 1.322618224843581736e+01
6.946182728410514429e+00 1.242102623644034232e+01
6.931002185451140107e+00 1.255554960357666161e+01
6.915887850467289155e+00 1.233484631052056990e+01
6.902985074626866613e+00 1.418772266005953320e+01
6.890130353817504272e+00 1.241657591549793871e+01
6.875193558377206138e+00 1.276511969834536409e+01
6.860321384425215108e+00 1.454151162678678766e+01
6.847624922887106891e+00 1.249487097467819829e+01
6.834975369458128114e+00 1.252377427909095964e+01
6.820276497695852314e+00 1.430320377685010591e+01
6.805640711220109829e+00 1.246630173056046154e+01
6.793145654834760627e+00 1.574443853162328644e+01
6.780696395846060653e+00 1.269728540127436389e+01
6.766229807985369327e+00 1.239729594579637251e+01
6.751824817518248700e+00 1.242415275550524534e+01
6.739526411657558391e+00 1.250594872598211005e+01
6.727272727272727515e+00 1.250232003801663971e+01
6.713032960387057990e+00 1.284265461124390484e+01
6.698853349426674875e+00 1.244537272625645130e+01
6.686746987951806886e+00 1.279677643544833110e+01
6.672678088367898219e+00 1.284821024420082836e+01
6.658668266346730924e+00 1.245913284254511133e+01
6.646706586826347518e+00 1.281950992082198582e+01
6.632805497460412703e+00 1.573913610213011616e+01
6.618962432915921568e+00 1.250416267866929410e+01
6.607142857142857650e+00 1.240994185588518839e+01
6.593406593406593963e+00 1.481811277937471871e+01
6.579727326615293137e+00 1.311137144300659685e+01
6.566104702750665822e+00 1.291501407834977044e+01
6.552538370720188965e+00 1.255178381835897916e+01
6.540954625810253553e+00 1.254777236639340821e+01
6.527491914142897755e+00 1.273369200550645530e+01
6.514084507042253946e+00 1.464580183107535127e+01
6.500732064421669953e+00 1.630994700611919157e+01
6.487434248977206330e+00 1.592579762238145236e+01
6.476079346557759742e+00 1.298530945146362114e+01
6.462882096069869853e+00 1.333800440729022085e+01
6.449738524113887372e+00 1.252738020619352710e+01
6.436648303856189912e+00 1.278728089108526866e+01
6.423611111111111605e+00 1.320368790974537632e+01
6.410626624314178734e+00 1.377697636806160197e+01
6.397694524495677548e+00 1.249395010780970416e+01
6.384814495254530264e+00 1.305093099859416661e+01
6.371986222732490823e+00 1.486632610762040052e+01
6.359209395588655944e+00 1.255062263040811033e+01
6.346483704974270168e+00 1.546766882704138801e+01
6.333808844507846203e+00 1.312079628911703999e+01
6.321184510250569488e+00 1.242649514808098310e+01
6.308610400682011843e+00 1.241066967266321264e+01
6.296086216676119562e+00 1.267406239945411706e+01
6.283611661477497279e+00 1.243356225138872873e+01
6.271186440677967155e+00 1.243806144282658899e+01
6.258810262193402529e+00 1.294748469046682260e+01
6.246482836240853764e+00 1.256058515447775648e+01
6.234203875315921906e+00 1.247246720155775712e+01
6.221973094170404117e+00 1.258084771775205901e+01
6.209790209790209126e+00 1.266341734442293898e+01
6.197654941373534676e+00 1.273467266725580060e+01
6.185567010309278579e+00 1.349671605645060701e+01
6.171809841534611429e+00 1.302301265796274166e+01
6.159822419533851345e+00 1.289966254018108316e+01
6.147881473276100905e+00 1.295263678482413461e+01
6.135986733001658422e+00 1.251543378825267183e+01
6.124137931034482563e+00 1.256177838951885839e+01
6.110652353426918815e+00 1.618917539263278371e+01
6.098901098901099438e+00 1.250414204428116527e+01
6.087194954757335630e+00 1.251221064377576297e+01
6.073871409028726909e+00 1.776903602767885104e+01
6.062261059530311691e+00 1.263607798420786743e+01
6.050695012264922568e+00 1.424393685987830338e+01
6.037530595594233773e+00 1.312285851464122644e+01
6.026058631921824116e+00 1.249805862654924482e+01
6.014630181522623076e+00 1.325968880861044141e+01
6.001622060016221560e+00 1.254628545042038112e+01
5.990286022665946675e+00 1.306607985614578205e+01
5.978992728252087829e+00 1.262724378266275238e+01
5.966138134909970248e+00 1.319668903025150541e+01
5.953338696701528043e+00 1.273053685859650308e+01
5.942184154175588873e+00 1.729383792807539422e+01
5.931071333155223613e+00 1.422519465876370681e+01
5.918421754198880613e+00 1.269716023912996050e+01
5.905826017557861185e+00 1.264207258547931900e+01
5.894848645778013818e+00 1.629420371986667604e+01
5.883912006360985103e+00 1.610287714230001299e+01
5.871462576038084968e+00 1.265374848154068133e+01
5.859065716547901204e+00 1.276598813781023090e+01
5.848261327713381696e+00 1.257530824355801080e+01
5.837496713121220537e+00 1.466466871999114829e+01
5.825242718446602019e+00 1.318056423327803728e+01
5.813040062843676914e+00 1.268969652378648760e+01
5.800888424353279227e+00 1.254153436292857116e+01
5.788787483702737546e+00 1.253844274561792815e+01
5.778240499739719205e+00 1.338188780693690205e+01
5.767731878409977142e+00 1.299479952106863223e+01
5.755768732175265967e+00 1.263059834091693112e+01
5.743855109961189420e+00 1.356283890164673522e+01
5.731990704879938114e+00 1.302822077225029496e+01
5.720175212574078571e+00 1.286316556980937875e+01
5.708408331190536700e+00 1.676993434660941418e+01
5.698151950718686187e+00 1.256915869208574321e+01
5.687932359723289366e+00 1.265646047785431172e+01
5.676297622091537320e+00 1.285693588254213360e+01
5.664710385302373474e+00 1.258103155903607728e+01
5.653170359052711369e+00 1.273456635267764447e+01
5.641677255400253443e+00 1.316608556026876187e+01
5.630230788739538639e+00 1.261041791897207531e+01
5.618830675778283990e+00 1.263845318746477631e+01
5.607476635514019314e+00 1.285413029900550974e+01
5.596168389210991023e+00 1.260749916395783465e+01
5.584905660377358139e+00 1.309414047837704587e+01
5.573688174742655654e+00 1.279427918427258781e+01
5.562515660235529680e+00 1.273991918288737679e+01
5.551387846961739925e+00 1.266157807689428516e+01
5.540304467182430415e+00 1.263463313173711455e+01
5.529265255292652448e+00 1.263230027992785232e+01
5.518269947800148678e+00 1.266226024799227723e+01
5.507318283304391215e+00 1.263306023259550415e+01
5.496410002475860423e+00 1.263668068773210251e+01
5.485544848035582177e+00 1.264768040602714017e+01
5.474722564734895158e+00 1.274237288915157507e+01
5.463942899335465953e+00 1.319637576712161398e+01
5.453205600589535962e+00 1.266223644716888863e+01
5.442510419220396578e+00 1.268065170616984361e+01
5.431857107903106829e+00 1.267335159788996179e+01
5.421245421245420637e+00 1.298410059087902368e+01
5.410675115768949439e+00 1.269117354302108325e+01
5.398832684824903083e+00 1.268597858147859725e+01
5.387041980101916927e+00 1.269020436834544086e+01
5.376604504722693356e+00 1.269769286100089545e+01
5.366207396664250062e+00 1.288896570227533545e+01
5.355850422195415739e+00 1.319943288110971658e+01
5.345533349385986455e+00 1.277348177370876314e+01
5.335255948089401734e+00 1.273237178351640964e+01
5.323741007194243480e+00 1.272964045712828884e+01
5.312275664034458167e+00 1.274431023478031122e+01
5.302125626940530800e+00 1.275323214819043827e+01
5.292014302741359089e+00 1.276954357275426588e+01
5.281941470378300529e+00 1.277482049078375148e+01
5.271906910472571539e+00 1.281333777301281707e+01
5.260663507109004655e+00 1.289511908118772610e+01
5.249467959328446121e+00 1.335886995105505193e+01
5.239556289827708824e+00 1.401143271641284471e+01
5.229681978798586428e+00 1.448183563818872166e+01
5.218617771509168612e+00 1.631013373321295035e+01
5.207600281491906458e+00 1.319110071021318653e+01
5.197845937719503873e+00 1.311270762738645068e+01
5.188128067305444624e+00 1.292275614637404679e+01
5.177238805970149294e+00 1.346887183141708455e+01
5.166395159413544214e+00 1.761335713648826129e+01
5.156794425087108280e+00 1.305602674023807275e+01
5.146036161335187487e+00 1.288390942643308712e+01
5.135322692574601611e+00 1.286024386078119441e+01
5.125836989148002232e+00 1.286155394465833979e+01
5.115207373271889679e+00 1.483786376136183982e+01
5.104621752126925038e+00 1.288183910060644166e+01
5.095249024558182072e+00 1.297242556962937243e+01
5.084745762711865069e+00 1.290058723182248990e+01
5.074285714285714732e+00 1.290364316512495435e+01
5.065023956194386834e+00 1.291054314271599068e+01
5.054644808743169904e+00 1.291820398472642850e+01
5.044308111792774163e+00 1.292976102929800852e+01
5.034013605442177131e+00 1.301049768907237159e+01
5.023761031907671537e+00 1.296641234621882610e+01
5.014682629320081020e+00 1.295987152749925819e+01
5.004508566275924331e+00 1.297566528431653943e+01
4.994375703037120751e+00 1.298871448241502335e+01
4.984283789851818192e+00 1.299483931407714010e+01
4.974232578982746844e+00 1.304210862381786029e+01
4.964221824686940288e+00 1.302851452480316219e+01
4.954251283195715949e+00 1.304818260666191776e+01
4.944320712694877606e+00 1.415433845738077068e+01
4.934429873305179015e+00 1.309831853659957801e+01
4.924578527062998923e+00 1.309896257430648880e+01
4.914766437901262108e+00 1.316584100567460069e+01
4.904993371630579801e+00 1.341422321257400618e+01
4.895259095920617476e+00 1.359950294705272000e+01
4.885563380281690016e+00 1.493824014285946156e+01
4.875905996046562940e+00 1.375486015438586662e+01
4.866286716352477448e+00 1.364798565357232363e+01
4.856705316123386851e+00 1.380664327660024249e+01
4.847161572052401723e+00 1.393278288657307584e+01
4.836601307189543064e+00 1.511965975868344536e+01
4.827136333985649230e+00 1.375386145393848381e+01
4.817708333333333037e+00 1.730831248265600308e+01
4.808317089018843582e+00 1.424688137279421163e+01
4.798962386511024469e+00 1.397971182933807555e+01
4.788610871440896588e+00 1.384067049285149587e+01
4.779332615715823351e+00 1.341045846723795165e+01
4.770090244950579539e+00 1.335667549787735808e+01
4.759862778730703070e+00 1.342697835069918710e+01
4.750695484699337001e+00 1.747434891504437005e+01
4.741563434429731494e+00 1.339023020190358260e+01
4.731457800511509326e+00 1.343658077795267403e+01
4.722399489470325840e+00 1.350126409814775030e+01
4.713375796178344679e+00 1.345596521555137848e+01
4.703389830508475811e+00 1.347965088067865302e+01
4.694438570522309284e+00 1.353527659092068802e+01
4.685521317011398068e+00 1.379750584378647815e+01
4.675652906486941873e+00 1.355702935272932130e+01
4.665825977301387262e+00 1.360549686302209160e+01
4.657016991818754725e+00 1.362051241512864763e+01
4.648241206030150785e+00 1.364248771348118794e+01
4.638529043042207256e+00 1.367976123806977284e+01
4.628857381150959682e+00 1.371322667361497949e+01
4.619225967540574906e+00 1.375134895628523779e+01
4.610591900311526992e+00 1.378327796441882924e+01
4.601990049751243816e+00 1.382047628764987124e+01
4.592470004137360284e+00 1.386073829382467260e+01
4.582989265070190221e+00 1.391401015376567862e+01
4.573547589616810072e+00 1.395087133764243426e+01
4.564144736842105310e+00 1.399684445696663815e+01
4.555715165195977967e+00 1.404223424746871274e+01
4.547316673494469441e+00 1.413142276844048340e+01
4.538021259198692370e+00 1.414301421421122562e+01
4.528763769889841306e+00 1.420074223774838629e+01
4.519543973941368975e+00 1.426088117520475329e+01
4.510361641609102357e+00 1.437813464944005126e+01
4.501216545012166392e+00 1.439471839209270421e+01
4.492108458114124403e+00 1.464887223886847423e+01
4.483037156704360982e+00 1.460175426877927940e+01
4.474002418379685153e+00 1.777314331671452763e+01
4.465004022526145810e+00 1.590229369028234530e+01
4.456041750301083404e+00 1.597002804906129825e+01
4.447115384615384137e+00 1.617146752256608266e+01
4.438224710115953542e+00 1.969256244166540881e+01
4.429369513168396111e+00 1.827346145773124775e+01
4.420549581839904540e+00 2.123593955821275614e+01
4.411764705882352366e+00 2.231858665710569056e+01
4.403014676715588216e+00 2.424963140811538764e+01
4.394299287410926347e+00 2.418211305599451322e+01
4.385618332674831699e+00 2.180196789819336090e+01
4.376971608832807448e+00 2.008451476247596901e+01
4.368358913813459310e+00 2.484916607026028856e+01
4.359780047132757019e+00 2.236030389903259419e+01
4.351234809878479659e+00 2.511821562182569778e+01
4.342723004694835964e+00 3.082384109450149623e+01
4.334244435767279136e+00 3.277284168924236241e+01
4.324956165984804812e+00 3.619669582477053638e+01
4.315707620528772104e+00 3.399627624579692053e+01
4.307334109429568514e+00 3.453791930694676182e+01
4.298993028659954696e+00 5.027671663463116403e+01
4.290684190181677238e+00 3.571974992249656111e+01
4.282407407407406552e+00 4.827558274268389482e+01
4.274162495186753397e+00 3.786583066762900529e+01
4.265129682997118366e+00 4.918540145264606167e+01
4.256134969325152895e+00 4.139944769737029162e+01
4.247990815154993882e+00 3.613154666585755592e+01
4.239877769289534193e+00 6.496607617916131971e+01
4.230989136649513149e+00 3.377615583339791527e+01
4.222137694941042518e+00 3.601037765043140126e+01
4.214123006833712992e+00 2.809211426049160920e+01
4.206138688897310018e+00 2.963719915368914570e+01
4.197390811117414522e+00 2.488230006372253555e+01
4.188679245283018382e+00 1.805660143537140172e+01
4.180790960451976623e+00 1.719539961022066876e+01
4.172148092463822344e+00 1.677230921275059572e+01
4.163540885221305388e+00 1.640663150585246299e+01
4.155746911269187827e+00 1.617186680065798754e+01
4.147207173547543313e+00 1.591820038429995599e+01
4.138702460850112175e+00 1.573080887715792642e+01
4.131001116486788582e+00 1.554802724918317836e+01
4.122562674094708335e+00 1.539766887796978345e+01
4.114158636026686189e+00 1.524057568978524202e+01
4.106548279689234526e+00 1.512524777592992642e+01
4.098209340963633096e+00 1.499664206311901715e+01
4.089904200442151527e+00 1.488664100652933087e+01
4.081632653061224580e+00 1.479167737972597330e+01
4.073394495412844485e+00 1.471518486200595000e+01
4.065189525727888942e+00 1.459763712989886564e+01
4.057017543859649855e+00 1.451141288144874864e+01
4.048878351267553910e+00 1.449446713294367051e+01
4.040771751001092760e+00 1.437629890933394528e+01
4.032697547683923744e+00 1.429931107588887329e+01
4.024655547498187325e+00 1.424927116277432582e+01
4.016645558168987939e+00 1.417772621845622893e+01
4.008667388949079147e+00 1.412189311215114706e+01
4.000720850603713075e+00 1.405744302270710655e+01
3.992805755395683498e+00 1.401531078322506119e+01
3.984921917070543884e+00 1.395134819200237786e+01
3.977069150841991529e+00 1.391494675920152702e+01
3.969247273377435992e+00 1.385812621025045921e+01
3.960749330954504543e+00 1.385336707519551425e+01
3.952991452991453158e+00 1.377727292937374237e+01
3.945263906166696977e+00 1.380384521167000145e+01
3.937566512947853425e+00 1.368056510478043641e+01
3.929899097185342693e+00 1.366180210450272092e+01
3.921568627450980227e+00 1.361009804316798899e+01
3.913963328631876237e+00 1.360848326877117209e+01
3.906387471405947664e+00 1.368805589470446193e+01
3.898156277436348294e+00 1.353145868000507512e+01
3.890641430073606966e+00 1.352948185460376784e+01
3.883155501136960286e+00 1.349938959084073709e+01
3.875021818816547725e+00 1.409189164072036959e+01
3.866922139000174230e+00 1.341676401759465342e+01
3.859527121001390615e+00 1.339031780806612915e+01
3.852160333159812211e+00 1.348429696079214501e+01
3.844155844155844104e+00 1.395904049853027118e+01
3.836184551581130364e+00 1.330818899098813546e+01
3.828906519489478910e+00 1.348214121582365088e+01
3.821656050955414052e+00 1.343034567477087471e+01
3.813777701425872912e+00 1.342081034557620889e+01
3.805931767529573406e+00 1.372825053376674909e+01
3.798118049615055725e+00 1.330491582028965603e+01
3.790336349667065008e+00 1.360179685528397719e+01
3.783231083844580844e+00 1.320204214875722037e+01
3.776152406871916778e+00 1.315356171500563676e+01
3.768460363265999202e+00 1.323391183782001157e+01
3.760799593427071041e+00 1.309191390660842558e+01
3.753169907016061124e+00 1.312240802073558221e+01
3.745571115235364346e+00 1.306398531498491877e+01
3.738003030813268346e+00 1.308084917891562249e+01
3.730465467988573369e+00 1.304167748186747389e+01
3.722958242495388426e+00 1.301613123160699992e+01
3.715481171548116635e+00 1.348574495789706873e+01
3.708034073826624422e+00 1.354521134255667469e+01
3.700616769461576805e+00 1.297398171065469619e+01
3.693229080019963639e+00 1.301093008529961281e+01
3.685870828490785733e+00 1.317329086316347286e+01
3.678541839270919489e+00 1.293513570357998255e+01
3.671241938151149409e+00 1.293021520406325919e+01
3.663970952302360029e+00 1.294957381742139724e+01
3.656728710261901494e+00 1.317694578698337260e+01
3.649515041920105229e+00 1.330952587507307605e+01
3.642329778506972815e+00 1.297092368761201975e+01
3.635172752579007405e+00 1.289205847810804961e+01
3.628043798006210796e+00 1.376127621485074570e+01
3.620942749959223494e+00 1.287025216182152576e+01
3.613281250000000888e+00 1.292525215069396261e+01
3.605652103297060762e+00 1.309162233458777358e+01
3.598638353055600092e+00 1.284722035367071591e+01
3.591651836272447440e+00 1.333984910230656595e+01
3.584692394639108493e+00 1.303562665225406647e+01
3.577759871071716447e+00 1.370330176478088013e+01
3.570279832743646686e+00 1.294508228512934522e+01
3.562831006259027600e+00 1.317847825356960278e+01
3.555982700624699788e+00 1.451175301966250153e+01
3.549160671462830319e+00 1.299277971320053204e+01
3.541799617102743714e+00 1.618577094617639389e+01
3.534469033593376608e+00 1.328102640525519895e+01
3.527729222946131227e+00 1.348934335591634159e+01
3.520456707897241078e+00 1.311051239741495600e+01
3.513214116157619582e+00 1.284528411830703298e+01
3.506555046596114611e+00 1.298183821711381292e+01
3.499369482976040224e+00 1.380426071826168766e+01
3.492213308164228813e+00 1.391108693850934763e+01
3.485633537447009100e+00 1.315864140958805883e+01
3.478533375117518478e+00 1.320195650660310704e+01
3.471462079749805252e+00 1.327961112590452153e+01
3.464960199781489170e+00 1.374057415554543660e+01
3.457943925233644578e+00 1.628293271993245739e+01
3.450956008083320370e+00 1.826792028897802211e+01
3.443996276760782127e+00 1.291620351805125111e+01
3.437064561077566083e+00 1.289327110890209838e+01
3.430160692212608886e+00 1.646936786347082915e+01
3.423284502698535459e+00 1.358795486799200525e+01
3.416435826408125376e+00 1.539855400409289921e+01
3.409614498540931571e+00 1.528593279647370373e+01
3.402820355610054914e+00 1.344552759415047483e+01
3.396053235429095984e+00 1.449190317809204487e+01
3.389312977099236512e+00 1.360301543124079693e+01
3.382599420996495798e+00 1.551649633228600145e+01
3.375912408759124350e+00 1.355253011335747715e+01
3.369251783275156065e+00 1.417915858433743637e+01
3.362617388670100294e+00 1.298698494678906101e+01
3.355501813784764753e+00 1.590654977901629330e+01
3.348921405943581231e+00 1.301019754085163527e+01
3.342366757000903021e+00 1.432288218440328365e+01
3.335837716003005049e+00 1.914948178833763137e+01
3.329334133173365462e+00 1.448692067745141010e+01
3.322358575276862958e+00 1.635047473011544739e+01
3.315907393577296691e+00 2.399886233152866666e+01
3.309481216457961228e+00 1.654983568696430751e+01
3.302588515322820495e+00 1.328623840265717071e+01
3.295724465558194538e+00 1.357826003490669464e+01
3.289376203882056426e+00 1.314097765878319812e+01
3.283052351375332467e+00 1.357120244145291288e+01
3.276269185360094482e+00 1.299731096976059064e+01
3.269513991163476074e+00 1.400360562675935761e+01
3.263266206085550625e+00 1.454040899117827479e+01
3.257042253521126973e+00 1.458987807845626605e+01
3.250366032210834977e+00 1.473522246930497204e+01
3.243717124488603609e+00 1.490368075954556559e+01
3.237095363079614430e+00 1.520071843563369285e+01
3.230500582072176829e+00 1.468380026653835024e+01
3.223932616903863124e+00 1.375542901619928315e+01
3.217857660530511588e+00 1.326151043652713213e+01
3.211805555555555802e+00 1.371144660949281224e+01
3.205313312157089811e+00 1.295497771252274610e+01
3.198847262247839218e+00 1.504388790753722382e+01
3.192407247627264688e+00 1.318731923143029228e+01
3.185993111366245412e+00 1.444034779362201881e+01
3.179604697794328416e+00 1.249920236685684927e+01
3.173241852487135528e+00 1.524823935960480448e+01
3.166904422253923101e+00 1.304017282319443538e+01
3.160592255125284300e+00 1.251459172945720866e+01
3.154305200341006366e+00 1.250801436843974379e+01
3.148043108338060225e+00 1.242539321315510037e+01
3.141805830738749528e+00 1.265097125509943332e+01
3.135593220338982690e+00 1.237143547396268239e+01
3.129405131096701265e+00 1.246930524191533074e+01
3.123241418120427770e+00 1.275398254190121428e+01
3.116664326828583409e+00 1.235658287750810302e+01
3.110114878117120174e+00 1.238775136860932768e+01
3.104026845637584131e+00 1.239334554267644783e+01
3.097962601172202124e+00 1.233796600837486324e+01
3.091922005571030585e+00 1.247951889246140134e+01
3.085904920767306159e+00 1.232324526948282006e+01
3.079483978360382679e+00 1.237789750885382389e+01
3.073089700996677998e+00 1.232858629664301908e+01
3.067145620337110135e+00 1.230978262251087685e+01
3.061224489795918657e+00 1.231570691223314995e+01
3.054905738268886672e+00 1.235472846470043251e+01
3.048613018401538532e+00 1.232650033133404754e+01
3.042763157894736725e+00 1.230505589212826401e+01
3.036935704514363898e+00 1.231284520471555943e+01
3.030716723549487845e+00 1.232164248402997941e+01
3.024523160762943252e+00 1.252419714884400648e+01
3.018765297797116443e+00 1.233724949581112185e+01
3.012620436965666837e+00 1.241443777890041567e+01
3.006500541711809138e+00 1.241583342115828081e+01
3.000405460197324015e+00 1.231424754077196226e+01
2.994335041812786535e+00 1.235850870519127298e+01
2.988691437802907469e+00 1.237978894522803230e+01
2.982668278919790694e+00 1.270302451490372420e+01
2.976669348350763578e+00 1.239339704637817086e+01
2.970694500200723009e+00 1.239746123091191166e+01
2.964743589743589425e+00 1.246390096752711862e+01
2.958816473410635695e+00 1.230047420058161123e+01
2.952913008778930593e+00 1.229899215727448514e+01
2.947033054559936360e+00 1.230602742585793052e+01
2.941176470588235503e+00 1.230931263158747235e+01
2.935343117810392588e+00 1.230101476449042686e+01
2.929532858273951046e+00 1.230524970629640968e+01
2.923745555116554762e+00 1.231587841202750866e+01
2.917597581811013363e+00 1.233294827808276040e+01
2.911857292759706173e+00 1.232240644351158743e+01
2.906139547061133754e+00 1.235897992892816788e+01
2.900444212176639613e+00 1.238529862983686769e+01
2.894771156604511564e+00 1.235289395622804953e+01
2.888744307091737351e+00 1.248009574643865527e+01
2.882742500973899169e+00 1.351033076229304264e+01
2.877138413685847773e+00 1.280486303658587666e+01
2.871556072953046268e+00 1.270663592920124607e+01
2.865625403381954595e+00 1.283576452981337823e+01
2.860087606287039286e+00 1.506155981926458587e+01
2.854571171402854546e+00 1.425200172532647969e+01
2.848710381111253298e+00 1.501505318884283291e+01
2.842873607376104061e+00 1.576348368927210686e+01
2.837060702875399798e+00 1.862944075300902469e+01
2.831632653061224580e+00 1.431855742153338262e+01
2.826225334182049576e+00 2.214109805919871121e+01
2.820480243933426667e+00 1.761016827162325527e+01
2.814758463294028346e+00 1.724624953981220798e+01
2.809059850689611171e+00 1.930267328142315364e+01
2.803384265690112453e+00 2.310317964827537551e+01
2.797731568998109264e+00 1.630589400978297121e+01
2.792101622437428876e+00 1.799279530397072691e+01
2.786494288941885333e+00 2.088030610914454144e+01
2.780909432544156346e+00 2.091797675218880315e+01
2.775346918364795634e+00 2.353385488230362910e+01
2.769806612601372287e+00 2.125797415698647796e+01
2.764288382517743337e+00 2.326291046491801850e+01
2.758792096433452912e+00 2.432901072221443783e+01
2.753317623713257944e+00 2.118266842156037910e+01
2.747864834756776897e+00 2.080357613109708126e+01
2.742433600988264164e+00 1.783791237424239640e+01
2.737023794846504821e+00 1.508216743992909947e+01
2.731635289774824393e+00 1.458997787205323604e+01
2.726267960211224750e+00 1.584318471791088889e+01
2.720921681578624352e+00 1.976461318692609836e+01
2.715264187866927692e+00 1.772684212953170402e+01
2.709630172098132395e+00 1.987611953507348872e+01
2.704348885369716182e+00 2.334138731981665060e+01
2.699088145896656687e+00 4.672534243735105264e+01
2.693847834000727914e+00 2.919173256827637886e+01
2.688302252361346234e+00 2.550437690908312760e+01
2.682779456193353784e+00 2.631419461974457619e+01
2.677602219273911732e+00 3.178450117186189061e+01
2.672123254694270589e+00 2.107096859752072504e+01
2.666666666666666519e+00 1.703300272805109827e+01
2.661551372737081866e+00 1.385035674468606715e+01
2.656137832017229083e+00 1.312664977876477934e+01
2.650746268656716698e+00 1.452557879425048881e+01
2.645691812656417952e+00 1.389518749413102938e+01
2.640342530922930475e+00 1.281833470498972716e+01
2.635014836795252169e+00 1.290494966393515774e+01
2.629708599857853546e+00 1.385218529456959935e+01
2.624423690743586945e+00 1.488823157423913557e+01
2.619469026548672641e+00 1.422073856866240682e+01
2.614225153085256714e+00 1.498406783135414244e+01
2.609002232929839238e+00 1.467611969714686282e+01
2.603800140745953229e+00 1.523833438589321432e+01
2.598618752194779447e+00 1.277142032820627193e+01
2.593457943925233877e+00 1.533985674869590277e+01
2.588015854511541480e+00 1.393059464668220926e+01
2.582897033158813471e+00 1.320169492596745897e+01
2.577798420808174562e+00 1.291920701099038205e+01
2.572719898018310136e+00 1.436851683965549142e+01
2.567661346287300805e+00 1.608900730458087480e+01
2.562326869806093921e+00 1.291705144329336186e+01
2.557309065775831947e+00 1.239729496026992983e+01
2.552310876063462519e+00 1.232726476283497341e+01
2.547039926571821766e+00 1.251250363142715827e+01
2.542081758845757822e+00 1.224953064820975079e+01
2.537142857142857366e+00 1.236424200414949226e+01
2.531934306569342930e+00 1.330246425113188025e+01
2.526747097655360985e+00 1.223244054169337147e+01
2.521581099500227019e+00 1.218952792720728517e+01
2.516721460151910339e+00 1.229927107842236822e+01
2.511880515953835769e+00 1.225336299952785346e+01
2.506775067750677266e+00 1.240630544426295501e+01
2.501690331304935899e+00 1.505349468468533836e+01
2.496626180836707398e+00 1.220282419500761506e+01
2.491582491582491343e+00 1.212555848530504399e+01
2.486559139784946026e+00 1.217442124275962811e+01
2.481556002682763218e+00 1.212306205406334669e+01
2.476572958500669497e+00 1.216139821189575621e+01
2.471885090747132807e+00 1.212895641111940215e+01
2.467214936652589508e+00 1.213226631663534505e+01
2.462289263531499461e+00 1.248543896325058533e+01
2.457111234089651486e+00 1.237670180174696455e+01
2.451954937044400484e+00 1.213636261961499940e+01
2.447089947089946982e+00 1.235048254293296210e+01
2.442244224422442045e+00 1.225912184713151731e+01
2.437417654808958556e+00 1.225170647283633762e+01
2.432610124917817362e+00 1.216317071332083977e+01
2.427821522309711710e+00 1.238732637133916370e+01
2.423051735428945364e+00 1.227190927839292556e+01
2.418300653594771532e+00 1.227462522219750696e+01
2.413305794108055125e+00 1.208789852835917600e+01
2.408331525276632856e+00 1.275666711957070731e+01
2.403637938501515858e+00 1.392185806145853277e+01
2.398962610762913616e+00 1.248899404401090507e+01
2.394047233904885275e+00 1.325352472004461291e+01
2.389151958674128551e+00 1.236838660289340552e+01
2.384532760472609425e+00 1.275317205544829591e+01
2.379931389365351979e+00 1.256414687008274989e+01
2.375093612923932618e+00 1.383825327147138218e+01
2.370275464445868341e+00 1.491542201594379691e+01
2.365728900255754219e+00 1.374674138537883827e+01
2.360948633414867714e+00 1.261892264175236456e+01
2.356187645935045705e+00 1.314205019837220512e+01
2.351445821417222692e+00 1.302362327083456606e+01
2.346723044397462932e+00 1.331098990898463796e+01
2.342019200337587925e+00 1.336080824840295200e+01
2.337334175615919385e+00 1.268423953527662462e+01
2.332667857518125665e+00 1.256216312799167767e+01
2.328020134228188098e+00 1.258877484577960537e+01
2.323390894819465480e+00 1.337220572040724775e+01
2.318780029245873564e+00 1.712685227774884922e+01
2.314187428333159602e+00 1.312730717032504302e+01
2.309612983770287009e+00 1.356632971428924250e+01
2.305056588100923953e+00 1.326473385395789251e+01
2.300279763755050499e+00 1.327071154414307941e+01
2.295760082730093021e+00 1.724043585411164514e+01
2.291258127773764475e+00 1.562735407450473168e+01
2.286538263466886711e+00 1.338908142743098573e+01
2.282072368421052655e+00 1.378522561971094973e+01
2.277623884272084176e+00 1.253900271559036028e+01
2.272959967236613199e+00 1.272640384957420778e+01
2.268315111883110191e+00 1.272032216539263949e+01
2.263689201590700417e+00 1.424293713655412752e+01
2.259312029309993974e+00 1.249652249717063590e+01
2.254951752158456113e+00 1.226766771109616982e+01
2.250380131779016857e+00 1.324152989579379813e+01
2.245827010622154951e+00 1.259183051083683935e+01
2.241292276627965929e+00 1.239527394785761949e+01
2.236775818639798796e+00 1.251325714454412541e+01
2.232277526395173961e+00 1.345406386123716835e+01
2.227797290516809081e+00 1.234498432983255434e+01
2.223335002503755486e+00 1.217032365423727214e+01
2.218890554722638075e+00 1.206995633368265786e+01
2.214463840399002237e+00 1.215649324469995562e+01
2.210054753608760247e+00 1.203705500016534380e+01
2.205663189269746471e+00 1.238616530426537921e+01
2.201289043133366263e+00 1.423639219827413527e+01
2.196932211776347899e+00 1.226853609413421076e+01
2.192592592592592204e+00 1.202605653837752442e+01
2.188270083785115450e+00 1.327569968678343670e+01
2.183964584358091265e+00 1.208395091544461231e+01
2.179675994108983605e+00 1.205877547678256256e+01
2.175191064079952774e+00 1.208882346101024119e+01
2.170724552654736961e+00 1.218077199834048940e+01
2.166487752512930243e+00 1.219448868472170844e+01
2.162267458848738499e+00 1.223646319306671515e+01
2.157853810264385608e+00 1.208147367383133464e+01
2.153458143369871181e+00 1.226503505820691586e+01
2.149288411269242083e+00 1.217478130858445340e+01
2.144927536231884257e+00 1.198419348739840906e+01
2.140584321666184842e+00 1.198561720669448505e+01
2.136464247906842306e+00 1.197550394704163246e+01
2.132155205532078490e+00 1.199516513629013836e+01
2.127863510016294146e+00 1.197135208869290501e+01
2.123589056820355925e+00 1.197028079705465942e+01
2.119331742243436789e+00 1.198035045484423833e+01
2.115091463414634276e+00 1.205964219766530121e+01
2.110868118284682016e+00 1.204173925255262922e+01
2.106661605617764721e+00 1.202142359902121704e+01
2.102471824983425996e+00 1.221633349513506950e+01
2.098298676748581837e+00 1.214818569186308395e+01
2.094142062069616284e+00 1.216116979485488159e+01
2.090001882884579665e+00 1.427686522803111480e+01
2.085682074408117259e+00 1.278063955275720076e+01
2.081575246132207901e+00 1.245557532386529509e+01
2.077484559236383532e+00 1.253921138554226289e+01
2.073216286888307724e+00 1.338423268434676316e+01
2.069158355857954934e+00 1.875115724153042152e+01
2.065116279069767025e+00 1.606750949827118902e+01
2.060898626067582562e+00 1.397116997254653370e+01
2.056698165647582233e+00 1.556405441049771099e+01
2.052704576976421613e+00 1.391993597848940034e+01
2.048726467331118517e+00 1.394766294499657455e+01
2.044575428255663851e+00 1.378972761798165081e+01
2.040441176470587870e+00 1.298940980824232128e+01
2.036323610346725488e+00 1.254386912580869584e+01
2.032222629073599407e+00 1.253204220356096066e+01
2.028138132651196912e+00 1.239201062894257532e+01
2.024070021881838155e+00 1.370058978500442137e+01
2.020018198362147466e+00 1.374150226698301402e+01
2.015982564475117922e+00 1.658160584682974203e+01
2.011963023382273175e+00 1.804942395819057310e+01
2.007959479015919424e+00 1.502776421769467063e+01
2.003971836071493318e+00 1.745238773239049124e+01
2.000000000000000000e+00 1.432344188317439837e+01
1.996043877000539313e+00 1.280079557612040020e+01
1.992103374012921702e+00 1.217933162471999076e+01
1.988178398710370720e+00 1.211273901547063581e+01
1.984268859492313242e+00 1.211668593044736220e+01
1.980198019801980180e+00 1.224998892895887259e+01
1.976143849029731170e+00 1.255743049669623623e+01
1.972281449893390270e+00 1.328318396207365204e+01
1.968434119524738790e+00 1.417331622271071900e+01
1.964427926732147389e+00 1.461151264896452240e+01
1.960438007771105440e+00 1.614986856785514391e+01
1.956636700158646214e+00 1.458029644982153883e+01
1.952678335825490219e+00 1.367891848808199207e+01
1.948735955056179581e+00 1.452719602766698159e+01
1.944979849307867603e+00 1.323294280314586402e+01
1.941068462009268192e+00 1.240056731635600329e+01
1.937172774869110103e+00 1.198259170728900358e+01
1.933292693546982299e+00 1.200443674640079728e+01
1.929428124456804783e+00 1.199432387160323010e+01
1.925578974759302620e+00 1.292289678633769512e+01
1.921745152354570774e+00 1.201600322311704794e+01
1.917926565874729761e+00 1.206020961753934806e+01
1.914123124676668564e+00 1.202823837744658775e+01
1.910334738834867929e+00 1.203946127251843734e+01
1.906397595534564449e+00 1.210774508982807340e+01
1.902639698320192307e+00 1.205672025074622944e+01
1.898896587118295898e+00 1.313307607715596959e+01
1.895006402048655669e+00 1.201511146458665458e+01
1.891293235644913695e+00 1.208672824670368939e+01
1.887594592296573337e+00 1.208752987089862607e+01
1.883750530335171813e+00 1.226796036842147686e+01
1.879922093318654897e+00 1.237847879803051931e+01
1.876109186174258481e+00 1.342480556278546722e+01
1.872469635627530327e+00 1.232212277163083058e+01
1.868844178802929301e+00 1.227104550092200519e+01
1.865076031252625555e+00 1.210585969095458658e+01
1.861323048545317160e+00 1.392291625431438540e+01
1.857585139318885137e+00 1.218869872535526788e+01
1.853862212943632626e+00 1.208708905410786372e+01
1.850154179514959640e+00 1.208762220147619537e+01
1.846460949846128408e+00 1.256822500275304044e+01
1.842782435461110646e+00 1.216633529616962051e+01
1.839118548587523660e+00 1.255660747427513435e+01
1.835469202149648371e+00 1.210697119172324676e+01
1.831834309761531498e+00 1.364966746868431535e+01
1.828213785720168127e+00 1.203840283382167797e+01
1.824457593688362911e+00 1.199264334388412045e+01
1.820716804724022087e+00 1.205913541301002034e+01
1.817140050748956126e+00 1.329248690022667212e+01
1.813577322114206192e+00 1.206630872730652548e+01
1.810028536485935424e+00 1.198140635787556896e+01
1.806346623270952190e+00 1.196352354916609073e+01
1.802679658952497155e+00 1.213714664259990172e+01
1.799173352783856261e+00 1.199679533240487217e+01
1.795535425428663734e+00 1.212797775929707633e+01
1.791912180159819012e+00 1.246555545605570359e+01
1.788447595263030765e+00 1.223274667019337691e+01
1.784852870236372402e+00 1.220967975506810177e+01
1.781272566797721169e+00 1.248649138965239125e+01
1.777706598334400701e+00 1.212008873779984874e+01
1.774154878925917167e+00 1.225387271219233831e+01
1.770617323337055682e+00 1.205257601685808488e+01
1.767093847011064200e+00 1.219610406687667137e+01
1.763584366062916908e+00 1.198940557570338328e+01
1.759949262723957686e+00 1.216031362412269345e+01
1.756468075005934049e+00 1.204088534160365676e+01
1.753000631711939761e+00 1.201927403306401843e+01
1.749408983451536281e+00 1.199954671556518448e+01
1.745969327565867202e+00 1.205336260657151648e+01
1.742543171114599998e+00 1.201856402871773710e+01
1.738994203352655532e+00 1.254141455563141605e+01
1.735595340473770509e+00 1.214186703865915717e+01
1.732209737827715479e+00 1.210086917148342600e+01
1.728702694284379282e+00 1.228532482158908579e+01
1.725209822816288652e+00 1.217139571958358424e+01
1.721731037691949684e+00 1.237170239942174632e+01
1.718266253869968896e+00 1.203761724028046487e+01
1.714815386992120994e+00 1.211822303441717530e+01
1.711378353376503014e+00 1.237986600845694696e+01
1.707955070010771070e+00 1.250752525224860001e+01
1.704545454545454808e+00 1.252736924138335084e+01
1.701149425287356243e+00 1.238647813853997448e+01
1.697766901193025202e+00 1.217402196901578115e+01
1.694397801862311370e+00 1.208343288299175633e+01
1.691042047531992498e+00 1.257287606730984209e+01
1.687699559069484101e+00 1.203079005923023459e+01
1.684370257966616435e+00 1.209021773261162025e+01
1.681054066333484975e+00 1.202227247784477271e+01
1.677624121514395661e+00 1.207866293240155819e+01
1.674208144796380138e+00 1.208080387213276019e+01
1.670931807918109246e+00 1.208645070912948150e+01
1.667668269230769384e+00 1.221371026356137790e+01
1.664292675612864425e+00 1.226042266650821588e+01
1.660930719736645411e+00 1.201642222154534778e+01
1.657582319121929215e+00 1.205672768402184936e+01
1.654247391952309965e+00 1.250393407154092529e+01
1.651048639000446405e+00 1.250447641718231573e+01
1.647739924293030400e+00 1.236820919685397868e+01
1.644444444444444597e+00 1.260503106456555322e+01
1.641162120204036512e+00 1.261540808378721934e+01
1.637892872952633860e+00 1.228966680130655931e+01
1.634636624696266693e+00 1.234547221682625207e+01
1.631273422000147244e+00 1.211418335284940007e+01
1.628043414491052943e+00 1.211478472185960342e+01
1.624826172875649677e+00 1.197268661805136070e+01
1.621621621621621712e+00 1.198753916757757843e+01
1.618429685791353601e+00 1.205227789603165256e+01
1.615132775554747324e+00 1.204452031059188677e+01
1.611849270311478843e+00 1.228038468445181586e+01
1.608695652173912638e+00 1.272589571408528464e+01
1.605554350184422052e+00 1.249019497701227976e+01
1.602309635510645869e+00 1.279247821060316959e+01
1.599078009075848072e+00 1.211702819494699135e+01
1.595859391848178044e+00 1.197934183324899138e+01
1.592653705430805422e+00 1.196194350183623101e+01
1.589460872055559859e+00 1.196786904511801097e+01
1.586280814576634501e+00 1.196713859094739085e+01
1.583113456464379842e+00 1.282631571488874478e+01
1.579958721799160637e+00 1.252701872623869406e+01
1.576816535265288532e+00 1.335128439415625223e+01
1.573686822145034414e+00 1.289215620189036748e+01
1.570569508312699147e+00 1.237748621220988987e+01
1.567464520228764702e+00 1.200764658156097298e+01
1.564371784934113219e+00 1.195656059120655179e+01
1.561181434599155926e+00 1.195589802717010208e+01
1.558004070461084911e+00 1.195608507695393818e+01
1.554948518596343865e+00 1.195580966256712330e+01
1.551904928346731438e+00 1.195678769106081596e+01
1.548765173712850718e+00 1.196396110329564522e+01
1.545638097890412732e+00 1.198001872358841702e+01
1.542630810923494078e+00 1.201523313789239822e+01
1.539528432732315988e+00 1.217516990455095005e+01
1.536438507855214963e+00 1.210434927500273616e+01
1.533360961458765104e+00 1.207698087676056176e+01
1.530295719307919855e+00 1.201005835022764856e+01
1.527242707760044338e+00 1.197963918655809046e+01
1.524201853759011183e+00 1.197777736613273802e+01
1.521173084829381628e+00 1.196404440425268945e+01
1.518052516411378283e+00 1.196432869021694145e+01
1.515048113014399345e+00 1.196876012037396642e+01
1.512055578259092981e+00 1.196578718173909373e+01
1.508972267536704548e+00 1.196527336169600630e+01
1.506003663252153846e+00 1.196612956165620290e+01
1.503046716316858378e+00 1.196802986943165692e+01
1.500000000000000222e+00 1.197169676159739637e+01
1.496965610249494150e+00 1.206795940768583719e+01
1.494044013729053377e+00 1.204727003739944635e+01
1.491133799032777763e+00 1.197709932959643986e+01
1.488135138758546860e+00 1.201588638769865369e+01
1.485148514851484913e+00 1.210373974097569949e+01
1.482173854987314687e+00 1.200203404004200358e+01
1.479211087420042592e+00 1.212546311558628176e+01
1.476260140976193513e+00 1.264105135737403351e+01
1.473320945049110486e+00 1.209283128964320753e+01
1.470393429593323420e+00 1.202535189014951555e+01
1.467477525118984660e+00 1.200511978168161775e+01
1.464476548584999094e+00 1.202483505103312567e+01
1.461487820934825432e+00 1.199294116818594702e+01
1.458607095926412578e+00 1.200585952540970069e+01
1.455737704918032671e+00 1.199707096984736054e+01
1.452879581151832245e+00 1.203190841663408328e+01
1.449937953105610022e+00 1.217369340466514238e+01
1.447008212749315570e+00 1.239516911986097014e+01
1.444184231069476798e+00 1.325245679737878035e+01
1.441277673180549446e+00 1.245855976333402104e+01
1.438382791240119030e+00 1.277299971746675311e+01
1.435499515033947793e+00 1.665262911588214578e+01
1.432627774909653873e+00 1.429156158565489498e+01
1.429767501771108451e+00 1.239427756899170951e+01
1.426918627072888412e+00 1.207672165528782315e+01
1.424081082814805388e+00 1.207081451644100412e+01
1.421254801536491641e+00 1.222296713713630290e+01
1.418439716312056786e+00 1.308876888796776505e+01
1.415545495122106923e+00 1.227595849980354359e+01
1.412752959144711440e+00 1.214598511577582407e+01
1.409971419498253553e+00 1.236526674737990206e+01
1.407111618178360501e+00 1.225874153655000320e+01
1.404263394269087417e+00 1.236684029959604381e+01
1.401515151515151603e+00 1.298812479884211335e+01
1.398777644760884842e+00 1.262009873209163580e+01
1.395963025844180194e+00 1.233530063434161406e+01
1.393159711327266903e+00 1.281481543072946572e+01
1.390367633243564827e+00 1.223257340438626706e+01
1.387586724170260410e+00 1.225481300288647546e+01
1.384816917222880805e+00 1.299776444233402550e+01
1.382058146049928382e+00 1.251671187295474219e+01
1.379310344827586299e+00 1.365178578421138411e+01
1.376573448254480247e+00 1.222522846468530666e+01
1.373847391546506369e+00 1.358428443382866746e+01
1.371047430830039549e+00 1.251885343987360066e+01
1.368258859784283521e+00 1.223393337381616242e+01
1.365565602509688281e+00 1.428145639294259439e+01
1.362882927128737265e+00 1.234959781326294070e+01
1.360127435363313264e+00 1.227646144458883093e+01
1.357383063283399416e+00 1.315265607197396669e+01
1.354732409837065887e+00 1.309099930252000554e+01
1.352009744214372589e+00 1.216847406187969227e+01
1.349298000364675287e+00 1.221974185598246621e+01
1.346597112701686028e+00 1.213173313418051968e+01
1.343907016163206070e+00 1.244573498620092877e+01
1.341227646205896518e+00 1.213998137500917274e+01
1.338558938800120446e+00 1.211368259194709296e+01
1.335900830424840757e+00 1.239424209768330520e+01
1.333173192409320196e+00 1.204995231935164490e+01
1.330536409949055754e+00 1.242551981182001697e+01
1.327910037085775929e+00 1.203696131472987751e+01
1.325214899713467176e+00 1.209381150456218101e+01
1.322609472743520920e+00 1.212077925484389063e+01
1.320014270424545000e+00 1.209061193639587017e+01
1.317351056254450592e+00 1.209918674772739422e+01
1.314698566860120543e+00 1.228349008885509974e+01
1.312056737588652267e+00 1.204103169761215852e+01
1.309425504305768539e+00 1.204151282499089071e+01
1.306804803390628322e+00 1.203546415927227997e+01
1.304194571730701524e+00 1.203586031948678681e+01
1.301594746716698170e+00 1.203783735197123406e+01
1.299005266237565515e+00 1.203771278819939994e+01
1.296426068675543330e+00 1.204666114206398397e+01
1.293857092901270489e+00 1.206452301432637597e+01
1.291298278268962152e+00 1.216658079978865992e+01
1.288749564611633591e+00 1.204846866336941957e+01
1.286136376803197923e+00 1.204382213431126836e+01
1.283533765032377261e+00 1.204533550959096466e+01
1.281015579919215108e+00 1.204661453816091310e+01
1.278433630866685711e+00 1.204800651627328811e+01
1.275862068965517127e+00 1.204946952724905884e+01
1.273373867156131656e+00 1.205108596923540532e+01
1.270822600034346994e+00 1.205258352317823523e+01
1.268281535648994707e+00 1.205397811496278848e+01
1.265750612919778417e+00 1.205672086858206526e+01
1.263229771252986966e+00 1.205793780026478146e+01
1.260718950536657390e+00 1.205945317769295677e+01
1.258146783791442180e+00 1.206022347411884610e+01
1.255656108597284604e+00 1.206199413958444566e+01
1.253175275190516524e+00 1.206388117702471163e+01
1.250633767111712258e+00 1.207188598136776037e+01
1.248102546803845581e+00 1.206636801024284722e+01
1.245651442037930545e+00 1.206808262785869523e+01
1.243209945679565331e+00 1.207202101084636325e+01
1.240708657016710514e+00 1.207830392736335767e+01
1.238217413129566680e+00 1.207594269576702040e+01
1.235736153632062351e+00 1.207899440494808907e+01
1.233264818621187420e+00 1.208673130048923916e+01
1.230803348672173891e+00 1.209612749443054369e+01
1.228351684833730140e+00 1.208861084879888459e+01
1.225909768623336671e+00 1.214598108576827684e+01
1.223477542022595399e+00 1.235588328555524384e+01
1.221054947472635988e+00 1.230242787604901622e+01
1.218575035678998830e+00 1.253831458537672638e+01
1.216105176663927923e+00 1.210284184460335588e+01
1.213711661472855585e+00 1.209826003296739749e+01
1.211327549517105640e+00 1.214601917620095861e+01
1.208886952733609021e+00 1.263787372458721414e+01
1.206456170860279231e+00 1.235205680544164331e+01
1.204035144809632252e+00 1.256876079579102523e+01
1.201623815967523656e+00 1.212710605992078960e+01
1.199286910485656943e+00 1.211095774717158946e+01
1.196894543886133144e+00 1.211610780271599275e+01
1.194447433552136006e+00 1.212735058292094159e+01
1.192074316705149517e+00 1.212781768922626924e+01
1.189710610932475987e+00 1.213855644499333408e+01
1.187356260362624871e+00 1.215106889000713863e+01
1.185011209565495882e+00 1.214339070317318559e+01
1.182612401448966288e+00 1.214103639697539094e+01
1.180223285486443396e+00 1.216507193094153116e+01
1.177843803056026983e+00 1.217423052545905016e+01
1.175536139793486923e+00 1.217525714140209914e+01
1.173237501321213516e+00 1.216867408797201655e+01
1.170886075949367111e+00 1.217762930380168740e+01
1.168544057269186309e+00 1.219934368507479583e+01
1.166211388947257843e+00 1.220880709726346502e+01
1.163888015099087569e+00 1.228208029195923601e+01
1.161573880284638038e+00 1.228019876307224045e+01
1.159208396428384802e+00 1.225104651099687914e+01
1.156852527357998817e+00 1.231908507851531631e+01
1.154566257541085994e+00 1.228502435936827730e+01
1.152289006540018645e+00 1.256355665067923866e+01
1.150020721094073606e+00 1.265399253666664769e+01
1.147702011063433725e+00 1.222047890947002102e+01
1.145392632339284011e+00 1.219378287486992463e+01
1.143092528706039834e+00 1.219840238960599876e+01
1.140801644398766745e+00 1.221822205383144144e+01
1.138578315724689594e+00 1.220190560822003967e+01
1.136305471669140310e+00 1.225101314164168187e+01
1.133983756448893709e+00 1.327900472909081131e+01
1.131729200652528355e+00 1.219565206987870454e+01
1.129483591961332856e+00 1.223331437932026233e+01
1.127246877221488974e+00 1.223381784958136898e+01
1.125019003699386788e+00 1.254609285063040502e+01
1.122743134577454116e+00 1.234433462068265719e+01
1.120476454852874504e+00 1.222959905413913795e+01
1.118218908981010395e+00 1.224418038593530511e+01
1.116026543334003529e+00 1.224163996986194647e+01
1.113842757513421322e+00 1.219299160685419992e+01
1.111611837163887451e+00 1.219636226955801206e+01
1.109389835590425255e+00 1.219190526345819237e+01
1.107176699416487997e+00 1.219405004829681083e+01
1.104972375690607800e+00 1.219782797269129659e+01
1.102776811882171915e+00 1.219649582336133875e+01
1.100535395597858290e+00 1.220010791010067663e+01
1.098303072280215842e+00 1.220512625483524971e+01
1.096133906087986887e+00 1.221361054908186183e+01
1.093973291282708260e+00 1.220731065615606781e+01
1.091767483033343256e+00 1.220913457568106253e+01
1.089570552147239413e+00 1.221132618531513359e+01
1.087435709037472664e+00 1.221332592611432233e+01
1.085256159561986733e+00 1.221602952274084153e+01
1.083085329560423471e+00 1.221871856964725289e+01
1.080923166812737479e+00 1.222159553849946789e+01
1.078769619515039802e+00 1.222429630416840318e+01
1.076624636275460789e+00 1.222716033952934822e+01
1.074436163004549583e+00 1.223009249474508486e+01
1.072308361107086050e+00 1.223319084909427445e+01
1.070188970304666531e+00 1.223573997007040504e+01
1.068026556335995192e+00 1.223906320919133428e+01
1.065872863453043662e+00 1.224242766430349683e+01
1.063778810676122566e+00 1.225404981824755701e+01
1.061692969870875025e+00 1.224764057711277765e+01
1.059564719358533802e+00 1.225035233907126297e+01
1.057444984281223022e+00 1.225345929635564524e+01
1.055333713633770598e+00 1.225697324611970451e+01
1.053230856817534811e+00 1.226464627245403349e+01
1.051136363636363757e+00 1.228002555444972899e+01
1.049000614279639088e+00 1.228064771752790918e+01
1.046873526360464046e+00 1.226878716861656571e+01
1.044804216867470048e+00 1.227186825178367968e+01
1.042743071864725257e+00 1.227527182080144108e+01
1.040641260019687708e+00 1.227987103346575459e+01
1.038547904191616800e+00 1.228531853720914668e+01
1.036511345597161293e+00 1.228914138495076358e+01
1.034434555705698644e+00 1.228783399235394924e+01
1.032366071428571397e+00 1.229112852292271008e+01
1.030305843040794311e+00 1.229436343151526323e+01
1.028253821213525043e+00 1.229767365741536800e+01
1.026209957010123519e+00 1.230097922288455869e+01
1.024126954836923842e+00 1.230439874562008562e+01
1.022099447513812098e+00 1.230774427998406750e+01
1.020079952212470609e+00 1.231117804176520281e+01
1.018021736139771871e+00 1.231461191801986921e+01
1.015971809070522980e+00 1.231805981618875734e+01
1.013930121032199150e+00 1.232154235381879737e+01
1.011942747743641347e+00 1.232500379882931618e+01
1.009963149993176046e+00 1.232848971908146751e+01
1.007945516458569779e+00 1.233197039161118624e+01
1.005935928225111908e+00 1.233552590819944150e+01
1.003888939133580571e+00 1.233918566443199794e+01
1.001850264001083124e+00 1.234298015395549264e+01
1.000405569825605134e+00 1.234550697621488702e+01
