9.990999099909990022e+00 9.991435102995634310e+00
9.968567579703636383e+00 9.989423562203050722e+00
9.950694755714925677e+00 9.984849076278209168e+00
9.932885906040267443e+00 1.000034294389486433e+01
9.910714285714286476e+00 1.003272291681250117e+01
9.888641425389755213e+00 9.982833267392516419e+00
9.871053801689640750e+00 9.978888456057310563e+00
9.853528628495338282e+00 9.978628698239923267e+00
9.831709477413642873e+00 9.982342421852747449e+00
9.809986743261157827e+00 9.998662356714010713e+00
9.792677547419497586e+00 1.003705931491494319e+01
9.775429326287978782e+00 1.000791588740944960e+01
9.753954305799647173e+00 9.989960490121047698e+00
9.732573432704954897e+00 9.976075703349710722e+00
9.715536105032821723e+00 9.978908411408664136e+00
9.694323144104803447e+00 9.979284532945158048e+00
9.673202614379086128e+00 9.979899649817944862e+00
9.656372335798172557e+00 1.004839058176577282e+01
9.639600521059486837e+00 1.000464610396146981e+01
9.618717504332755297e+00 1.014772617352127959e+01
9.597924773022048939e+00 1.007711391821742097e+01
9.581355200690548912e+00 1.021971754708588165e+01
9.560723514211884932e+00 1.214200778597394681e+01
9.540180489901159078e+00 1.009808025360822725e+01
9.523809523809523725e+00 1.010229395162463284e+01
9.503424657534246478e+00 1.029016077131470119e+01
9.483126868859462988e+00 1.091034487711012346e+01
9.466950959488272588e+00 1.015293062796175505e+01
9.446808510638296852e+00 1.159345263482371990e+01
9.426751592356687581e+00 1.007811745130419823e+01
9.410767274268758698e+00 1.005299537572980029e+01
9.390862944162437387e+00 1.080348964748620944e+01
9.371042634022792583e+00 1.002727488134920719e+01
9.351305812973883747e+00 1.269598658807078984e+01
9.331651954602774524e+00 1.055044128980338591e+01
9.315988250104910051e+00 1.018706312544822623e+01
9.296482412060301570e+00 1.321739878357927012e+01
9.277058086084410959e+00 1.017380680629551470e+01
9.261576971214017462e+00 1.080330238733828097e+01
9.242298084929226221e+00 1.043821682961742248e+01
9.223099293726630066e+00 1.005006871457576878e+01
9.203980099502487633e+00 1.012620767776886765e+01
9.184940008274720569e+00 1.511547746116697866e+01
9.165978530140380443e+00 1.153635043094317325e+01
9.147095179233620144e+00 1.007876253244459619e+01
9.132044426162073236e+00 9.918698110998274586e+00
9.113300492610838077e+00 9.926881457899014549e+00
9.094633346988938882e+00 9.992555380415916844e+00
9.076042518397384740e+00 9.924765819812218837e+00
9.057527539779680836e+00 9.915896314846873949e+00
9.039087947882736174e+00 9.940336175091267990e+00
9.020723283218202937e+00 9.902643794288636059e+00
9.006085192697769415e+00 9.936807671483158799e+00
8.987854251012146634e+00 9.971077604283891560e+00
8.969696969696970612e+00 9.922159842886927095e+00
8.951612903225806051e+00 9.904828006029129384e+00
8.933601609657946696e+00 9.970479409762621259e+00
8.915662650602408590e+00 9.957445202374856308e+00
8.897795591182363850e+00 9.907545991555451792e+00
8.880000000000000782e+00 9.904571779876947701e+00
8.862275449101796099e+00 9.893006053050758197e+00
8.844621513944222357e+00 1.013592839506348042e+01
8.827037773359842632e+00 9.902699647673369299e+00
8.809523809523808424e+00 1.003871209357698824e+01
8.792079207920791006e+00 9.956476118687987764e+00
8.774703557312252045e+00 9.905062714525858070e+00
8.757396449704142327e+00 9.895379026558995150e+00
8.740157480314961091e+00 9.914149701473316867e+00
8.719560094265514039e+00 9.941701255007188820e+00
8.702469619756959318e+00 1.013923662233591116e+01
8.685446009389670152e+00 1.002005214103619402e+01
8.668488871534556495e+00 9.968951834502220777e+00
8.651597817614964825e+00 1.052737011727452376e+01
8.634772462077012989e+00 9.911704128614069020e+00
8.618012422360248337e+00 9.913238491495054205e+00
8.597986057319907616e+00 1.032328714748064691e+01
8.581368380363356252e+00 1.114439259170234209e+01
8.564814814814813104e+00 9.975581068060398238e+00
8.548324990373508570e+00 9.973679018773436766e+00
8.531898539584933161e+00 9.981989384880861849e+00
8.515535097813579313e+00 1.020314477051794633e+01
8.499234303215926545e+00 1.023232325395782816e+01
8.479755538579066609e+00 1.013147964374860166e+01
8.463591307662980512e+00 1.018432098911166150e+01
8.447488584474884377e+00 1.003073995387991424e+01
8.428246013667425984e+00 1.157991339718580370e+01
8.412277377794620037e+00 1.165201362233042914e+01
8.396369137670196992e+00 1.063189185989896579e+01
8.377358490566036764e+00 1.013098860747297714e+01
8.361581920903955023e+00 1.012373128128290212e+01
8.345864661654134764e+00 1.401295398932337832e+01
8.330206378986867222e+00 1.053296579646706732e+01
8.314606741573033588e+00 1.030792444169243360e+01
8.295964125560535862e+00 1.010153178005218599e+01
8.277404921700224349e+00 1.007091925598661142e+01
8.262002232973577165e+00 1.364367355867564768e+01
8.246656760772660633e+00 1.483087636480728833e+01
8.228317272053372378e+00 1.039885574972351456e+01
8.213096559378469053e+00 1.349210121166646559e+01
8.197932053175774669e+00 1.081850375211795345e+01
8.179808400884303055e+00 1.083034667925159233e+01
8.164766458256710990e+00 1.622664175629616068e+01
8.149779735682820103e+00 1.065910359222928783e+01
8.131868131868131400e+00 2.067154284157157207e+01
8.114035087719297934e+00 1.056648199612498296e+01
8.099233856256839559e+00 1.054691612362086772e+01
8.084486525855790973e+00 2.206807294591307667e+01
8.066860465116279855e+00 2.210709608735283282e+01
8.049311094996374649e+00 2.119811481385509566e+01
8.034744842562432154e+00 1.254315136740446235e+01
8.020231213872833109e+00 1.389888786531766129e+01
8.002883922134103045e+00 4.026328810966651162e+01
7.985611510791366996e+00 1.153064674136360601e+01
7.971274685816876371e+00 3.832005334523856988e+01
7.956989247311827107e+00 1.185326083041866774e+01
7.939914163090129762e+00 1.752974176777044946e+01
7.922912205567451238e+00 1.521955806987444682e+01
7.905982905982906317e+00 1.379566511755625413e+01
7.891930323498043798e+00 1.561263906562209236e+01
7.877927608232789147e+00 2.073220229715069252e+01
7.861189801699715929e+00 1.436034457754095506e+01
7.844522968197880530e+00 1.886699102675875039e+01
7.827926657263751586e+00 1.712324102853258623e+01
7.811400422237859686e+00 1.233391015713135452e+01
7.797681770284509817e+00 2.371673807627797359e+01
7.784011220196353165e+00 1.245951955253720200e+01
7.767669699090272495e+00 1.476936495135069016e+01
7.751396648044692306e+00 1.654963351008256467e+01
7.735191637630661532e+00 1.450204174100319676e+01
7.719054242002781230e+00 1.494407118847409954e+01
7.702984038861901084e+00 1.752714674073060408e+01
7.689643228264634089e+00 1.782533716911316191e+01
7.676348547717842585e+00 2.659768503504514925e+01
7.660455486542442571e+00 4.963515581780037422e+01
7.644628099173553792e+00 1.345041983463764268e+01
7.628865979381442841e+00 1.259830598438779425e+01
7.613168724279835153e+00 1.146453461836179066e+01
7.597535934291580695e+00 1.447874384797136393e+01
7.581967213114753967e+00 1.388192361703435829e+01
7.566462167689161689e+00 1.630613510811845401e+01
7.551020408163265252e+00 1.535336730565865970e+01
7.535641547861506417e+00 1.798200852924863824e+01
7.520325203252031798e+00 1.450212767024914662e+01
7.505070993914807254e+00 2.225348146689693252e+01
7.489878542510121306e+00 1.374578975327173858e+01
7.477265072414954084e+00 2.443098451002061466e+01
7.464694014794888588e+00 1.338977478878577720e+01
7.449664429530201026e+00 2.489059147883256173e+01
7.434695244474212927e+00 1.327480217570861321e+01
7.419786096256684615e+00 2.084091738422711870e+01
7.404936624416277091e+00 1.588198807525833445e+01
7.390146471371504155e+00 1.734603719275276035e+01
7.375415282392026484e+00 1.602700921460548855e+01
7.360742705570291200e+00 1.370911843422572041e+01
7.346128391793514290e+00 2.668665639008522206e+01
7.331571994715985419e+00 1.381592830054283105e+01
7.317073170731706711e+00 1.404604801965832905e+01
7.300230187438342178e+00 1.354792890114665127e+01
7.283464566929133355e+00 1.581022014328877212e+01
7.269155206286836979e+00 1.521838633183598688e+01
7.254901960784313708e+00 1.440470864382823457e+01
7.240704500978473845e+00 1.129804520515600785e+01
7.226562499999999112e+00 1.438348275119622599e+01
7.212475633528264929e+00 1.226602635028402233e+01
7.198443579766537148e+00 1.512653714699546548e+01
7.184466019417476090e+00 1.193398648553291963e+01
7.170542635658915920e+00 1.272776692952712274e+01
7.156673114119922907e+00 1.250383244189858623e+01
7.142857142857143238e+00 1.262169958023270055e+01
7.129094412331406616e+00 1.151191791366378681e+01
7.113104774110861506e+00 2.261829345052808904e+01
7.097186700767264433e+00 1.169200191068093098e+01
7.083599234205489203e+00 1.221026259661674551e+01
7.070063694267515686e+00 1.239035894546469230e+01
7.056579783852510168e+00 1.228716515026132328e+01
7.043147208121826708e+00 1.421111259264787030e+01
7.029765674477517656e+00 1.204540340360125050e+01
7.014218009478672577e+00 1.209348977230578726e+01
6.998738965952080449e+00 1.418685087150414859e+01
6.985525487728129868e+00 2.557241570911844519e+01
6.972361809045225733e+00 1.178531103580792916e+01
6.959247648902821659e+00 1.449974737324992979e+01
6.946182728410514429e+00 1.154454833829045413e+01
6.931002185451140107e+00 1.201538526023358244e+01
6.915887850467289155e+00 1.144110334097623927e+01
6.902985074626866613e+00 1.497353444447477777e+01
6.890130353817504272e+00 1.221735538703163648e+01
6.875193558377206138e+00 1.382299526626348651e+01
6.860321384425215108e+00 1.692299279478470808e+01
6.847624922887106891e+00 1.286897297957698605e+01
6.834975369458128114e+00 1.254464795924385356e+01
6.820276497695852314e+00 1.614890917288690986e+01
6.805640711220109829e+00 1.224702206810514404e+01
6.793145654834760627e+00 1.823077476954221865e+01
6.780696395846060653e+00 1.370682388614177682e+01
6.766229807985369327e+00 1.198471534008115569e+01
6.751824817518248700e+00 1.250090110809167321e+01
6.739526411657558391e+00 1.210313541026274464e+01
6.727272727272727515e+00 1.303338833914558137e+01
6.713032960387057990e+00 1.449044165272563767e+01
6.698853349426674875e+00 1.224273624411225292e+01
6.686746987951806886e+00 1.373725692576249457e+01
6.672678088367898219e+00 1.399364163629383029e+01
6.658668266346730924e+00 1.256928281739235054e+01
6.646706586826347518e+00 1.434403354254007468e+01
6.632805497460412703e+00 1.888193982208103350e+01
6.618962432915921568e+00 1.341040075763344852e+01
6.607142857142857650e+00 1.230351345386385908e+01
6.593406593406593963e+00 1.702390504705459051e+01
6.579727326615293137e+00 1.476805454873442613e+01
6.566104702750665822e+00 1.450227047753632270e+01
6.552538370720188965e+00 1.356918350931962358e+01
6.540954625810253553e+00 1.308178316484610271e+01
6.527491914142897755e+00 1.347146159171730417e+01
6.514084507042253946e+00 1.685007282473484835e+01
6.500732064421669953e+00 1.977609747241586646e+01
6.487434248977206330e+00 1.897273955977003013e+01
6.476079346557759742e+00 1.463348673376520459e+01
6.462882096069869853e+00 1.426334461224526251e+01
6.449738524113887372e+00 1.324680849491596213e+01
6.436648303856189912e+00 1.403436960928082655e+01
6.423611111111111605e+00 1.521692533434867833e+01
6.410626624314178734e+00 1.616722174785733301e+01
6.397694524495677548e+00 1.284665731948733480e+01
6.384814495254530264e+00 1.399444000958651380e+01
6.371986222732490823e+00 1.703301917392929354e+01
6.359209395588655944e+00 1.310939371554345101e+01
6.346483704974270168e+00 1.840790034219543259e+01
6.333808844507846203e+00 1.401169982385098933e+01
6.321184510250569488e+00 1.158344993640422871e+01
6.308610400682011843e+00 1.128061776791900428e+01
6.296086216676119562e+00 1.200631636387427648e+01
6.283611661477497279e+00 1.143510231823712786e+01
6.271186440677967155e+00 1.185443243412097480e+01
6.258810262193402529e+00 1.314412439775854402e+01
6.246482836240853764e+00 1.202984045761029108e+01
6.234203875315921906e+00 1.193012426953196581e+01
6.221973094170404117e+00 1.252352946543812884e+01
6.209790209790209126e+00 1.255009473885208493e+01
6.197654941373534676e+00 1.281602831961989430e+01
6.185567010309278579e+00 1.511555450432628334e+01
6.171809841534611429e+00 1.429503397938817777e+01
6.159822419533851345e+00 1.455859790125171571e+01
6.147881473276100905e+00 1.369302386844277564e+01
6.135986733001658422e+00 1.240382908513585924e+01
6.124137931034482563e+00 1.273512607318997425e+01
6.110652353426918815e+00 1.970727277323037541e+01
6.098901098901099438e+00 1.236008587807258152e+01
6.087194954757335630e+00 1.243194217044234406e+01
6.073871409028726909e+00 2.275262034813880874e+01
6.062261059530311691e+00 1.350456449771086476e+01
6.050695012264922568e+00 1.652345991145432080e+01
6.037530595594233773e+00 1.415924256418854199e+01
6.026058631921824116e+00 1.202034988156874995e+01
6.014630181522623076e+00 1.452839432823479271e+01
6.001622060016221560e+00 1.256348101939618722e+01
5.990286022665946675e+00 1.468476773580034767e+01
5.978992728252087829e+00 1.332572945432692890e+01
5.966138134909970248e+00 1.426347129240960143e+01
5.953338696701528043e+00 1.329214359844327120e+01
5.942184154175588873e+00 2.132317137218197445e+01
5.931071333155223613e+00 1.589996165625244551e+01
5.918421754198880613e+00 1.336823023085028161e+01
5.905826017557861185e+00 1.308808609845221227e+01
5.894848645778013818e+00 1.949605465561350215e+01
5.883912006360985103e+00 1.941427994606554464e+01
5.871462576038084968e+00 1.347885478219479438e+01
5.859065716547901204e+00 1.370653904356181840e+01
5.848261327713381696e+00 1.254526276549061237e+01
5.837496713121220537e+00 1.651236320356398934e+01
5.825242718446602019e+00 1.484984098998278768e+01
5.813040062843676914e+00 1.285909617600649568e+01
5.800888424353279227e+00 1.193418781035959952e+01
5.788787483702737546e+00 1.166531414167702252e+01
5.778240499739719205e+00 1.474070253612677384e+01
5.767731878409977142e+00 1.467265287657111905e+01
5.755768732175265967e+00 1.301465012463420656e+01
5.743855109961189420e+00 1.450228684966474901e+01
5.731990704879938114e+00 1.369823212451785821e+01
5.720175212574078571e+00 1.387003764232784597e+01
5.708408331190536700e+00 1.953139200230300432e+01
5.698151950718686187e+00 1.182173170937538309e+01
5.687932359723289366e+00 1.248826365636378632e+01
5.676297622091537320e+00 1.333534603459984069e+01
5.664710385302373474e+00 1.176554223179877035e+01
5.653170359052711369e+00 1.338623625824272878e+01
5.641677255400253443e+00 1.472544881516903814e+01
5.630230788739538639e+00 1.219131741302043359e+01
5.618830675778283990e+00 1.260153265082657370e+01
5.607476635514019314e+00 1.332357286752045411e+01
5.596168389210991023e+00 1.171412096827685900e+01
5.584905660377358139e+00 1.396595752174168936e+01
5.573688174742655654e+00 1.331835798942029570e+01
5.562515660235529680e+00 1.301023537147551679e+01
5.551387846961739925e+00 1.241843936316341335e+01
5.540304467182430415e+00 1.190809601840317278e+01
5.529265255292652448e+00 1.176199721716791480e+01
5.518269947800148678e+00 1.201307043714344580e+01
5.507318283304391215e+00 1.134355571370899796e+01
5.496410002475860423e+00 1.120966414036929493e+01
5.485544848035582177e+00 1.170995617599278660e+01
5.474722564734895158e+00 1.272242771215856294e+01
5.463942899335465953e+00 1.417937555606037670e+01
5.453205600589535962e+00 1.165788345036298068e+01
5.442510419220396578e+00 1.203149800041824591e+01
5.431857107903106829e+00 1.170164009914040726e+01
5.421245421245420637e+00 1.375351485681861519e+01
5.410675115768949439e+00 1.194111761356085744e+01
5.398832684824903083e+00 1.133682440036869288e+01
5.387041980101916927e+00 1.128440618707835696e+01
5.376604504722693356e+00 1.144531983711242873e+01
5.366207396664250062e+00 1.185668901778102047e+01
5.355850422195415739e+00 1.420113585607230711e+01
5.345533349385986455e+00 1.267451359535574973e+01
5.335255948089401734e+00 1.150099503159761483e+01
5.323741007194243480e+00 1.134032032743072804e+01
5.312275664034458167e+00 1.149887577527731786e+01
5.302125626940530800e+00 1.169292243429332956e+01
5.292014302741359089e+00 1.227828963735431600e+01
5.281941470378300529e+00 1.202362011431575084e+01
5.271906910472571539e+00 1.217890934414088733e+01
5.260663507109004655e+00 1.226963754616999758e+01
5.249467959328446121e+00 1.481231495642870755e+01
5.239556289827708824e+00 1.578186451222151732e+01
5.229681978798586428e+00 1.713162860038399771e+01
5.218617771509168612e+00 1.972870457114744269e+01
5.207600281491906458e+00 1.322182413947582447e+01
5.197845937719503873e+00 1.335806748633951102e+01
5.188128067305444624e+00 1.180707689179569542e+01
5.177238805970149294e+00 1.382364078394294005e+01
5.166395159413544214e+00 1.910781469089180717e+01
5.156794425087108280e+00 1.242326635380983468e+01
5.146036161335187487e+00 1.243053656852913136e+01
5.135322692574601611e+00 1.187335870979458186e+01
5.125836989148002232e+00 1.165769895076990181e+01
5.115207373271889679e+00 1.491306038929319655e+01
5.104621752126925038e+00 1.169606005738377874e+01
5.095249024558182072e+00 1.250882675336271532e+01
5.084745762711865069e+00 1.220344423477340001e+01
5.074285714285714732e+00 1.180774767946511616e+01
5.065023956194386834e+00 1.181321541991502144e+01
5.054644808743169904e+00 1.178830165528821894e+01
5.044308111792774163e+00 1.189994454002887103e+01
5.034013605442177131e+00 1.239519679573440669e+01
5.023761031907671537e+00 1.255637296642214196e+01
5.014682629320081020e+00 1.211232037477880752e+01
5.004508566275924331e+00 1.230360898479580989e+01
4.994375703037120751e+00 1.213351443101704241e+01
4.984283789851818192e+00 1.211713506753349279e+01
4.974232578982746844e+00 1.242570482091546147e+01
4.964221824686940288e+00 1.227578369200968922e+01
4.954251283195715949e+00 1.285177583235174481e+01
4.944320712694877606e+00 1.612882414297223477e+01
4.934429873305179015e+00 1.292277237935394041e+01
4.924578527062998923e+00 1.258439058012294787e+01
4.914766437901262108e+00 1.286683459543824348e+01
4.904993371630579801e+00 1.423568905618810732e+01
4.895259095920617476e+00 1.547470557039469519e+01
4.885563380281690016e+00 1.766281478482747147e+01
4.875905996046562940e+00 1.574194993711263102e+01
4.866286716352477448e+00 1.528402302458167483e+01
4.856705316123386851e+00 1.586340892283230986e+01
4.847161572052401723e+00 1.616505241764402356e+01
4.836601307189543064e+00 1.843121055546283671e+01
4.827136333985649230e+00 1.547335666338205407e+01
4.817708333333333037e+00 2.155309481354809265e+01
4.808317089018843582e+00 1.725552131074964990e+01
4.798962386511024469e+00 1.553938926175809243e+01
4.788610871440896588e+00 1.537558322229981478e+01
4.779332615715823351e+00 1.435172297020435472e+01
4.770090244950579539e+00 1.382037975261473761e+01
4.759862778730703070e+00 1.424682494238710362e+01
4.750695484699337001e+00 2.002042290092498433e+01
4.741563434429731494e+00 1.386488686685347638e+01
4.731457800511509326e+00 1.437894933889865889e+01
4.722399489470325840e+00 1.460747085368931408e+01
4.713375796178344679e+00 1.409073074537301373e+01
4.703389830508475811e+00 1.417648540006995361e+01
4.694438570522309284e+00 1.463007541510701337e+01
4.685521317011398068e+00 1.521104305513787303e+01
4.675652906486941873e+00 1.448119948092079312e+01
4.665825977301387262e+00 1.466010762087202224e+01
4.657016991818754725e+00 1.480238546254128273e+01
4.648241206030150785e+00 1.485136975353240985e+01
4.638529043042207256e+00 1.502285217331242606e+01
4.628857381150959682e+00 1.518338231818700024e+01
4.619225967540574906e+00 1.533654907820034374e+01
4.610591900311526992e+00 1.547414254022658042e+01
4.601990049751243816e+00 1.563944352009630201e+01
4.592470004137360284e+00 1.581643041945600636e+01
4.582989265070190221e+00 1.602430619035553860e+01
4.573547589616810072e+00 1.620873871330356764e+01
4.564144736842105310e+00 1.641494472682500216e+01
4.555715165195977967e+00 1.661257976623654642e+01
4.547316673494469441e+00 1.696416161222672514e+01
4.538021259198692370e+00 1.704574303090596388e+01
4.528763769889841306e+00 1.731667702387523633e+01
4.519543973941368975e+00 1.754283951932358931e+01
4.510361641609102357e+00 1.798134310555434467e+01
4.501216545012166392e+00 1.808890951142025116e+01
4.492108458114124403e+00 1.908815307007193240e+01
4.483037156704360982e+00 1.892648286047124984e+01
4.474002418379685153e+00 2.404735669691824995e+01
4.465004022526145810e+00 2.208491941971826833e+01
4.456041750301083404e+00 2.220002744801855243e+01
4.447115384615384137e+00 2.262940181599140388e+01
4.438224710115953542e+00 2.694305553702879408e+01
4.429369513168396111e+00 2.549752720809722106e+01
4.420549581839904540e+00 2.949058578701114897e+01
4.411764705882352366e+00 3.062444115064144512e+01
4.403014676715588216e+00 3.253137378725004680e+01
4.394299287410926347e+00 3.324352543882965705e+01
4.385618332674831699e+00 3.026750397513031743e+01
4.376971608832807448e+00 2.794162674068045860e+01
4.368358913813459310e+00 3.213450796463656900e+01
4.359780047132757019e+00 3.105079901993227764e+01
4.351234809878479659e+00 3.340164714100814081e+01
4.342723004694835964e+00 3.682227558772492415e+01
4.334244435767279136e+00 4.051993358199025153e+01
4.324956165984804812e+00 4.365954006186724001e+01
4.315707620528772104e+00 4.241205847906923765e+01
4.307334109429568514e+00 4.402213710896539567e+01
4.298993028659954696e+00 5.712085610434246519e+01
4.290684190181677238e+00 4.421858025912381152e+01
4.282407407407406552e+00 5.530059129557037068e+01
4.274162495186753397e+00 4.800331801271367738e+01
4.265129682997118366e+00 5.612819246879498536e+01
4.256134969325152895e+00 5.013764846759105609e+01
4.247990815154993882e+00 4.637993747397899824e+01
4.239877769289534193e+00 7.009074498893238570e+01
4.230989136649513149e+00 4.409727139390051320e+01
4.222137694941042518e+00 4.583614872511982696e+01
4.214123006833712992e+00 3.776512382011723901e+01
4.206138688897310018e+00 3.717034713241314847e+01
4.197390811117414522e+00 3.178389508318384671e+01
4.188679245283018382e+00 2.525714644887042226e+01
4.180790960451976623e+00 2.410049454381370992e+01
4.172148092463822344e+00 2.349573100243688017e+01
4.163540885221305388e+00 2.294063550948930441e+01
4.155746911269187827e+00 2.255846174951267713e+01
4.147207173547543313e+00 2.211076393063227741e+01
4.138702460850112175e+00 2.175448273469877591e+01
4.131001116486788582e+00 2.137738209887361762e+01
4.122562674094708335e+00 2.104578356918851512e+01
4.114158636026686189e+00 2.067282881117439430e+01
4.106548279689234526e+00 2.037880910025715764e+01
4.098209340963633096e+00 2.002957480181694194e+01
4.089904200442151527e+00 1.971074103811502809e+01
4.081632653061224580e+00 1.940470762714346620e+01
4.073394495412844485e+00 1.912404011274743354e+01
4.065189525727888942e+00 1.877439958284437793e+01
4.057017543859649855e+00 1.846480240506672743e+01
4.048878351267553910e+00 1.829672547673404281e+01
4.040771751001092760e+00 1.796372562188553701e+01
4.032697547683923744e+00 1.765500551410198327e+01
4.024655547498187325e+00 1.745943063444042309e+01
4.016645558168987939e+00 1.715070267250438363e+01
4.008667388949079147e+00 1.692138431197309600e+01
4.000720850603713075e+00 1.663942257198890218e+01
3.992805755395683498e+00 1.645703986002254737e+01
3.984921917070543884e+00 1.618218282097538463e+01
3.977069150841991529e+00 1.602376765334630093e+01
3.969247273377435992e+00 1.577217335678279575e+01
3.960749330954504543e+00 1.578804546034773360e+01
3.952991452991453158e+00 1.540794997138190503e+01
3.945263906166696977e+00 1.538478150656441734e+01
3.937566512947853425e+00 1.499066876012230054e+01
3.929899097185342693e+00 1.492883963296353755e+01
3.921568627450980227e+00 1.468733571256419168e+01
3.913963328631876237e+00 1.466312918315958846e+01
3.906387471405947664e+00 1.498538197440147712e+01
3.898156277436348294e+00 1.433765691128671271e+01
3.890641430073606966e+00 1.430156396237254413e+01
3.883155501136960286e+00 1.419997767671465994e+01
3.875021818816547725e+00 1.567653534225702572e+01
3.866922139000174230e+00 1.385329680345575021e+01
3.859527121001390615e+00 1.381773668583726966e+01
3.852160333159812211e+00 1.404590975996991098e+01
3.844155844155844104e+00 1.499476796328822736e+01
3.836184551581130364e+00 1.336082659285446006e+01
3.828906519489478910e+00 1.396771745849585500e+01
3.821656050955414052e+00 1.378817385954936547e+01
3.813777701425872912e+00 1.383874078945080477e+01
3.805931767529573406e+00 1.446658513774216459e+01
3.798118049615055725e+00 1.328096542285144466e+01
3.790336349667065008e+00 1.435193091166973289e+01
3.783231083844580844e+00 1.299765884971642471e+01
3.776152406871916778e+00 1.268477645913601037e+01
3.768460363265999202e+00 1.295547891207059443e+01
3.760799593427071041e+00 1.244247652595301368e+01
3.753169907016061124e+00 1.261866482541382339e+01
3.745571115235364346e+00 1.237600963477015625e+01
3.738003030813268346e+00 1.244362943759361961e+01
3.730465467988573369e+00 1.224725542218705243e+01
3.722958242495388426e+00 1.214523449877858319e+01
3.715481171548116635e+00 1.338354741265694337e+01
3.708034073826624422e+00 1.378251828696886605e+01
3.700616769461576805e+00 1.198090345941921164e+01
3.693229080019963639e+00 1.209907928751607820e+01
3.685870828490785733e+00 1.301191193779190236e+01
3.678541839270919489e+00 1.188996924206435857e+01
3.671241938151149409e+00 1.186754254919985918e+01
3.663970952302360029e+00 1.193826789470335115e+01
3.656728710261901494e+00 1.249847378648241580e+01
3.649515041920105229e+00 1.326864895482579954e+01
3.642329778506972815e+00 1.213788351193646697e+01
3.635172752579007405e+00 1.171245811694602423e+01
3.628043798006210796e+00 1.377130960486432087e+01
3.620942749959223494e+00 1.159453192934592636e+01
3.613281250000000888e+00 1.193528423848475661e+01
3.605652103297060762e+00 1.248327444371759931e+01
3.598638353055600092e+00 1.164164925790806926e+01
3.591651836272447440e+00 1.295836298490782745e+01
3.584692394639108493e+00 1.235696965717713169e+01
3.577759871071716447e+00 1.448741829139172843e+01
3.570279832743646686e+00 1.195806281681026917e+01
3.562831006259027600e+00 1.281373623742997836e+01
3.555982700624699788e+00 1.543934972797752003e+01
3.549160671462830319e+00 1.221087200899124348e+01
3.541799617102743714e+00 1.723054027274642763e+01
3.534469033593376608e+00 1.322694750939051467e+01
3.527729222946131227e+00 1.376285068593601579e+01
3.520456707897241078e+00 1.261317458014181625e+01
3.513214116157619582e+00 1.150800115311841409e+01
3.506555046596114611e+00 1.201965790788114141e+01
3.499369482976040224e+00 1.497052495574746978e+01
3.492213308164228813e+00 1.539456713327249027e+01
3.485633537447009100e+00 1.277583640872101078e+01
3.478533375117518478e+00 1.360958294691273274e+01
3.471462079749805252e+00 1.321127304148455472e+01
3.464960199781489170e+00 1.496782257273833316e+01
3.457943925233644578e+00 1.593837662338137662e+01
3.450956008083320370e+00 2.010207971825142792e+01
3.443996276760782127e+00 1.201528313603639653e+01
3.437064561077566083e+00 1.205109693505108481e+01
3.430160692212608886e+00 1.829508923273393250e+01
3.423284502698535459e+00 1.413422334200084229e+01
3.416435826408125376e+00 1.769519104779737617e+01
3.409614498540931571e+00 1.730901687736571049e+01
3.402820355610054914e+00 1.445933169043796518e+01
3.396053235429095984e+00 1.560867786639631127e+01
3.389312977099236512e+00 1.419029688665270683e+01
3.382599420996495798e+00 1.824928949074487150e+01
3.375912408759124350e+00 1.462801402700168651e+01
3.369251783275156065e+00 1.633997697039067987e+01
3.362617388670100294e+00 1.251403209211400558e+01
3.355501813784764753e+00 1.705540288017426320e+01
3.348921405943581231e+00 1.201227194246033925e+01
3.342366757000903021e+00 1.521587515438471705e+01
3.335837716003005049e+00 1.995205193700433099e+01
3.329334133173365462e+00 1.516346710890668170e+01
3.322358575276862958e+00 2.119537416477169600e+01
3.315907393577296691e+00 3.082165815656801655e+01
3.309481216457961228e+00 1.917015096813083019e+01
3.302588515322820495e+00 1.319122873363171422e+01
3.295724465558194538e+00 1.330362716118761668e+01
3.289376203882056426e+00 1.237281766814231965e+01
3.283052351375332467e+00 1.389027885510274452e+01
3.276269185360094482e+00 1.190416650130016585e+01
3.269513991163476074e+00 1.547090341620428156e+01
3.263266206085550625e+00 1.569772078230401036e+01
3.257042253521126973e+00 1.660181349226270697e+01
3.250366032210834977e+00 1.808844876247900046e+01
3.243717124488603609e+00 1.685597001673170681e+01
3.237095363079614430e+00 1.766232436077662982e+01
3.230500582072176829e+00 1.693852675021733489e+01
3.223932616903863124e+00 1.521406368567569167e+01
3.217857660530511588e+00 1.334276304164647975e+01
3.211805555555555802e+00 1.577351749939748160e+01
3.205313312157089811e+00 1.336191029626658988e+01
3.198847262247839218e+00 1.664555708674481949e+01
3.192407247627264688e+00 1.393832759718758929e+01
3.185993111366245412e+00 1.421199529415880036e+01
3.179604697794328416e+00 1.089351148600663421e+01
3.173241852487135528e+00 1.446487135967544368e+01
3.166904422253923101e+00 1.219330846559848247e+01
3.160592255125284300e+00 1.104878160273228538e+01
3.154305200341006366e+00 1.111326384452904925e+01
3.148043108338060225e+00 1.119271239234209148e+01
3.141805830738749528e+00 1.202611544664195797e+01
3.135593220338982690e+00 1.047031051237668464e+01
3.129405131096701265e+00 1.129516513494678875e+01
3.123241418120427770e+00 1.155449888433234840e+01
3.116664326828583409e+00 1.056880474051132879e+01
3.110114878117120174e+00 1.135024199390683997e+01
3.104026845637584131e+00 1.129838361610225306e+01
3.097962601172202124e+00 1.090373285662957592e+01
3.091922005571030585e+00 1.134317978306940589e+01
3.085904920767306159e+00 1.068146151758347351e+01
3.079483978360382679e+00 1.084753105901852344e+01
3.073089700996677998e+00 1.076794866634300796e+01
3.067145620337110135e+00 1.038113991215143983e+01
3.061224489795918657e+00 1.045733377406835807e+01
3.054905738268886672e+00 1.121265542173758156e+01
3.048613018401538532e+00 1.105664490509527198e+01
3.042763157894736725e+00 1.048554852356655331e+01
3.036935704514363898e+00 1.059843205127903509e+01
3.030716723549487845e+00 1.050067524735495716e+01
3.024523160762943252e+00 1.109700786100421688e+01
3.018765297797116443e+00 1.086526984750424063e+01
3.012620436965666837e+00 1.089755406194821319e+01
3.006500541711809138e+00 1.147795176905785297e+01
3.000405460197324015e+00 1.023208846840277353e+01
2.994335041812786535e+00 1.076435936880963418e+01
2.988691437802907469e+00 1.054313648910590651e+01
2.982668278919790694e+00 1.166966056311771283e+01
2.976669348350763578e+00 1.095228296352403774e+01
2.970694500200723009e+00 1.124700452024057640e+01
2.964743589743589425e+00 1.134878849787695110e+01
2.958816473410635695e+00 1.040710029410630533e+01
2.952913008778930593e+00 1.055670608322467174e+01
2.947033054559936360e+00 1.069560426511824325e+01
2.941176470588235503e+00 1.093384926423856207e+01
2.935343117810392588e+00 1.033716635684937302e+01
2.929532858273951046e+00 1.045485764692919695e+01
2.923745555116554762e+00 1.088200400306433657e+01
2.917597581811013363e+00 1.090583075204953722e+01
2.911857292759706173e+00 1.053054558588283385e+01
2.906139547061133754e+00 1.086893951397493474e+01
2.900444212176639613e+00 1.134227853443673872e+01
2.894771156604511564e+00 1.056715662200823402e+01
2.888744307091737351e+00 1.122982638452396031e+01
2.882742500973899169e+00 1.406483587875917785e+01
2.877138413685847773e+00 1.320754384593486819e+01
2.871556072953046268e+00 1.266752007448703132e+01
2.865625403381954595e+00 1.315133866974040799e+01
2.860087606287039286e+00 1.752274691681351015e+01
2.854571171402854546e+00 1.590924291186496831e+01
2.848710381111253298e+00 1.835305581911980966e+01
2.842873607376104061e+00 1.922318670367956273e+01
2.837060702875399798e+00 2.252066674151852510e+01
2.831632653061224580e+00 1.709289222110731288e+01
2.826225334182049576e+00 2.747715466654122096e+01
2.820480243933426667e+00 2.161052925407231129e+01
2.814758463294028346e+00 2.222066279155492907e+01
2.809059850689611171e+00 2.547692256308630832e+01
2.803384265690112453e+00 2.884812176522955340e+01
2.797731568998109264e+00 2.267356776415675768e+01
2.792101622437428876e+00 2.509061402235895955e+01
2.786494288941885333e+00 2.898299805270389129e+01
2.780909432544156346e+00 2.895837402989626241e+01
2.775346918364795634e+00 3.274419738528475676e+01
2.769806612601372287e+00 2.958818861975550973e+01
2.764288382517743337e+00 3.240103829754159648e+01
2.758792096433452912e+00 3.283083124071836778e+01
2.753317623713257944e+00 2.937432435962736577e+01
2.747864834756776897e+00 2.892726422837287359e+01
2.742433600988264164e+00 2.445782260914534589e+01
2.737023794846504821e+00 1.987916166205346613e+01
2.731635289774824393e+00 1.881852619798869242e+01
2.726267960211224750e+00 2.112841003477797130e+01
2.720921681578624352e+00 2.664979511580765603e+01
2.715264187866927692e+00 2.432792498006542559e+01
2.709630172098132395e+00 2.764690396708146380e+01
2.704348885369716182e+00 3.163714929134264864e+01
2.699088145896656687e+00 5.249467126630887748e+01
2.693847834000727914e+00 3.614080644240468843e+01
2.688302252361346234e+00 3.489974795492874904e+01
2.682779456193353784e+00 3.523968650858089546e+01
2.677602219273911732e+00 3.893762624520346805e+01
2.672123254694270589e+00 2.727729304577059466e+01
2.666666666666666519e+00 2.198776398629904349e+01
2.661551372737081866e+00 1.620538495066896445e+01
2.656137832017229083e+00 1.374929624518818372e+01
2.650746268656716698e+00 1.546801113372057479e+01
2.645691812656417952e+00 1.471160750898152614e+01
2.640342530922930475e+00 1.262339407695598226e+01
2.635014836795252169e+00 1.324050096628621453e+01
2.629708599857853546e+00 1.551165447480572546e+01
2.624423690743586945e+00 1.663694236193821041e+01
2.619469026548672641e+00 1.617615647949472191e+01
2.614225153085256714e+00 1.737835846800247452e+01
2.609002232929839238e+00 1.703608657116130232e+01
2.603800140745953229e+00 1.758973765362408415e+01
2.598618752194779447e+00 1.343964677814826381e+01
2.593457943925233877e+00 1.794602441443920071e+01
2.588015854511541480e+00 1.565923642939898741e+01
2.582897033158813471e+00 1.452779522285208103e+01
2.577798420808174562e+00 1.321738995460523647e+01
2.572719898018310136e+00 1.599787874969601909e+01
2.567661346287300805e+00 1.904089809232539565e+01
2.562326869806093921e+00 1.418470953577372740e+01
2.557309065775831947e+00 1.172471377283006966e+01
2.552310876063462519e+00 1.193354587688353341e+01
2.547039926571821766e+00 1.229397339910083353e+01
2.542081758845757822e+00 1.179998312608778477e+01
2.537142857142857366e+00 1.157784380085640663e+01
2.531934306569342930e+00 1.347522261496676421e+01
2.526747097655360985e+00 1.092789100687940973e+01
2.521581099500227019e+00 1.077626147175629789e+01
2.516721460151910339e+00 1.158058586486935582e+01
2.511880515953835769e+00 1.124330452998956176e+01
2.506775067750677266e+00 1.116356543554836023e+01
2.501690331304935899e+00 1.502912461842934277e+01
2.496626180836707398e+00 1.056993239612129187e+01
2.491582491582491343e+00 1.031545324175119482e+01
2.486559139784946026e+00 1.063764633535332216e+01
2.481556002682763218e+00 1.026881147658626325e+01
2.476572958500669497e+00 1.026286550413979626e+01
2.471885090747132807e+00 1.052817781006216968e+01
2.467214936652589508e+00 1.001596526242931695e+01
2.462289263531499461e+00 1.113731944902406923e+01
2.457111234089651486e+00 1.067819440210712045e+01
2.451954937044400484e+00 1.021815964694884116e+01
2.447089947089946982e+00 1.108738007189737651e+01
2.442244224422442045e+00 1.022997458473417431e+01
2.437417654808958556e+00 1.087458145761556239e+01
2.432610124917817362e+00 1.024384192383726599e+01
2.427821522309711710e+00 1.074184223607977273e+01
2.423051735428945364e+00 1.032344768588463602e+01
2.418300653594771532e+00 1.049456409668577983e+01
2.413305794108055125e+00 9.927173476940870600e+00
2.408331525276632856e+00 1.229874242674788221e+01
2.403637938501515858e+00 1.432181429397795114e+01
2.398962610762913616e+00 1.121201244560374199e+01
2.394047233904885275e+00 1.274226703219270895e+01
2.389151958674128551e+00 1.034039275294502680e+01
2.384532760472609425e+00 1.170034594803916228e+01
2.379931389365351979e+00 1.126976762202408722e+01
2.375093612923932618e+00 1.480321254288387500e+01
2.370275464445868341e+00 1.649464028738803734e+01
2.365728900255754219e+00 1.348954179147045096e+01
2.360948633414867714e+00 1.115734432852983460e+01
2.356187645935045705e+00 1.302768253027757162e+01
2.351445821417222692e+00 1.263970328679323352e+01
2.346723044397462932e+00 1.383103508169187457e+01
2.342019200337587925e+00 1.355451337404704226e+01
2.337334175615919385e+00 1.146969747906314119e+01
2.332667857518125665e+00 1.088315746180319898e+01
2.328020134228188098e+00 1.105775476953824210e+01
2.323390894819465480e+00 1.318001079645431162e+01
2.318780029245873564e+00 2.109220985955529670e+01
2.314187428333159602e+00 1.264002221067774379e+01
2.309612983770287009e+00 1.287400955509026801e+01
2.305056588100923953e+00 1.313673332001387983e+01
2.300279763755050499e+00 1.334392423123753346e+01
2.295760082730093021e+00 2.095631654929320220e+01
2.291258127773764475e+00 1.599701888304638864e+01
2.286538263466886711e+00 1.352182665216910706e+01
2.282072368421052655e+00 1.379416252034823032e+01
2.277623884272084176e+00 1.087492782524001633e+01
2.272959967236613199e+00 1.180828938248228965e+01
2.268315111883110191e+00 1.195953751858818492e+01
2.263689201590700417e+00 1.424583091530513990e+01
2.259312029309993974e+00 1.101305569349156421e+01
2.254951752158456113e+00 1.025497843653202068e+01
2.250380131779016857e+00 1.275231075615155873e+01
2.245827010622154951e+00 1.169817609457433250e+01
2.241292276627965929e+00 1.092540254976320391e+01
2.236775818639798796e+00 1.174123955289542742e+01
2.232277526395173961e+00 1.330503850259649745e+01
2.227797290516809081e+00 1.056937474694716883e+01
2.223335002503755486e+00 9.940882893874647408e+00
2.218890554722638075e+00 9.774861467723489739e+00
2.214463840399002237e+00 1.013311634116065463e+01
2.210054753608760247e+00 9.708677486040473426e+00
2.205663189269746471e+00 1.071653039604866464e+01
2.201289043133366263e+00 1.481792336058497384e+01
2.196932211776347899e+00 1.061806096459531901e+01
2.192592592592592204e+00 9.686124785760998890e+00
2.188270083785115450e+00 1.206167181656861409e+01
2.183964584358091265e+00 9.822450907373429629e+00
2.179675994108983605e+00 9.647269912895918509e+00
2.175191064079952774e+00 9.827831673378943478e+00
2.170724552654736961e+00 1.007168731830274844e+01
2.166487752512930243e+00 1.017756150216019151e+01
2.162267458848738499e+00 1.038652779082906363e+01
2.157853810264385608e+00 9.838891259708729464e+00
2.153458143369871181e+00 1.039339613329446443e+01
2.149288411269242083e+00 1.020351227328610477e+01
2.144927536231884257e+00 9.594763567516912062e+00
2.140584321666184842e+00 9.613526083560229196e+00
2.136464247906842306e+00 9.589614654579760256e+00
2.132155205532078490e+00 9.687340412461649564e+00
2.127863510016294146e+00 9.596201935502529423e+00
2.123589056820355925e+00 9.583469351754514420e+00
2.119331742243436789e+00 9.645089844703674586e+00
2.115091463414634276e+00 9.755557390130976003e+00
2.110868118284682016e+00 9.670096902733089195e+00
2.106661605617764721e+00 9.693127152862766494e+00
2.102471824983425996e+00 1.024133439485788521e+01
2.098298676748581837e+00 1.006632690440958378e+01
2.094142062069616284e+00 1.027006212979579303e+01
2.090001882884579665e+00 1.450831185793486533e+01
2.085682074408117259e+00 1.195393809000741570e+01
2.081575246132207901e+00 1.095877603704392911e+01
2.077484559236383532e+00 1.212821478487665061e+01
2.073216286888307724e+00 1.456800248564536027e+01
2.069158355857954934e+00 2.058098865486181239e+01
2.065116279069767025e+00 1.812904596445094185e+01
2.060898626067582562e+00 1.547018218711278514e+01
2.056698165647582233e+00 1.921030103505297504e+01
2.052704576976421613e+00 1.587213383956718360e+01
2.048726467331118517e+00 1.557566958214846586e+01
2.044575428255663851e+00 1.309684021715803581e+01
2.040441176470587870e+00 1.202506317052548646e+01
2.036323610346725488e+00 1.091513681156332005e+01
2.032222629073599407e+00 1.126438394802689658e+01
2.028138132651196912e+00 1.127196068765412740e+01
2.024070021881838155e+00 1.502542430589990197e+01
2.020018198362147466e+00 1.610277753473140905e+01
2.015982564475117922e+00 2.176591635521325330e+01
2.011963023382273175e+00 2.397676122344938676e+01
2.007959479015919424e+00 1.927600364661303800e+01
2.003971836071493318e+00 2.379067057617642433e+01
2.000000000000000000e+00 1.701831782067407417e+01
1.996043877000539313e+00 1.279036470732505038e+01
1.992103374012921702e+00 1.014085893614823064e+01
1.988178398710370720e+00 9.919646512727087639e+00
1.984268859492313242e+00 9.884062394086448933e+00
1.980198019801980180e+00 1.054318130747695825e+01
1.976143849029731170e+00 1.127093834951227613e+01
1.972281449893390270e+00 1.383898600163611370e+01
1.968434119524738790e+00 1.589504255504055585e+01
1.964427926732147389e+00 1.758432025254358777e+01
1.960438007771105440e+00 1.955266920596469404e+01
1.956636700158646214e+00 1.799309139546253533e+01
1.952678335825490219e+00 1.553585205583781281e+01
1.948735955056179581e+00 1.540623360543207809e+01
1.944979849307867603e+00 1.347297830666617990e+01
1.941068462009268192e+00 1.139954130954106581e+01
1.937172774869110103e+00 1.056189678043712199e+01
1.933292693546982299e+00 1.077425293621649338e+01
1.929428124456804783e+00 1.089738644661014533e+01
1.925578974759302620e+00 1.238445978584518059e+01
1.921745152354570774e+00 1.105554627102526943e+01
1.917926565874729761e+00 1.121422589211692333e+01
1.914123124676668564e+00 1.118417668732328885e+01
1.910334738834867929e+00 1.134231934434582989e+01
1.906397595534564449e+00 1.162659142291377101e+01
1.902639698320192307e+00 1.129110466542710078e+01
1.898896587118295898e+00 1.346561701670080602e+01
1.895006402048655669e+00 1.078750766322612797e+01
1.891293235644913695e+00 1.158904722649628560e+01
1.887594592296573337e+00 1.087875833809425608e+01
1.883750530335171813e+00 1.160085870581199607e+01
1.879922093318654897e+00 1.184270930048972303e+01
1.876109186174258481e+00 1.406975470000883099e+01
1.872469635627530327e+00 1.261941485409238339e+01
1.868844178802929301e+00 1.251040314576049894e+01
1.865076031252625555e+00 1.126869721642245814e+01
1.861323048545317160e+00 1.412167971314976889e+01
1.857585139318885137e+00 1.177824664133946264e+01
1.853862212943632626e+00 1.156761247999181563e+01
1.850154179514959640e+00 1.168718042238354649e+01
1.846460949846128408e+00 1.250895743692269058e+01
1.842782435461110646e+00 1.195156930929919348e+01
1.839118548587523660e+00 1.296977143476605399e+01
1.835469202149648371e+00 1.181820040332903510e+01
1.831834309761531498e+00 1.395608570370247037e+01
1.828213785720168127e+00 1.117243215115288990e+01
1.824457593688362911e+00 1.061341316932247381e+01
1.820716804724022087e+00 1.135789832664480059e+01
1.817140050748956126e+00 1.276754352549453841e+01
1.813577322114206192e+00 1.077646286672771048e+01
1.810028536485935424e+00 1.046489657039632526e+01
1.806346623270952190e+00 1.041096730090379907e+01
1.802679658952497155e+00 1.078230955577701344e+01
1.799173352783856261e+00 1.019033796618918686e+01
1.795535425428663734e+00 1.049761912173693190e+01
1.791912180159819012e+00 1.155021406522820371e+01
1.788447595263030765e+00 1.038976657564779060e+01
1.784852870236372402e+00 1.050716891401254216e+01
1.781272566797721169e+00 1.112117450935651952e+01
1.777706598334400701e+00 1.009658254675039757e+01
1.774154878925917167e+00 1.047412160135587023e+01
1.770617323337055682e+00 9.828069933489469889e+00
1.767093847011064200e+00 1.038510858632048084e+01
1.763584366062916908e+00 9.746394798516403668e+00
1.759949262723957686e+00 1.009923325596992782e+01
1.756468075005934049e+00 1.008625673405359358e+01
1.753000631711939761e+00 9.797960385990510446e+00
1.749408983451536281e+00 9.683472430409928222e+00
1.745969327565867202e+00 1.003740215745776965e+01
1.742543171114599998e+00 9.818543307845503776e+00
1.738994203352655532e+00 1.104958322778179181e+01
1.735595340473770509e+00 1.023920244955102810e+01
1.732209737827715479e+00 9.957607020570407030e+00
1.728702694284379282e+00 1.053838033370082350e+01
1.725209822816288652e+00 1.005622895368190939e+01
1.721731037691949684e+00 1.059550256998814000e+01
1.718266253869968896e+00 9.707105768726879802e+00
1.714815386992120994e+00 9.926790619524808790e+00
1.711378353376503014e+00 1.060958108337567474e+01
1.707955070010771070e+00 1.106776694883612500e+01
1.704545454545454808e+00 1.114682503428881155e+01
1.701149425287356243e+00 1.098331637896180268e+01
1.697766901193025202e+00 1.015821893712392310e+01
1.694397801862311370e+00 9.919947080426490871e+00
1.691042047531992498e+00 1.114679526694976452e+01
1.687699559069484101e+00 9.789763812212759930e+00
1.684370257966616435e+00 9.967829882958671561e+00
1.681054066333484975e+00 9.718792826370828308e+00
1.677624121514395661e+00 9.887608298548119734e+00
1.674208144796380138e+00 9.868391177157530336e+00
1.670931807918109246e+00 9.924646829132209191e+00
1.667668269230769384e+00 1.036937770484630938e+01
1.664292675612864425e+00 1.018301626209233390e+01
1.660930719736645411e+00 9.654121526887509575e+00
1.657582319121929215e+00 9.834277572621362040e+00
1.654247391952309965e+00 1.131140077600772820e+01
1.651048639000446405e+00 1.094041075374099137e+01
1.647739924293030400e+00 1.048816729672312853e+01
1.644444444444444597e+00 1.146142507959035584e+01
1.641162120204036512e+00 1.098407284927240646e+01
1.637892872952633860e+00 1.056969884811218030e+01
1.634636624696266693e+00 1.083857437170130922e+01
1.631273422000147244e+00 9.979153214638063929e+00
1.628043414491052943e+00 1.010001100224696735e+01
1.624826172875649677e+00 9.651294468143495564e+00
1.621621621621621712e+00 9.718740343496159895e+00
1.618429685791353601e+00 9.970382920936090798e+00
1.615132775554747324e+00 9.995037466396180292e+00
1.611849270311478843e+00 1.044872370531456873e+01
1.608695652173912638e+00 1.148335520034047263e+01
1.605554350184422052e+00 1.053076100314148889e+01
1.602309635510645869e+00 1.164727483409345332e+01
1.599078009075848072e+00 9.921133409235990186e+00
1.595859391848178044e+00 9.690750893312694458e+00
1.592653705430805422e+00 9.628919618990165574e+00
1.589460872055559859e+00 9.674570346527611164e+00
1.586280814576634501e+00 9.642902738740529500e+00
1.583113456464379842e+00 1.132375086875098091e+01
1.579958721799160637e+00 1.111755232817283634e+01
1.576816535265288532e+00 1.228170839879785170e+01
1.573686822145034414e+00 1.193680466120941297e+01
1.570569508312699147e+00 1.065055227073652588e+01
1.567464520228764702e+00 9.928866852418781974e+00
1.564371784934113219e+00 9.620618790211592497e+00
1.561181434599155926e+00 9.611679768418950331e+00
1.558004070461084911e+00 9.612917329047236947e+00
1.554948518596343865e+00 9.612236071997200426e+00
1.551904928346731438e+00 9.618672267804827314e+00
1.548765173712850718e+00 9.664867040311179380e+00
1.545638097890412732e+00 9.689539455003822965e+00
1.542630810923494078e+00 9.702524519396339642e+00
1.539528432732315988e+00 1.000266463857936827e+01
1.536438507855214963e+00 9.827529399858798698e+00
1.533360961458765104e+00 9.869032252458731946e+00
1.530295719307919855e+00 9.792073099906616562e+00
1.527242707760044338e+00 9.711619766626279571e+00
1.524201853759011183e+00 9.709779502541932672e+00
1.521173084829381628e+00 9.696794531137387096e+00
1.518052516411378283e+00 9.745920848939420011e+00
1.515048113014399345e+00 9.832762952644911181e+00
1.512055578259092981e+00 9.742871832812069144e+00
1.508972267536704548e+00 9.729186161241452524e+00
1.506003663252153846e+00 9.703467240857651888e+00
1.503046716316858378e+00 9.750011122530223062e+00
1.500000000000000222e+00 9.794081759565752776e+00
1.496965610249494150e+00 1.014351092226068118e+01
1.494044013729053377e+00 9.962160396687901098e+00
1.491133799032777763e+00 1.014174267689148579e+01
1.488135138758546860e+00 1.034312991618609523e+01
1.485148514851484913e+00 1.040196739345351951e+01
1.482173854987314687e+00 1.024643633996876169e+01
1.479211087420042592e+00 1.078186842524274169e+01
1.476260140976193513e+00 1.129458461596084007e+01
1.473320945049110486e+00 1.053535963717397195e+01
1.470393429593323420e+00 1.049476876600456343e+01
1.467477525118984660e+00 1.041089827010973323e+01
1.464476548584999094e+00 1.045489881644785690e+01
1.461487820934825432e+00 1.016443556895184663e+01
1.458607095926412578e+00 1.015862530455462220e+01
1.455737704918032671e+00 1.017574726130644613e+01
1.452879581151832245e+00 1.050097146257361125e+01
1.449937953105610022e+00 1.118099988516122067e+01
1.447008212749315570e+00 1.154374850731945124e+01
1.444184231069476798e+00 1.308524850074760337e+01
1.441277673180549446e+00 1.145365933951772774e+01
1.438382791240119030e+00 1.239165495917320392e+01
1.435499515033947793e+00 1.779715844361916055e+01
1.432627774909653873e+00 1.630679662244860495e+01
1.429767501771108451e+00 1.170157581530027180e+01
1.426918627072888412e+00 1.106224471950141641e+01
1.424081082814805388e+00 1.098399554608106499e+01
1.421254801536491641e+00 1.082233960551420893e+01
1.418439716312056786e+00 1.259931574337892357e+01
1.415545495122106923e+00 1.122896222432039792e+01
1.412752959144711440e+00 1.100090525422326593e+01
1.409971419498253553e+00 1.214102551066734037e+01
1.407111618178360501e+00 1.151426920897334583e+01
1.404263394269087417e+00 1.218702601581767553e+01
1.401515151515151603e+00 1.358068747675331522e+01
1.398777644760884842e+00 1.185786522106342211e+01
1.395963025844180194e+00 1.233315712547727117e+01
1.393159711327266903e+00 1.258834688920006073e+01
1.390367633243564827e+00 1.134420495485857217e+01
1.387586724170260410e+00 1.198264099580407205e+01
1.384816917222880805e+00 1.317511899216823501e+01
1.382058146049928382e+00 1.290636479342959930e+01
1.379310344827586299e+00 1.441591578160152132e+01
1.376573448254480247e+00 1.157478654412642172e+01
1.373847391546506369e+00 1.425539219245947997e+01
1.371047430830039549e+00 1.276794237605522930e+01
1.368258859784283521e+00 1.199483297773018542e+01
1.365565602509688281e+00 1.538737962126933212e+01
1.362882927128737265e+00 1.218100040704756992e+01
1.360127435363313264e+00 1.198415361731795947e+01
1.357383063283399416e+00 1.299215690240919763e+01
1.354732409837065887e+00 1.307510066132277338e+01
1.352009744214372589e+00 1.118302504784436735e+01
1.349298000364675287e+00 1.137237392643079303e+01
1.346597112701686028e+00 1.070039603577375331e+01
1.343907016163206070e+00 1.124910562745936282e+01
1.341227646205896518e+00 1.035008092344214070e+01
1.338558938800120446e+00 1.026774705604232985e+01
1.335900830424840757e+00 1.101306949986759243e+01
1.333173192409320196e+00 1.024422950333230808e+01
1.330536409949055754e+00 1.114737609542280694e+01
1.327910037085775929e+00 1.017459591061003188e+01
1.325214899713467176e+00 1.008753793791771258e+01
1.322609472743520920e+00 1.023782290253587135e+01
1.320014270424545000e+00 1.012897719855540046e+01
1.317351056254450592e+00 1.006667843442194687e+01
1.314698566860120543e+00 1.084735876404867660e+01
1.312056737588652267e+00 9.876887678978093277e+00
1.309425504305768539e+00 9.896633051681941851e+00
1.306804803390628322e+00 9.898192322715871683e+00
1.304194571730701524e+00 9.912153802307283712e+00
1.301594746716698170e+00 9.970171166164035981e+00
1.299005266237565515e+00 9.839769902639249111e+00
1.296426068675543330e+00 9.870152801667380515e+00
1.293857092901270489e+00 9.896236685923827991e+00
1.291298278268962152e+00 1.013903001012346294e+01
1.288749564611633591e+00 9.863507574302310843e+00
1.286136376803197923e+00 9.846535111158424058e+00
1.283533765032377261e+00 9.856934158280035163e+00
1.281015579919215108e+00 9.858805272130616970e+00
1.278433630866685711e+00 9.856598878123627117e+00
1.275862068965517127e+00 9.859546661505207865e+00
1.273373867156131656e+00 9.863607907746752446e+00
1.270822600034346994e+00 9.868364591436321831e+00
1.268281535648994707e+00 9.870567145599828507e+00
1.265750612919778417e+00 9.876301581318509548e+00
1.263229771252986966e+00 9.879671026164292158e+00
1.260718950536657390e+00 9.883689472110402718e+00
1.258146783791442180e+00 9.885854256653722416e+00
1.255656108597284604e+00 9.890023140469791585e+00
1.253175275190516524e+00 9.894890603536167006e+00
1.250633767111712258e+00 9.916893256204723173e+00
1.248102546803845581e+00 9.901502983393603685e+00
1.245651442037930545e+00 9.905838746562142916e+00
1.243209945679565331e+00 9.918872036805684189e+00
1.240708657016710514e+00 9.937886683065295657e+00
1.238217413129566680e+00 9.924001123759085274e+00
1.235736153632062351e+00 9.934499983342952589e+00
1.233264818621187420e+00 9.975715176517104155e+00
1.230803348672173891e+00 9.997183179660572350e+00
1.228351684833730140e+00 9.984649415592222965e+00
1.225909768623336671e+00 1.024655823989311720e+01
1.223477542022595399e+00 1.077312174988998095e+01
1.221054947472635988e+00 1.044356312082489602e+01
1.218575035678998830e+00 1.099191593786415488e+01
1.216105176663927923e+00 1.010555109358675097e+01
1.213711661472855585e+00 1.003323281266755629e+01
1.211327549517105640e+00 1.021645292980021758e+01
1.208886952733609021e+00 1.146609184860888320e+01
1.206456170860279231e+00 1.066698890562230062e+01
1.204035144809632252e+00 1.104145910892486526e+01
1.201623815967523656e+00 1.016826569025099580e+01
1.199286910485656943e+00 1.007453362332112334e+01
1.196894543886133144e+00 1.013344534989187729e+01
1.194447433552136006e+00 1.017171242546740473e+01
1.192074316705149517e+00 1.009209436907185520e+01
1.189710610932475987e+00 1.013445026468941990e+01
1.187356260362624871e+00 1.024034250442822902e+01
1.185011209565495882e+00 1.016961196552082392e+01
1.182612401448966288e+00 1.020824425510638633e+01
1.180223285486443396e+00 1.028425157029616344e+01
1.177843803056026983e+00 1.037271311253334538e+01
1.175536139793486923e+00 1.022700247636768545e+01
1.173237501321213516e+00 1.024849040162287395e+01
1.170886075949367111e+00 1.024603910840373366e+01
1.168544057269186309e+00 1.036121069624273794e+01
1.166211388947257843e+00 1.043395027214301507e+01
1.163888015099087569e+00 1.060692683983099904e+01
1.161573880284638038e+00 1.065730835949126032e+01
1.159208396428384802e+00 1.059989221092027556e+01
1.156852527357998817e+00 1.092606309115133811e+01
1.154566257541085994e+00 1.087015536136257055e+01
1.152289006540018645e+00 1.122513636373664347e+01
1.150020721094073606e+00 1.144988969385573796e+01
1.147702011063433725e+00 1.094236288696330917e+01
1.145392632339284011e+00 1.073110028325269205e+01
1.143092528706039834e+00 1.065629870709455140e+01
1.140801644398766745e+00 1.074307431280148606e+01
1.138578315724689594e+00 1.063317482226717026e+01
1.136305471669140310e+00 1.078471258060556615e+01
1.133983756448893709e+00 1.314003168899846230e+01
1.131729200652528355e+00 1.058259178560269476e+01
1.129483591961332856e+00 1.099586456225782705e+01
1.127246877221488974e+00 1.096420083814106583e+01
1.125019003699386788e+00 1.137075705338990872e+01
1.122743134577454116e+00 1.130368737284982217e+01
1.120476454852874504e+00 1.078826385738784310e+01
1.118218908981010395e+00 1.081693534867358153e+01
1.116026543334003529e+00 1.105909240280998240e+01
1.113842757513421322e+00 1.042067595522838808e+01
1.111611837163887451e+00 1.041860752174282290e+01
1.109389835590425255e+00 1.037313582854372207e+01
1.107176699416487997e+00 1.032163377754718248e+01
1.104972375690607800e+00 1.034362879844153049e+01
1.102776811882171915e+00 1.031125255016648978e+01
1.100535395597858290e+00 1.033324195076778018e+01
1.098303072280215842e+00 1.033381111313086720e+01
1.096133906087986887e+00 1.034160449686783600e+01
1.093973291282708260e+00 1.031550113609576513e+01
1.091767483033343256e+00 1.028972237565415249e+01
1.089570552147239413e+00 1.031009988113635600e+01
1.087435709037472664e+00 1.028403870713550106e+01
1.085256159561986733e+00 1.029503272855401264e+01
1.083085329560423471e+00 1.028868488340157406e+01
1.080923166812737479e+00 1.030292042490698101e+01
1.078769619515039802e+00 1.030029809514981665e+01
1.076624636275460789e+00 1.031482203459075109e+01
1.074436163004549583e+00 1.031516034473510146e+01
1.072308361107086050e+00 1.032711289332795346e+01
1.070188970304666531e+00 1.032855013675252742e+01
1.068026556335995192e+00 1.033610195226516026e+01
1.065872863453043662e+00 1.034415697672821288e+01
1.063778810676122566e+00 1.037395634773850439e+01
1.061692969870875025e+00 1.035796568874722645e+01
1.059564719358533802e+00 1.036479741672692079e+01
1.057444984281223022e+00 1.037314826037242277e+01
1.055333713633770598e+00 1.038159127257926251e+01
1.053230856817534811e+00 1.039715740678140321e+01
1.051136363636363757e+00 1.043365409340415972e+01
1.049000614279639088e+00 1.045060054524660309e+01
1.046873526360464046e+00 1.041143684440669759e+01
1.044804216867470048e+00 1.041927357663274023e+01
1.042743071864725257e+00 1.042865100908887044e+01
1.040641260019687708e+00 1.043907923913538660e+01
1.038547904191616800e+00 1.045126249579770317e+01
1.036511345597161293e+00 1.046395867487850850e+01
1.034434555705698644e+00 1.046030353996607332e+01
1.032366071428571397e+00 1.046892510470679838e+01
1.030305843040794311e+00 1.047732440570528212e+01
1.028253821213525043e+00 1.048581976976298158e+01
1.026209957010123519e+00 1.049372901935198144e+01
1.024126954836923842e+00 1.050359866256220975e+01
1.022099447513812098e+00 1.051150680763545786e+01
1.020079952212470609e+00 1.052188412345463675e+01
1.018021736139771871e+00 1.052985843388758092e+01
1.015971809070522980e+00 1.053784407118613053e+01
1.013930121032199150e+00 1.054661282116954979e+01
1.011942747743641347e+00 1.055629507415459223e+01
1.009963149993176046e+00 1.056704659678979397e+01
1.007945516458569779e+00 1.057415360593508424e+01
1.005935928225111908e+00 1.058245795990055349e+01
1.003888939133580571e+00 1.059173254735438796e+01
1.001850264001083124e+00 1.060389183615196984e+01
1.000405569825605134e+00 1.061035675457251237e+01
