9.950694755714925677e+00 8.168461508997877374e+00
9.849157054125997846e+00 8.186861037578584188e+00
9.753954305799647173e+00 8.230181736060162123e+00
9.656372335798174333e+00 8.316683071779808145e+00
9.560723514211886709e+00 9.282944763243849096e+00
9.466950959488274364e+00 9.349152075227797454e+00
9.371042634022796136e+00 1.014757917562613976e+01
9.280936454849497252e+00 1.031056562149329814e+01
9.192546583850932151e+00 1.104196662442306831e+01
9.098360655737705471e+00 1.103806570456963421e+01
9.006085192697769415e+00 1.245283572688639140e+01
8.919244676576939312e+00 1.179365625672827456e+01
8.830548926014319733e+00 1.218749127818080247e+01
8.743599842457660642e+00 1.369478039945264847e+01
8.658346333853353727e+00 1.591893226844402776e+01
8.571428571428571175e+00 1.850896536578948925e+01
8.486238532110091271e+00 1.805258037860952669e+01
8.402725208175624516e+00 2.410779191350414763e+01
8.317721993255901225e+00 2.127366338315767891e+01
8.234421364985163194e+00 2.662614964925334959e+01
8.155767817781043760e+00 2.715567859726484556e+01
8.075663877773736843e+00 3.484576789486306581e+01
7.994238386748290459e+00 3.613903291932771111e+01
7.914438502673798226e+00 3.613664493144896284e+01
7.836216025414755038e+00 3.266192798649209550e+01
7.759524641733659855e+00 3.365283251481379523e+01
7.681660899653979691e+00 4.162109082413515182e+01
7.605344295991778303e+00 2.853138148671048313e+01
7.530529172320216347e+00 3.542228727190487092e+01
7.454667562122230251e+00 3.644389136569667187e+01
7.380319148936170137e+00 3.453397926314394084e+01
7.307439104674128494e+00 2.861762390472340911e+01
7.235984354628421933e+00 2.531562721264004878e+01
7.165913492575855415e+00 1.924215869202939899e+01
7.094918504314478014e+00 2.145992217623137321e+01
7.023093957608351978e+00 2.048508341019548595e+01
6.952709051049169808e+00 2.456979251018010046e+01
6.883720930232557933e+00 2.187224088131576849e+01
6.816088424930917711e+00 2.222778049477651763e+01
6.749771967163271214e+00 1.916849939769707589e+01
6.682721252257677769e+00 1.891747375688854405e+01
6.616989567809238970e+00 2.105635088427334978e+01
6.552538370720188965e+00 1.785533248438814269e+01
6.487434248977206330e+00 2.908013034313441381e+01
6.423611111111111605e+00 2.079893107475512792e+01
6.359209395588655944e+00 2.221446043321536479e+01
6.296086216676120451e+00 1.431641731917774329e+01
6.234203875315921906e+00 1.784906677299499833e+01
6.171809841534613206e+00 2.143240954569041889e+01
6.110652353426919703e+00 1.825398410420669748e+01
6.050695012264923456e+00 2.230234861025154913e+01
5.990286022665946675e+00 1.811780554862951220e+01
5.931071333155222725e+00 2.095976621932056005e+01
5.873015873015872579e+00 1.941578729353515698e+01
5.814562598218961931e+00 1.743004632816791855e+01
5.757261410788380829e+00 1.745632686725014437e+01
5.699614890885751350e+00 1.592531557356894645e+01
5.643111337061515798e+00 1.438445195877100602e+01
5.587717090359928918e+00 1.500325270052278270e+01
5.532020931971094235e+00 1.201988102122217583e+01
5.477424130273871761e+00 1.268881939548212401e+01
5.422569614069369770e+00 1.238864552940181341e+01
5.368802902055621828e+00 1.238611210789275319e+01
5.316091954022987842e+00 1.069884893176164020e+01
5.263157894736842479e+00 1.258448987008486419e+01
5.211267605633802980e+00 1.629101000963455448e+01
5.160390516039051079e+00 1.342358035852880960e+01
5.109321058688147232e+00 1.260723836455198921e+01
5.058099794941900207e+00 1.108347973055909819e+01
5.007895330475975904e+00 1.142666686200922221e+01
4.958677685950413583e+00 1.265834167351452066e+01
4.909332153914196972e+00 1.383795476679895486e+01
4.859894921190893058e+00 1.638759650264274015e+01
4.812486451333188420e+00 1.800872878539562194e+01
4.764971023824855045e+00 1.484127352776135211e+01
4.717382065448363804e+00 1.406621130214411153e+01
4.670734273090679345e+00 1.578978801409934896e+01
4.624036659029369112e+00 1.530400983707139950e+01
4.578263559496804191e+00 1.638410894705280541e+01
4.533387788441903155e+00 1.904432063934162400e+01
4.488475535786492721e+00 2.105096202563366958e+01
4.443554843875100246e+00 2.599427185703711984e+01
4.399524375743162352e+00 3.425539548776387733e+01
4.356357927786498330e+00 3.619122729168944375e+01
4.313192150767437560e+00 4.780498576619005036e+01
4.270873412851096340e+00 5.680252271613798598e+01
4.228571428571429536e+00 5.084342367718522127e+01
4.186309636055063343e+00 2.953189349782508444e+01
4.144884241971619865e+00 2.363012219189405982e+01
4.104270660011092531e+00 2.156686088932652368e+01
4.063701263042284850e+00 2.152335085510411972e+01
4.023196810438564697e+00 2.053324478273819409e+01
3.983491835636101541e+00 1.887565453203256638e+01
3.943862142476461496e+00 2.051701587781050407e+01
3.905013192612137196e+00 2.077488348319880274e+01
3.866248693834901662e+00 2.434582711038433089e+01
3.827586206896552046e+00 2.055793595645653937e+01
3.789689313758962008e+00 2.369513573206273094e+01
3.752535496957402739e+00 2.154058720893408108e+01
3.715481171548116635e+00 2.310888801538030535e+01
3.678541839270919045e+00 2.099652323842648727e+01
3.642329778506972371e+00 2.526938791766854209e+01
3.606237816764131576e+00 2.663727942202195820e+01
3.570279832743647574e+00 2.889405642872745617e+01
3.535031847133757843e+00 2.994930537223561728e+01
3.499921172946555803e+00 2.917523245259039300e+01
3.465501092725570054e+00 3.456588542908226458e+01
3.431221020092735330e+00 3.195710107189269777e+01
3.397092578423871689e+00 3.489203257800225089e+01
3.363636363636363313e+00 3.331459053308670804e+01
3.330333033303329859e+00 3.805051613882715600e+01
3.297192930343086026e+00 3.147206446624079490e+01
3.264705882352941568e+00 3.355540751087711726e+01
3.232382061735585399e+00 3.557907151667389911e+01
3.200230647253856198e+00 3.184092616797430253e+01
3.168712532115329772e+00 2.515072926794358921e+01
3.137365743357828585e+00 1.829886098074882739e+01
3.106198404925143208e+00 1.274964233616143616e+01
3.075218174262362769e+00 1.116313297016418815e+01
3.044849814840214108e+00 1.075180601942966518e+01
3.014665942422596334e+00 1.063732330865015996e+01
2.984673299273997937e+00 1.016898975326705923e+01
2.955271565495207753e+00 1.020327805122272302e+01
2.926057730328192719e+00 9.710678839662829631e+00
2.897037713689155858e+00 1.077399729753858182e+01
2.868587672825946733e+00 1.387561921052069813e+01
2.840327533265097237e+00 2.077432358689687319e+01
2.812262477831264373e+00 2.759654264948511937e+01
2.784397341025962813e+00 3.222500759770498746e+01
2.756736619893206619e+00 3.289022556993196389e+01
2.729284484878288453e+00 2.503062636303654642e+01
2.702044790652384787e+00 3.818867123794161245e+01
2.675343456254519303e+00 3.465132296891677299e+01
2.648848586087578560e+00 1.824766637886484233e+01
2.622563496751328493e+00 2.386274765983547397e+01
2.596794946777400970e+00 2.994253482972915492e+01
2.571230020847811382e+00 2.699074435591797894e+01
2.545579635362916981e+00 1.953532083527541374e+01
2.520435967302451896e+00 1.862162270602880909e+01
2.495503597122301631e+00 1.770486903982035187e+01
2.470784641068447307e+00 2.011239579914879272e+01
2.446550584086399915e+00 2.388888024297859403e+01
2.422258592471358440e+00 2.363129509623119162e+01
2.398185157178351457e+00 3.060069463414599866e+01
2.374331550802139201e+00 3.075567424137061323e+01
2.350698856416772120e+00 3.280147566890612154e+01
2.327531977353743287e+00 3.274586617250562171e+01
2.304578013080037291e+00 3.280826647028775511e+01
2.281837804502004019e+00 3.370079834438664790e+01
2.259312029309993974e+00 3.099781385878409523e+01
2.236775818639798352e+00 2.830949643540620997e+01
2.214684756584198499e+00 2.221155533028461804e+01
2.192809166337415849e+00 2.298729170999284221e+01
2.170936827694113447e+00 1.926547281759227914e+01
2.149496514329976904e+00 1.345500340572261422e+01
2.128271498418176755e+00 9.178970529170724646e+00
2.107261509254865217e+00 6.345839335529508851e+00
2.086466165413534135e+00 9.607890971534747138e+00
2.065692751465524779e+00 1.741660172603446455e+01
2.045140488254260980e+00 1.241222668757436409e+01
2.024993158806895899e+00 1.385438123463348603e+01
2.005057803468207833e+00 2.070073276194147738e+01
1.985156040418492474e+00 8.538059627253733908e+00
1.965471447543160499e+00 1.724633843964053170e+01
1.946002805049088291e+00 1.400542570005491960e+01
1.926748828328415097e+00 1.273048185748811356e+01
1.907708172209332087e+00 1.405790993554936996e+01
1.888718734047984071e+00 1.219500028979885542e+01
1.869946091644204778e+00 1.667171720235339549e+01
1.851542952460383473e+00 1.968000268615124781e+01
1.833195706028076355e+00 2.006110234416930638e+01
1.814911706998037833e+00 1.617999702155897168e+01
1.796988829528897158e+00 2.019764432787016162e+01
1.779273863909593745e+00 2.554802963649098402e+01
1.761625138866846241e+00 2.327194264823217651e+01
1.744186046511627897e+00 2.185741322222414951e+01
1.726954492415402775e+00 2.638934895466939778e+01
1.709796672828096220e+00 2.849449812534517434e+01
1.692847338721976236e+00 2.331729569343688624e+01
1.676104190260475413e+00 2.125087587322986593e+01
1.659564924871047342e+00 2.121563920859834695e+01
1.643105617644881944e+00 2.323586308988300075e+01
1.626731149703231516e+00 1.903119305822686158e+01
1.610679822970325858e+00 1.151302580623853089e+01
1.594827586206896353e+00 4.968977409600761952e+00
1.579059677075183021e+00 7.603564156536406493e+00
1.563380281690141205e+00 4.517289519096763684e+00
1.547901269000139690e+00 4.202812118482339265e+00
1.532619951674145664e+00 5.524955143967784643e+00
1.517429938482570462e+00 6.612157785436371782e+00
1.502334709345604757e+00 8.404096871799474400e+00
1.487437185929648242e+00 1.077257482886629880e+01
1.472734509751890686e+00 1.437785469424247786e+01
1.458128078817733986e+00 1.336576299319188266e+01
1.443714638746179224e+00 1.667147926250234846e+01
1.429491307147456425e+00 2.079728299928068225e+01
1.415364998406120511e+00 2.330994154015481712e+01
1.401338214871859611e+00 2.724700926592138828e+01
1.387413286669582968e+00 2.658803316417918339e+01
1.373677371449786300e+00 2.642832805576548338e+01
1.360127435363313264e+00 2.611725667518733474e+01
1.346597112701686028e+00 2.334855890601617645e+01
1.333253258062578883e+00 1.847408922925366781e+01
1.320092763275257042e+00 1.377408009278280154e+01
1.306958671847403775e+00 1.001287714836328213e+01
1.294007927255770296e+00 5.593624044927583583e+00
1.281237375194782535e+00 5.228930204701435436e+00
1.268571428571428461e+00 9.533981063539583189e+00
1.256011315417255858e+00 4.945278907839505855e+00
1.243558144745686711e+00 3.805399037891129765e+00
1.231212911097554263e+00 5.568639824067033395e+00
1.219043435286365273e+00 7.811723319013197830e+00
1.206980916653074276e+00 1.101804556405731361e+01
1.195026107552349615e+00 1.561044498349668253e+01
1.183242724656220046e+00 2.084798970025964238e+01
1.171503957783641026e+00 2.242897623566753751e+01
1.159874608150470499e+00 2.758324064475336002e+01
1.148414463814598330e+00 2.357609094209720979e+01
1.137062077443146579e+00 2.039159895649604692e+01
1.125817739236269377e+00 2.061041604654683823e+01
1.114681662984535082e+00 1.379704896847152895e+01
1.103599125074567588e+00 8.528920524009796722e+00
1.092627227089280506e+00 6.650504410215061668e+00
1.081818624823351671e+00 4.990453770437263792e+00
1.071118402007140702e+00 4.456988521268380410e+00
1.060526441503845563e+00 4.085644486585547241e+00
1.050042569293349715e+00 4.059956539907648043e+00
1.039666557392403767e+00 4.141085011017616502e+00
1.029350396439004056e+00 4.401714942552547249e+00
1.019143368681999506e+00 4.683564391215885969e+00
1.009045043407118092e+00 4.881483856242894603e+00
1.001985918035746659e+00 5.061102239746888998e+00
