9.950694755714925677e+00 7.837754833674729582e+00
9.849157054125997846e+00 7.803405432217879856e+00
9.753954305799647173e+00 7.790787918141216295e+00
9.656372335798174333e+00 7.838631086323658792e+00
9.560723514211886709e+00 8.722529054279002381e+00
9.466950959488274364e+00 8.691723619319104088e+00
9.371042634022796136e+00 9.159374499823053739e+00
9.280936454849497252e+00 9.539027216362413242e+00
9.192546583850932151e+00 1.083476004373898149e+01
9.098360655737705471e+00 7.724582656149132198e+00
9.006085192697769415e+00 7.812763185627062512e+00
8.919244676576939312e+00 7.771037233723304460e+00
8.830548926014319733e+00 7.968165145497414947e+00
8.743599842457660642e+00 7.769767781787614069e+00
8.658346333853353727e+00 8.015828130467031798e+00
8.571428571428571175e+00 8.344149408324774697e+00
8.486238532110091271e+00 8.312861039413398601e+00
8.402725208175624516e+00 9.211544017646955851e+00
8.317721993255901225e+00 9.417113883470467073e+00
8.234421364985163194e+00 1.114294583851897080e+01
8.155767817781043760e+00 1.261399607218980989e+01
8.075663877773736843e+00 1.729620226737686295e+01
7.994238386748290459e+00 1.988147128149679688e+01
7.914438502673798226e+00 1.557282265420045420e+01
7.836216025414755038e+00 1.474329031783615029e+01
7.759524641733659855e+00 1.499803769934450415e+01
7.681660899653979691e+00 2.373812710987376917e+01
7.605344295991778303e+00 1.262011348149555268e+01
7.530529172320216347e+00 1.698874374016348909e+01
7.454667562122230251e+00 1.771535456662138586e+01
7.380319148936170137e+00 1.747639535224938356e+01
7.307439104674128494e+00 1.447687304118434604e+01
7.235984354628421933e+00 1.302615472013481757e+01
7.165913492575855415e+00 1.339587873089035241e+01
7.094918504314478014e+00 1.556385082377083862e+01
7.023093957608351978e+00 1.430333000805623911e+01
6.952709051049169808e+00 1.660825817484155209e+01
6.883720930232557933e+00 1.637714617064573019e+01
6.816088424930917711e+00 1.636715340266600194e+01
6.749771967163271214e+00 1.401637236181668911e+01
6.682721252257677769e+00 1.657510987576169015e+01
6.616989567809238970e+00 1.945831037876509839e+01
6.552538370720188965e+00 1.756784438515978763e+01
6.487434248977206330e+00 2.031524818053182457e+01
6.423611111111111605e+00 1.867170126307971145e+01
6.359209395588655944e+00 1.834128595215684498e+01
6.296086216676120451e+00 1.166277029656171926e+01
6.234203875315921906e+00 1.316813091178536332e+01
6.171809841534613206e+00 1.729956800760752600e+01
6.110652353426919703e+00 1.620674957703603880e+01
6.050695012264923456e+00 1.977456140426192377e+01
5.990286022665946675e+00 1.707228484621173692e+01
5.931071333155222725e+00 1.784891102359354775e+01
5.873015873015872579e+00 1.903078934084202345e+01
5.814562598218961931e+00 1.608795721611913976e+01
5.757261410788380829e+00 1.733156861634449086e+01
5.699614890885751350e+00 1.649188073010277833e+01
5.643111337061515798e+00 1.470354883867822515e+01
5.587717090359928918e+00 1.498475644144040686e+01
5.532020931971094235e+00 1.208459615869140613e+01
5.477424130273871761e+00 1.289004402023875784e+01
5.422569614069369770e+00 1.229545961313071700e+01
5.368802902055621828e+00 1.263855917446100641e+01
5.316091954022987842e+00 1.087837385535507018e+01
5.263157894736842479e+00 1.269027935416522368e+01
5.211267605633802980e+00 1.607937741211005545e+01
5.160390516039051079e+00 1.361923433409236850e+01
5.109321058688147232e+00 1.242592672991368019e+01
5.058099794941900207e+00 1.102938788577616513e+01
5.007895330475975904e+00 1.144884920127061356e+01
4.958677685950413583e+00 1.255739657704700285e+01
4.909332153914196972e+00 1.376781857312726132e+01
4.859894921190893058e+00 1.611811545294243686e+01
4.812486451333188420e+00 1.758519017908562176e+01
4.764971023824855045e+00 1.491465071817854948e+01
4.717382065448363804e+00 1.371417825278588154e+01
4.670734273090679345e+00 1.426064663055847070e+01
4.624036659029369112e+00 1.485643629187732984e+01
4.578263559496804191e+00 1.591944955480238200e+01
4.533387788441903155e+00 1.723610575883691709e+01
4.488475535786492721e+00 2.145152003706536448e+01
4.443554843875100246e+00 2.605105740118099078e+01
4.399524375743162352e+00 3.434264156695452641e+01
4.356357927786498330e+00 3.824290641744757835e+01
4.313192150767437560e+00 5.086278041882527390e+01
4.270873412851096340e+00 5.545481237363715366e+01
4.228571428571429536e+00 5.174495670957282556e+01
4.186309636055063343e+00 3.059087311493978945e+01
4.144884241971619865e+00 2.299361392621941036e+01
4.104270660011092531e+00 2.094659469823951881e+01
4.063701263042284850e+00 1.910842860093529794e+01
4.023196810438564697e+00 1.743303504913647828e+01
3.983491835636101541e+00 1.596684650775458358e+01
3.943862142476461496e+00 1.484806079445796634e+01
3.905013192612137196e+00 1.400143988927240990e+01
3.866248693834901662e+00 1.376660915123474815e+01
3.827586206896552046e+00 1.293513999844025086e+01
3.789689313758962008e+00 1.269192677853452444e+01
3.752535496957402739e+00 1.142581363598215383e+01
3.715481171548116635e+00 1.147436334135202607e+01
3.678541839270919045e+00 1.100688782382961328e+01
3.642329778506972371e+00 1.134120120447647651e+01
3.606237816764131576e+00 1.075055645782405378e+01
3.570279832743647574e+00 1.197709970702598170e+01
3.535031847133757843e+00 1.257253316362988649e+01
3.499921172946555803e+00 1.201011631290298176e+01
3.465501092725570054e+00 1.421378791451062185e+01
3.431221020092735330e+00 1.350261839286497079e+01
3.397092578423871689e+00 1.446038295116845873e+01
3.363636363636363313e+00 1.378958326740091422e+01
3.330333033303329859e+00 1.854219649418689997e+01
3.297192930343086026e+00 1.410920678808502871e+01
3.264705882352941568e+00 1.463568106931625223e+01
3.232382061735585399e+00 1.598595195871632413e+01
3.200230647253856198e+00 1.457698739046027292e+01
3.168712532115329772e+00 1.046912147370352031e+01
3.137365743357828585e+00 1.045150850335622117e+01
3.106198404925143208e+00 1.071421939585198935e+01
3.075218174262362769e+00 9.890809312693445321e+00
3.044849814840214108e+00 1.000584951368358766e+01
3.014665942422596334e+00 1.029077957774065943e+01
2.984673299273997937e+00 9.969333687318467696e+00
2.955271565495207753e+00 9.788024438215623846e+00
2.926057730328192719e+00 9.697416469838492148e+00
2.897037713689155858e+00 1.077604744005021686e+01
2.868587672825946733e+00 1.391918005886222254e+01
2.840327533265097237e+00 2.077365959206459323e+01
2.812262477831264373e+00 2.920359451890249147e+01
2.784397341025962813e+00 3.137203563638477632e+01
2.756736619893206619e+00 3.178815013751566809e+01
2.729284484878288453e+00 2.442319873797385554e+01
2.702044790652384787e+00 3.782429768580009721e+01
2.675343456254519303e+00 3.412163519021847691e+01
2.648848586087578560e+00 1.634050440439996521e+01
2.622563496751328493e+00 1.969608600266377252e+01
2.596794946777400970e+00 1.936668918328724587e+01
2.571230020847811382e+00 1.806003328673944708e+01
2.545579635362916981e+00 1.193055734745207275e+01
2.520435967302451896e+00 1.226681626546355020e+01
2.495503597122301631e+00 1.079452461015989861e+01
2.470784641068447307e+00 9.127002477304095862e+00
2.446550584086399915e+00 9.186494689074145015e+00
2.422258592471358440e+00 8.689981894708250110e+00
2.398185157178351457e+00 1.027681368225504244e+01
2.374331550802139201e+00 1.170672480561606577e+01
2.350698856416772120e+00 1.125174239266969067e+01
2.327531977353743287e+00 1.150173020502709420e+01
2.304578013080037291e+00 1.190838475422059695e+01
2.281837804502004019e+00 1.062429664087625980e+01
2.259312029309993974e+00 9.202750829609877670e+00
2.236775818639798352e+00 8.669296056131672756e+00
2.214684756584198499e+00 6.141334964258867046e+00
2.192809166337415849e+00 7.871849808464610021e+00
2.170936827694113447e+00 6.080602874492595511e+00
2.149496514329976904e+00 5.643616427202926999e+00
2.128271498418176755e+00 4.971225220346014773e+00
2.107261509254865217e+00 5.681356978349205278e+00
2.086466165413534135e+00 9.435138038209791134e+00
2.065692751465524779e+00 1.738963266062213719e+01
2.045140488254260980e+00 1.210686736572144184e+01
2.024993158806895899e+00 1.369166236615258292e+01
2.005057803468207833e+00 2.018077464739542748e+01
1.985156040418492474e+00 8.069210400244552162e+00
1.965471447543160499e+00 1.667973076718689995e+01
1.946002805049088291e+00 1.350988058835682004e+01
1.926748828328415097e+00 1.084536872015020315e+01
1.907708172209332087e+00 1.236849009741793637e+01
1.888718734047984071e+00 1.131635824649855238e+01
1.869946091644204778e+00 1.354014214793163440e+01
1.851542952460383473e+00 1.380345422650479215e+01
1.833195706028076355e+00 1.305680997200139082e+01
1.814911706998037833e+00 1.063472381196680416e+01
1.796988829528897158e+00 9.127580874234244135e+00
1.779273863909593745e+00 8.489845874671107850e+00
1.761625138866846241e+00 6.572197714800002366e+00
1.744186046511627897e+00 6.430012204032872880e+00
1.726954492415402775e+00 6.038692231942265565e+00
1.709796672828096220e+00 6.093748965144540897e+00
1.692847338721976236e+00 4.842861850415834724e+00
1.676104190260475413e+00 4.173777740683735971e+00
1.659564924871047342e+00 4.763625073200878468e+00
1.643105617644881944e+00 5.911544282261976591e+00
1.626731149703231516e+00 3.850421517178030495e+00
1.610679822970325858e+00 6.126204732897862826e+00
1.594827586206896353e+00 3.994799948509121901e+00
1.579059677075183021e+00 7.239544401939276064e+00
1.563380281690141205e+00 3.820682275273531658e+00
1.547901269000139690e+00 3.456792420761971574e+00
1.532619951674145664e+00 4.735693893853741621e+00
1.517429938482570462e+00 5.302903239313461192e+00
1.502334709345604757e+00 6.670510580224041419e+00
1.487437185929648242e+00 8.810089035580897843e+00
1.472734509751890686e+00 9.687093671177995802e+00
1.458128078817733986e+00 9.262277112031624071e+00
1.443714638746179224e+00 1.173884118589499082e+01
1.429491307147456425e+00 1.301931050613469765e+01
1.415364998406120511e+00 1.131780736179497104e+01
1.401338214871859611e+00 1.303271513737319864e+01
1.387413286669582968e+00 1.342060833228236660e+01
1.373677371449786300e+00 1.399952013785542349e+01
1.360127435363313264e+00 1.392410179429675843e+01
1.346597112701686028e+00 1.000583315278954011e+01
1.333253258062578883e+00 8.864170728271098199e+00
1.320092763275257042e+00 7.695339838200055738e+00
1.306958671847403775e+00 6.018183193656513552e+00
1.294007927255770296e+00 4.665787218931452429e+00
1.281237375194782535e+00 4.743779644547547747e+00
1.268571428571428461e+00 8.986031921087173302e+00
1.256011315417255858e+00 4.544007542855658777e+00
1.243558144745686711e+00 2.960747916102075550e+00
1.231212911097554263e+00 3.964672697436743221e+00
1.219043435286365273e+00 6.010053890154349432e+00
1.206980916653074276e+00 6.861037796658756349e+00
1.195026107552349615e+00 6.217344889199422298e+00
1.183242724656220046e+00 7.005178875341737665e+00
1.171503957783641026e+00 6.739001998496856771e+00
1.159874608150470499e+00 8.488110108712984214e+00
1.148414463814598330e+00 1.001838112371757994e+01
1.137062077443146579e+00 1.047439671318372589e+01
1.125817739236269377e+00 1.036600182311359752e+01
1.114681662984535082e+00 8.914494328830183889e+00
1.103599125074567588e+00 7.393339477895310097e+00
1.092627227089280506e+00 5.438443587988545325e+00
1.081818624823351671e+00 4.625573650301719297e+00
1.071118402007140702e+00 4.105117211805895394e+00
1.060526441503845563e+00 3.794692100549410085e+00
1.050042569293349715e+00 3.803801414451926100e+00
1.039666557392403767e+00 3.881115480142415475e+00
1.029350396439004056e+00 4.106383277282573019e+00
1.019143368681999506e+00 4.374385866625994268e+00
1.009045043407118092e+00 4.548768801355676850e+00
1.001985918035746659e+00 4.714675517968735186e+00
