9.950694755714925677e+00 1.834323916094233553e+01
9.849157054125997846e+00 1.450048784472497942e+01
9.753954305799647173e+00 2.832828876116731465e+01
9.656372335798174333e+00 3.779486197689066529e+01
9.560723514211886709e+00 3.264307598933556420e+01
9.466950959488274364e+00 3.596391204205622927e+01
9.371042634022796136e+00 3.308036935189624472e+01
9.280936454849497252e+00 1.981992780730486103e+01
9.192546583850932151e+00 1.293651812373509280e+01
9.098360655737705471e+00 8.623575233275158070e+00
9.006085192697769415e+00 8.496107292611599249e+00
8.919244676576939312e+00 8.375866271138589170e+00
8.830548926014319733e+00 8.478030408855493860e+00
8.743599842457660642e+00 8.285808880735141102e+00
8.658346333853353727e+00 8.477959016882916643e+00
8.571428571428571175e+00 8.747977012643904260e+00
8.486238532110091271e+00 8.690157278432387500e+00
8.402725208175624516e+00 9.542858323243949670e+00
8.317721993255901225e+00 9.755796555069432330e+00
8.234421364985163194e+00 1.138683680511502239e+01
8.155767817781043760e+00 1.284327519401743167e+01
8.075663877773736843e+00 1.743970190944169119e+01
7.994238386748290459e+00 2.002961330253839733e+01
7.914438502673798226e+00 1.567565218811026817e+01
7.836216025414755038e+00 1.486261281617207253e+01
7.759524641733659855e+00 1.512834150119917886e+01
7.681660899653979691e+00 2.379921304297042539e+01
7.605344295991778303e+00 1.278215551296591990e+01
7.530529172320216347e+00 1.708382896346616775e+01
7.454667562122230251e+00 1.781494380108062714e+01
7.380319148936170137e+00 1.759265440161172833e+01
7.307439104674128494e+00 1.461299721649249328e+01
7.235984354628421933e+00 1.320060588292741777e+01
7.165913492575855415e+00 1.356345723650201229e+01
7.094918504314478014e+00 1.574184651859864736e+01
7.023093957608351978e+00 1.446685116220541367e+01
6.952709051049169808e+00 1.679241465213760520e+01
6.883720930232557933e+00 1.651628726990207952e+01
6.816088424930917711e+00 1.651010690021701421e+01
6.749771967163271214e+00 1.420112201997012136e+01
6.682721252257677769e+00 1.670342096723900127e+01
6.616989567809238970e+00 1.955877410092294610e+01
6.552538370720188965e+00 1.768509117100309069e+01
6.487434248977206330e+00 2.041524061185815953e+01
6.423611111111111605e+00 1.877666016737061838e+01
6.359209395588655944e+00 1.847986866763419656e+01
6.296086216676120451e+00 1.205447175975505303e+01
6.234203875315921906e+00 1.351595661710381613e+01
6.171809841534613206e+00 1.748267769720243336e+01
6.110652353426919703e+00 1.648621799782461750e+01
6.050695012264923456e+00 1.997804413969192439e+01
5.990286022665946675e+00 2.173711712819369524e+01
5.931071333155222725e+00 2.851792819096068854e+01
5.873015873015872579e+00 3.208753942521635594e+01
5.814562598218961931e+00 3.299978630052981288e+01
5.757261410788380829e+00 2.006392262657103132e+01
5.699614890885751350e+00 1.713282340421021388e+01
5.643111337061515798e+00 1.539243215529623932e+01
5.587717090359928918e+00 1.574760294036340724e+01
5.532020931971094235e+00 1.334035317918842978e+01
5.477424130273871761e+00 1.426050260829431160e+01
5.422569614069369770e+00 1.900983224677267813e+01
5.368802902055621828e+00 3.029201100686669790e+01
5.316091954022987842e+00 3.806066315185536553e+01
5.263157894736842479e+00 3.287360894112656240e+01
5.211267605633802980e+00 2.237488865214137945e+01
5.160390516039051079e+00 1.782523392450525890e+01
5.109321058688147232e+00 1.924216488954913018e+01
5.058099794941900207e+00 2.542243611393836389e+01
5.007895330475975904e+00 3.739612733287530233e+01
4.958677685950413583e+00 4.061373835561236945e+01
4.909332153914196972e+00 5.526972485582118821e+01
4.859894921190893058e+00 5.491985761887192297e+01
4.812486451333188420e+00 5.030758983600151169e+01
4.764971023824855045e+00 3.860778600050743137e+01
4.717382065448363804e+00 3.461444087944150283e+01
4.670734273090679345e+00 2.226697663009609229e+01
4.624036659029369112e+00 1.869000972076903366e+01
4.578263559496804191e+00 1.831731126343141014e+01
4.533387788441903155e+00 1.865110617398207893e+01
4.488475535786492721e+00 2.202455108894381652e+01
4.443554843875100246e+00 2.612151188151293368e+01
4.399524375743162352e+00 3.435053570340429019e+01
4.356357927786498330e+00 3.824693099559780052e+01
4.313192150767437560e+00 5.086464668306654602e+01
4.270873412851096340e+00 5.545506280183921177e+01
4.228571428571429536e+00 5.174792201068467534e+01
4.186309636055063343e+00 3.059933546706594498e+01
4.144884241971619865e+00 2.302572964246471443e+01
4.104270660011092531e+00 2.102025664414772876e+01
4.063701263042284850e+00 1.923652169875634854e+01
4.023196810438564697e+00 1.761559267899659176e+01
3.983491835636101541e+00 1.620469423695602629e+01
3.943862142476461496e+00 1.735569285784142224e+01
3.905013192612137196e+00 2.202324901893543796e+01
3.866248693834901662e+00 1.912663288382612947e+01
3.827586206896552046e+00 1.322209978659642005e+01
3.789689313758962008e+00 1.297477836770070425e+01
3.752535496957402739e+00 1.174516286168842605e+01
3.715481171548116635e+00 1.181583172411064808e+01
3.678541839270919045e+00 2.062642659317934601e+01
3.642329778506972371e+00 1.917219202191428451e+01
3.606237816764131576e+00 1.111613896390603529e+01
3.570279832743647574e+00 1.231557839166083745e+01
3.535031847133757843e+00 1.456748125542791250e+01
3.499921172946555803e+00 2.609961477800679219e+01
3.465501092725570054e+00 3.280178439249150557e+01
3.431221020092735330e+00 3.865344826638124687e+01
3.397092578423871689e+00 2.416578925931580812e+01
3.363636363636363313e+00 1.553727327295205818e+01
3.330333033303329859e+00 1.922508888946009620e+01
3.297192930343086026e+00 1.483327669366710744e+01
3.264705882352941568e+00 1.715943531934991739e+01
3.232382061735585399e+00 2.894123763546409123e+01
3.200230647253856198e+00 1.850806887438812609e+01
3.168712532115329772e+00 1.069215724675832746e+01
3.137365743357828585e+00 1.059000797209249356e+01
3.106198404925143208e+00 1.082644716994775891e+01
3.075218174262362769e+00 1.000240692844294976e+01
3.044849814840214108e+00 1.010410772871573393e+01
3.014665942422596334e+00 1.039714807112874340e+01
2.984673299273997937e+00 1.006272297954153494e+01
2.955271565495207753e+00 9.875137629525630345e+00
2.926057730328192719e+00 9.778476123119594021e+00
2.897037713689155858e+00 1.084248269344097437e+01
2.868587672825946733e+00 1.396215752592538628e+01
2.840327533265097237e+00 2.079197013863169019e+01
2.812262477831264373e+00 2.920856149643551092e+01
2.784397341025962813e+00 3.137253122438729136e+01
2.756736619893206619e+00 3.178846121357500465e+01
2.729284484878288453e+00 2.442722747378314097e+01
2.702044790652384787e+00 3.782411504458639229e+01
2.675343456254519303e+00 3.412296939585072408e+01
2.648848586087578560e+00 1.636197004659173260e+01
2.622563496751328493e+00 1.971028124432674034e+01
2.596794946777400970e+00 1.938141688194360057e+01
2.571230020847811382e+00 1.894449878961039602e+01
2.545579635362916981e+00 2.294378135764290150e+01
2.520435967302451896e+00 1.915052830642919446e+01
2.495503597122301631e+00 2.068060117913590545e+01
2.470784641068447307e+00 1.715896752798741787e+01
2.446550584086399915e+00 3.649222626286257309e+01
2.422258592471358440e+00 2.749629132272039200e+01
2.398185157178351457e+00 1.404201601461197590e+01
2.374331550802139201e+00 1.185742154077666655e+01
2.350698856416772120e+00 1.134605747331560899e+01
2.327531977353743287e+00 1.160248839004605337e+01
2.304578013080037291e+00 1.200038453085790024e+01
2.281837804502004019e+00 1.071629185703999987e+01
2.259312029309993974e+00 9.305700320363383682e+00
2.236775818639798352e+00 8.775642229984427445e+00
2.214684756584198499e+00 6.286484954363788624e+00
2.192809166337415849e+00 7.984107686682775373e+00
2.170936827694113447e+00 6.213452850733855115e+00
2.149496514329976904e+00 5.784905526517468033e+00
2.128271498418176755e+00 5.121411704366392925e+00
2.107261509254865217e+00 5.807477614034599611e+00
2.086466165413534135e+00 9.501216338230083380e+00
2.065692751465524779e+00 1.740211914320648035e+01
2.045140488254260980e+00 1.214325065925670621e+01
2.024993158806895899e+00 1.371313523018720026e+01
2.005057803468207833e+00 2.018531350015750903e+01
1.985156040418492474e+00 8.110521139367838472e+00
1.965471447543160499e+00 1.668774642747040460e+01
1.946002805049088291e+00 1.352033292815289833e+01
1.926748828328415097e+00 1.085755608292960517e+01
1.907708172209332087e+00 1.237759134544738515e+01
1.888718734047984071e+00 1.132625605841471561e+01
1.869946091644204778e+00 1.354769946975184958e+01
1.851542952460383473e+00 1.381067146284176417e+01
1.833195706028076355e+00 1.306466851439241594e+01
1.814911706998037833e+00 1.064527310247988190e+01
1.796988829528897158e+00 9.145267466180030169e+00
1.779273863909593745e+00 8.518153572010861652e+00
1.761625138866846241e+00 6.620308335301896996e+00
1.744186046511627897e+00 6.482123870914248798e+00
1.726954492415402775e+00 6.100656008535380259e+00
1.709796672828096220e+00 6.160908185308914931e+00
1.692847338721976236e+00 4.924547166223747219e+00
1.676104190260475413e+00 4.261774050926675272e+00
1.659564924871047342e+00 4.842443743590677308e+00
1.643105617644881944e+00 5.982876637726985081e+00
1.626731149703231516e+00 3.939239559912226518e+00
1.610679822970325858e+00 6.185464121771576451e+00
1.594827586206896353e+00 4.074628593281437894e+00
1.579059677075183021e+00 7.290611854867066199e+00
1.563380281690141205e+00 3.896459388627485865e+00
1.547901269000139690e+00 3.533360045269913208e+00
1.532619951674145664e+00 4.791945548670555333e+00
1.517429938482570462e+00 5.348611121261873436e+00
1.502334709345604757e+00 6.698903695455723728e+00
1.487437185929648242e+00 8.822899072697259371e+00
1.472734509751890686e+00 9.694767393923186205e+00
1.458128078817733986e+00 9.270436954214398284e+00
1.443714638746179224e+00 1.174395243433952452e+01
1.429491307147456425e+00 1.302376658509397167e+01
1.415364998406120511e+00 1.132243653543557649e+01
1.401338214871859611e+00 1.303604517835392684e+01
1.387413286669582968e+00 1.342371476859671375e+01
1.373677371449786300e+00 1.400244239024697457e+01
1.360127435363313264e+00 1.392708367445426099e+01
1.346597112701686028e+00 1.001166899613864913e+01
1.333253258062578883e+00 8.872988309772102511e+00
1.320092763275257042e+00 7.710671371183945411e+00
1.306958671847403775e+00 6.042655839937336459e+00
1.294007927255770296e+00 4.702016912810578653e+00
1.281237375194782535e+00 4.784891919275994887e+00
1.268571428571428461e+00 9.010283494082429456e+00
1.256011315417255858e+00 4.587514201260886715e+00
1.243558144745686711e+00 3.010290696957807377e+00
1.231212911097554263e+00 4.004391749657008504e+00
1.219043435286365273e+00 6.036481944579655590e+00
1.206980916653074276e+00 6.882308130328216755e+00
1.195026107552349615e+00 6.237193002448288226e+00
1.183242724656220046e+00 7.020397775181558941e+00
1.171503957783641026e+00 6.755247620818415122e+00
1.159874608150470499e+00 8.496777813457750739e+00
1.148414463814598330e+00 1.002257799802896798e+01
1.137062077443146579e+00 1.047863933659899160e+01
1.125817739236269377e+00 1.036924102638490730e+01
1.114681662984535082e+00 8.920507404087420156e+00
1.103599125074567588e+00 7.404617118307682766e+00
1.092627227089280506e+00 5.460445203227502375e+00
1.081818624823351671e+00 4.651946192426657412e+00
1.071118402007140702e+00 4.135030911814309817e+00
1.060526441503845563e+00 3.825846734861891640e+00
1.050042569293349715e+00 3.834514994535752841e+00
1.039666557392403767e+00 3.910769719747102080e+00
1.029350396439004056e+00 4.134136612574921266e+00
1.019143368681999506e+00 4.400171092073837720e+00
1.009045043407118092e+00 4.573198695038675154e+00
1.001985918035746659e+00 4.737935421722466955e+00
