9.950694755714925677e+00 1.212229312073240628e+01
9.849157054125997846e+00 9.250490319420315188e+00
9.753954305799647173e+00 2.005029464543808615e+01
9.656372335798174333e+00 2.769685866094013704e+01
9.560723514211886709e+00 2.474115031305280965e+01
9.466950959488274364e+00 2.742625510615607354e+01
9.371042634022796136e+00 2.426538477338513289e+01
9.280936454849497252e+00 1.341331021558577419e+01
9.192546583850932151e+00 1.117733030841201725e+01
9.098360655737705471e+00 7.827440447999240547e+00
9.006085192697769415e+00 7.888098927483361500e+00
8.919244676576939312e+00 7.836947900153597324e+00
8.830548926014319733e+00 8.022974636996160314e+00
8.743599842457660642e+00 7.825215190730889780e+00
8.658346333853353727e+00 8.065105483311141299e+00
8.571428571428571175e+00 8.386906002128585058e+00
8.486238532110091271e+00 8.352560160443690762e+00
8.402725208175624516e+00 9.246273000646372253e+00
8.317721993255901225e+00 9.452650636503440396e+00
8.234421364985163194e+00 1.116818400349140283e+01
8.155767817781043760e+00 1.263767668673964728e+01
8.075663877773736843e+00 1.731105771524702064e+01
7.994238386748290459e+00 1.989657268372544507e+01
7.914438502673798226e+00 1.558321595952953764e+01
7.836216025414755038e+00 1.475538155131978613e+01
7.759524641733659855e+00 1.501123481575565677e+01
7.681660899653979691e+00 2.374429442176707283e+01
7.605344295991778303e+00 1.263649698755213180e+01
7.530529172320216347e+00 1.699835871720242508e+01
7.454667562122230251e+00 1.772541702543488995e+01
7.380319148936170137e+00 1.748814141541170741e+01
7.307439104674128494e+00 1.449062746857039130e+01
7.235984354628421933e+00 1.304380170619297274e+01
7.165913492575855415e+00 1.341282037956730733e+01
7.094918504314478014e+00 1.558187104067988926e+01
7.023093957608351978e+00 1.431987164026498682e+01
6.952709051049169808e+00 1.662691749599613544e+01
6.883720930232557933e+00 1.639122821385957351e+01
6.816088424930917711e+00 1.638161773678221067e+01
6.749771967163271214e+00 1.403508873205549889e+01
6.682721252257677769e+00 1.658809032178514187e+01
6.616989567809238970e+00 1.946847167928375555e+01
6.552538370720188965e+00 1.757971285444750364e+01
6.487434248977206330e+00 2.032537705498057790e+01
6.423611111111111605e+00 1.868232860751664148e+01
6.359209395588655944e+00 1.835535311741054088e+01
6.296086216676120451e+00 1.170282889062229259e+01
6.234203875315921906e+00 1.320372168426308512e+01
6.171809841534613206e+00 1.731821401021904805e+01
6.110652353426919703e+00 1.623533598719504312e+01
6.050695012264923456e+00 1.979545310235182853e+01
5.990286022665946675e+00 1.816839377167319114e+01
5.931071333155222725e+00 2.200128696470419598e+01
5.873015873015872579e+00 2.510670197052698427e+01
5.814562598218961931e+00 2.638139916198849733e+01
5.757261410788380829e+00 1.797099043903853044e+01
5.699614890885751350e+00 1.655932251781845110e+01
5.643111337061515798e+00 1.477623052066288523e+01
5.587717090359928918e+00 1.506583030594354966e+01
5.532020931971094235e+00 1.222051829776454035e+01
5.477424130273871761e+00 1.304044356369662161e+01
5.422569614069369770e+00 1.426259770640560554e+01
5.368802902055621828e+00 2.050709386964625125e+01
5.316091954022987842e+00 2.850403891259852429e+01
5.263157894736842479e+00 2.508224744186305344e+01
5.211267605633802980e+00 1.786599435621233667e+01
5.160390516039051079e+00 1.420975230700487657e+01
5.109321058688147232e+00 1.359594477912100885e+01
5.058099794941900207e+00 1.732974361429528898e+01
5.007895330475975904e+00 2.805364566626987965e+01
4.958677685950413583e+00 3.104413277147282457e+01
4.909332153914196972e+00 4.559325055135955296e+01
4.859894921190893058e+00 4.529189795289056519e+01
4.812486451333188420e+00 4.099010290842201698e+01
4.764971023824855045e+00 3.057282900211851384e+01
4.717382065448363804e+00 2.656398648230050341e+01
4.670734273090679345e+00 1.652390564879983970e+01
4.624036659029369112e+00 1.543110639615938418e+01
4.578263559496804191e+00 1.623188830543006489e+01
4.533387788441903155e+00 1.740465121342852584e+01
4.488475535786492721e+00 2.151541292476248657e+01
4.443554843875100246e+00 2.605831729475694303e+01
4.399524375743162352e+00 3.434345221663498648e+01
4.356357927786498330e+00 3.824335202652822119e+01
4.313192150767437560e+00 5.086453309510713439e+01
4.270873412851096340e+00 5.545502587889229318e+01
4.228571428571429536e+00 5.174786896678068615e+01
4.186309636055063343e+00 3.059179135802727245e+01
4.144884241971619865e+00 2.299685219203445996e+01
4.104270660011092531e+00 2.095406645039012616e+01
4.063701263042284850e+00 1.912148056237654714e+01
4.023196810438564697e+00 1.745168233407440184e+01
3.983491835636101541e+00 1.599119091113733404e+01
3.943862142476461496e+00 1.532667161787961163e+01
3.905013192612137196e+00 1.705794835513578889e+01
3.866248693834901662e+00 1.561571540056746699e+01
3.827586206896552046e+00 1.296456074787250934e+01
3.789689313758962008e+00 1.272101223474572329e+01
3.752535496957402739e+00 1.145878013549134522e+01
3.715481171548116635e+00 1.151006662375962897e+01
3.678541839270919045e+00 1.431854575750196013e+01
3.642329778506972371e+00 1.402737184814258597e+01
3.606237816764131576e+00 1.078903862475122288e+01
3.570279832743647574e+00 1.201277327995842725e+01
3.535031847133757843e+00 1.297409688837712949e+01
3.499921172946555803e+00 1.872925562929623311e+01
3.465501092725570054e+00 2.392241428896376831e+01
3.431221020092735330e+00 2.959701534730080752e+01
3.397092578423871689e+00 1.873523034127664033e+01
3.363636363636363313e+00 1.418606819803646069e+01
3.330333033303329859e+00 1.864850896369360100e+01
3.297192930343086026e+00 1.422489142023756159e+01
3.264705882352941568e+00 1.530598654441129014e+01
3.232382061735585399e+00 2.262972366763250420e+01
3.200230647253856198e+00 1.561799949677814503e+01
3.168712532115329772e+00 1.049218788841687022e+01
3.137365743357828585e+00 1.046556743081137064e+01
3.106198404925143208e+00 1.072556191485891652e+01
3.075218174262362769e+00 9.902074961320195712e+00
3.044849814840214108e+00 1.001575297089198990e+01
3.014665942422596334e+00 1.030154922401808548e+01
2.984673299273997937e+00 9.978762278455524992e+00
2.955271565495207753e+00 9.796803165170567596e+00
2.926057730328192719e+00 9.705576729924331403e+00
2.897037713689155858e+00 1.078272150169177834e+01
2.868587672825946733e+00 1.392349149372885186e+01
2.840327533265097237e+00 2.077549691454621339e+01
2.812262477831264373e+00 2.920410111037269374e+01
2.784397341025962813e+00 3.137208589190152708e+01
2.756736619893206619e+00 3.178818162877803388e+01
2.729284484878288453e+00 2.442360320332814894e+01
2.702044790652384787e+00 3.782392594908819206e+01
2.675343456254519303e+00 3.412177898520295827e+01
2.648848586087578560e+00 1.634265488562388313e+01
2.622563496751328493e+00 1.969750778164088345e+01
2.596794946777400970e+00 1.936816432619824724e+01
2.571230020847811382e+00 1.822391745876149471e+01
2.545579635362916981e+00 1.608973506121250452e+01
2.520435967302451896e+00 1.478811229856901655e+01
2.495503597122301631e+00 1.460573442462147753e+01
2.470784641068447307e+00 1.122527332022854196e+01
2.446550584086399915e+00 2.651474665545077158e+01
2.422258592471358440e+00 1.792291010600746048e+01
2.398185157178351457e+00 1.125119021067305702e+01
2.374331550802139201e+00 1.172224206629119436e+01
2.350698856416772120e+00 1.126136493388903936e+01
2.327531977353743287e+00 1.151202085809192788e+01
2.304578013080037291e+00 1.191777206144226220e+01
2.281837804502004019e+00 1.063366102571708538e+01
2.259312029309993974e+00 9.213225225404183760e+00
2.236775818639798352e+00 8.680114219287252908e+00
2.214684756584198499e+00 6.156105256149331240e+00
2.192809166337415849e+00 7.883253053038258962e+00
2.170936827694113447e+00 6.094100566884021575e+00
2.149496514329976904e+00 5.657968861166847496e+00
2.128271498418176755e+00 4.986480493430152094e+00
2.107261509254865217e+00 5.694150509775441016e+00
2.086466165413534135e+00 9.441821562659539424e+00
2.065692751465524779e+00 1.739088611409883001e+01
2.045140488254260980e+00 1.211053737987643686e+01
2.024993158806895899e+00 1.369382226092509036e+01
2.005057803468207833e+00 2.018122905497934383e+01
1.985156040418492474e+00 8.073367625573977691e+00
1.965471447543160499e+00 1.668053359704343919e+01
1.946002805049088291e+00 1.351092686967381873e+01
1.926748828328415097e+00 1.084658840907920307e+01
1.907708172209332087e+00 1.236940072530442158e+01
1.888718734047984071e+00 1.131734859975724028e+01
1.869946091644204778e+00 1.354089826177770917e+01
1.851542952460383473e+00 1.380417634024880869e+01
1.833195706028076355e+00 1.305759622063374614e+01
1.814911706998037833e+00 1.063577952148324535e+01
1.796988829528897158e+00 9.129354380433895244e+00
1.779273863909593745e+00 8.492689279606130626e+00
1.761625138866846241e+00 6.577038336704196020e+00
1.744186046511627897e+00 6.435257250291639863e+00
1.726954492415402775e+00 6.044933573466876098e+00
1.709796672828096220e+00 6.100515603031563039e+00
1.692847338721976236e+00 4.851094263433513021e+00
1.676104190260475413e+00 4.182646584386787936e+00
1.659564924871047342e+00 4.771566112097033852e+00
1.643105617644881944e+00 5.918730187619205552e+00
1.626731149703231516e+00 3.859369896608204176e+00
1.610679822970325858e+00 6.132170554969135878e+00
1.594827586206896353e+00 4.002838326930618251e+00
1.579059677075183021e+00 7.244683157546248253e+00
1.563380281690141205e+00 3.828309040617087877e+00
1.547901269000139690e+00 3.464497381878874016e+00
1.532619951674145664e+00 4.741350062114214836e+00
1.517429938482570462e+00 5.307496819351290362e+00
1.502334709345604757e+00 6.673360790477912197e+00
1.487437185929648242e+00 8.811372762054446639e+00
1.472734509751890686e+00 9.687861792359163005e+00
1.458128078817733986e+00 9.263093970110793052e+00
1.443714638746179224e+00 1.173935262825129477e+01
1.429491307147456425e+00 1.301975624513105956e+01
1.415364998406120511e+00 1.131827043633017738e+01
1.401338214871859611e+00 1.303304822217766556e+01
1.387413286669582968e+00 1.342091904412274417e+01
1.373677371449786300e+00 1.399981238829371399e+01
1.360127435363313264e+00 1.392440005525310909e+01
1.346597112701686028e+00 1.000641722744607343e+01
1.333253258062578883e+00 8.865053705924156091e+00
1.320092763275257042e+00 7.696876446087701495e+00
1.306958671847403775e+00 6.020637562253840613e+00
1.294007927255770296e+00 4.669422611023005487e+00
1.281237375194782535e+00 4.747906252641385549e+00
1.268571428571428461e+00 8.988465100999826873e+00
1.256011315417255858e+00 4.548374275613698003e+00
1.243558144745686711e+00 2.965720444357248908e+00
1.231212911097554263e+00 3.968657972109967957e+00
1.219043435286365273e+00 6.012704440284529994e+00
1.206980916653074276e+00 6.863170396446494514e+00
1.195026107552349615e+00 6.219334456577318093e+00
1.183242724656220046e+00 7.006703973295699051e+00
1.171503957783641026e+00 6.740630010211330791e+00
1.159874608150470499e+00 8.488978125476439374e+00
1.148414463814598330e+00 1.001880106900514633e+01
1.137062077443146579e+00 1.047482126452831963e+01
1.125817739236269377e+00 1.036632587320560539e+01
1.114681662984535082e+00 8.915096288471342945e+00
1.103599125074567588e+00 7.394469087434027976e+00
1.092627227089280506e+00 5.440648734256220642e+00
1.081818624823351671e+00 4.628217196165031133e+00
1.071118402007140702e+00 4.108115925353847508e+00
1.060526441503845563e+00 3.797815205094549285e+00
1.050042569293349715e+00 3.806880173037951121e+00
1.039666557392403767e+00 3.884087856487802082e+00
1.029350396439004056e+00 4.109164871827575283e+00
1.019143368681999506e+00 4.376969984066676922e+00
1.009045043407118092e+00 4.551216915680301511e+00
1.001985918035746659e+00 4.717006249743276314e+00
