9.950694755714925677e+00 7.846145327162445504e+00
9.849157054125997846e+00 7.812857364471500254e+00
9.753954305799647173e+00 7.801626564784810647e+00
9.656372335798174333e+00 7.850091986128489019e+00
9.560723514211886709e+00 8.735781554781739899e+00
9.466950959488274364e+00 8.706817813961706065e+00
9.371042634022796136e+00 9.183204278070828508e+00
9.280936454849497252e+00 9.558485751549115506e+00
9.192546583850932151e+00 1.088292324778944398e+01
9.098360655737705471e+00 7.843275579063618608e+00
9.006085192697769415e+00 8.013764998393456906e+00
8.919244676576939312e+00 7.937231659055155042e+00
8.830548926014319733e+00 8.330956302944512615e+00
8.743599842457660642e+00 8.126212606734535271e+00
8.658346333853353727e+00 8.851150765047623992e+00
8.571428571428571175e+00 9.555415385540724671e+00
8.486238532110091271e+00 9.342424081383944312e+00
8.402725208175624516e+00 1.219767110803420884e+01
8.317721993255901225e+00 1.195972035567130476e+01
8.234421364985163194e+00 1.451636143390417466e+01
8.155767817781043760e+00 1.615844110538372647e+01
8.075663877773736843e+00 2.252755512841846297e+01
7.994238386748290459e+00 2.710842417838548357e+01
7.914438502673798226e+00 2.274114884925544544e+01
7.836216025414755038e+00 2.032391791641814649e+01
7.759524641733659855e+00 2.074814372864092960e+01
7.681660899653979691e+00 3.143870858410509328e+01
7.605344295991778303e+00 1.662680128874098173e+01
7.530529172320216347e+00 2.263978727405007874e+01
7.454667562122230251e+00 2.409026033944273237e+01
7.380319148936170137e+00 2.309667533179187870e+01
7.307439104674128494e+00 1.784814112303725864e+01
7.235984354628421933e+00 1.563131742575979288e+01
7.165913492575855415e+00 1.383767039495563722e+01
7.094918504314478014e+00 1.596804960971824983e+01
7.023093957608351978e+00 1.483317053926117879e+01
6.952709051049169808e+00 1.763023776131808873e+01
6.883720930232557933e+00 1.717318401701495389e+01
6.816088424930917711e+00 1.701901199408985832e+01
6.749771967163271214e+00 1.435934642252370885e+01
6.682721252257677769e+00 1.670783445772570985e+01
6.616989567809238970e+00 1.950616259895436855e+01
6.552538370720188965e+00 1.758498991120941568e+01
6.487434248977206330e+00 2.188238370997288840e+01
6.423611111111111605e+00 1.880779125254336748e+01
6.359209395588655944e+00 1.889878334636311408e+01
6.296086216676120451e+00 1.208743559538378598e+01
6.234203875315921906e+00 1.405473118841131708e+01
6.171809841534613206e+00 1.819320705805109739e+01
6.110652353426919703e+00 1.627064317771891666e+01
6.050695012264923456e+00 2.053414947467400609e+01
5.990286022665946675e+00 1.711101821804668432e+01
5.931071333155222725e+00 1.828035118518498336e+01
5.873015873015872579e+00 1.903765146469950764e+01
5.814562598218961931e+00 1.614187494728326655e+01
5.757261410788380829e+00 1.733903351953682304e+01
5.699614890885751350e+00 1.649673346453046818e+01
5.643111337061515798e+00 1.471538555596194975e+01
5.587717090359928918e+00 1.500626964679980446e+01
5.532020931971094235e+00 1.209955746095282159e+01
5.477424130273871761e+00 1.289535258833128317e+01
5.422569614069369770e+00 1.231862462755600873e+01
5.368802902055621828e+00 1.263982143028920824e+01
5.316091954022987842e+00 1.087974748166073091e+01
5.263157894736842479e+00 1.269127642968853564e+01
5.211267605633802980e+00 1.608040549409179576e+01
5.160390516039051079e+00 1.362017770815304196e+01
5.109321058688147232e+00 1.242699860600282058e+01
5.058099794941900207e+00 1.103053452644738286e+01
5.007895330475975904e+00 1.144989358997025519e+01
4.958677685950413583e+00 1.255834190855795818e+01
4.909332153914196972e+00 1.376862891594695171e+01
4.859894921190893058e+00 1.611897110708070713e+01
4.812486451333188420e+00 1.758572895272016723e+01
4.764971023824855045e+00 1.491762289497326144e+01
4.717382065448363804e+00 1.371729526648439013e+01
4.670734273090679345e+00 1.433682921808516220e+01
4.624036659029369112e+00 1.485959481731484466e+01
4.578263559496804191e+00 1.592288052621221084e+01
4.533387788441903155e+00 1.731587315100466284e+01
4.488475535786492721e+00 2.145427410279512515e+01
4.443554843875100246e+00 2.605224780158682307e+01
4.399524375743162352e+00 3.434323484893899803e+01
4.356357927786498330e+00 3.824401202548847323e+01
4.313192150767437560e+00 5.086456113969033055e+01
4.270873412851096340e+00 5.545502562283569148e+01
4.228571428571429536e+00 5.174793026853928524e+01
4.186309636055063343e+00 3.059153928221775942e+01
4.144884241971619865e+00 2.300114115349381549e+01
4.104270660011092531e+00 2.095309478053762220e+01
4.063701263042284850e+00 1.925130067648206378e+01
4.023196810438564697e+00 1.764349265034114822e+01
3.983491835636101541e+00 1.610516449555537477e+01
3.943862142476461496e+00 1.539302610908031532e+01
3.905013192612137196e+00 1.480142371877274066e+01
3.866248693834901662e+00 1.561828581822547513e+01
3.827586206896552046e+00 1.382671526711842169e+01
3.789689313758962008e+00 1.451633209187627394e+01
3.752535496957402739e+00 1.232273955982475577e+01
3.715481171548116635e+00 1.314659681502159749e+01
3.678541839270919045e+00 1.214891922246948930e+01
3.642329778506972371e+00 1.371932661975221279e+01
3.606237816764131576e+00 1.338483252712730653e+01
3.570279832743647574e+00 1.603733263122416375e+01
3.535031847133757843e+00 1.704239791936958781e+01
3.499921172946555803e+00 1.644100839386906543e+01
3.465501092725570054e+00 2.043120161227123077e+01
3.431221020092735330e+00 1.911214873698364869e+01
3.397092578423871689e+00 2.106079408789980789e+01
3.363636363636363313e+00 1.943210246947347031e+01
3.330333033303329859e+00 2.511973066496827656e+01
3.297192930343086026e+00 1.873113997090823801e+01
3.264705882352941568e+00 2.052246686575120549e+01
3.232382061735585399e+00 2.184146821175309938e+01
3.200230647253856198e+00 1.902082552000214477e+01
3.168712532115329772e+00 1.348077389684295824e+01
3.137365743357828585e+00 1.198591446033743324e+01
3.106198404925143208e+00 1.078149649432298141e+01
3.075218174262362769e+00 9.931486382991572270e+00
3.044849814840214108e+00 1.003497684767541109e+01
3.014665942422596334e+00 1.030176747313322494e+01
2.984673299273997937e+00 9.978493453348104225e+00
2.955271565495207753e+00 9.802491992669718712e+00
2.926057730328192719e+00 9.704125715144494180e+00
2.897037713689155858e+00 1.078184670799227085e+01
2.868587672825946733e+00 1.392683465175559832e+01
2.840327533265097237e+00 2.077613952860545155e+01
2.812262477831264373e+00 2.920581544758363535e+01
2.784397341025962813e+00 3.137221775760752251e+01
2.756736619893206619e+00 3.178822386127288269e+01
2.729284484878288453e+00 2.442566459944303503e+01
2.702044790652384787e+00 3.782417803113865773e+01
2.675343456254519303e+00 3.412305899234950601e+01
2.648848586087578560e+00 1.649951628358892464e+01
2.622563496751328493e+00 2.005012131182517621e+01
2.596794946777400970e+00 2.090453777308288963e+01
2.571230020847811382e+00 1.930269069554162087e+01
2.545579635362916981e+00 1.271411682240093199e+01
2.520435967302451896e+00 1.268383717947998868e+01
2.495503597122301631e+00 1.118561981734556277e+01
2.470784641068447307e+00 1.042437116493975502e+01
2.446550584086399915e+00 1.122022468703657161e+01
2.422258592471358440e+00 1.117628952636104422e+01
2.398185157178351457e+00 1.522954327203595604e+01
2.374331550802139201e+00 1.698354551995059580e+01
2.350698856416772120e+00 1.753276288781219705e+01
2.327531977353743287e+00 1.786931857146963409e+01
2.304578013080037291e+00 1.819817737601856678e+01
2.281837804502004019e+00 1.739180987854786054e+01
2.259312029309993974e+00 1.507518993956118436e+01
2.236775818639798352e+00 1.402176971447289411e+01
2.214684756584198499e+00 8.906471448368733945e+00
2.192809166337415849e+00 1.083285133479461848e+01
2.170936827694113447e+00 8.138370644308189128e+00
2.149496514329976904e+00 6.617513732665332604e+00
2.128271498418176755e+00 5.262775865255092000e+00
2.107261509254865217e+00 5.692143830546070760e+00
2.086466165413534135e+00 9.438292927412602396e+00
2.065692751465524779e+00 1.739010146789054190e+01
2.045140488254260980e+00 1.210919999961219240e+01
2.024993158806895899e+00 1.369271398375058624e+01
2.005057803468207833e+00 2.018196020663032186e+01
1.985156040418492474e+00 8.080254046039200944e+00
1.965471447543160499e+00 1.668739612351102863e+01
1.946002805049088291e+00 1.351919739394399222e+01
1.926748828328415097e+00 1.090709121354678146e+01
1.907708172209332087e+00 1.243248202937342128e+01
1.888718734047984071e+00 1.134710617409548661e+01
1.869946091644204778e+00 1.367024224699719248e+01
1.851542952460383473e+00 1.403698740042032256e+01
1.833195706028076355e+00 1.340189873236134588e+01
1.814911706998037833e+00 1.103185543087674070e+01
1.796988829528897158e+00 1.089744413820504931e+01
1.779273863909593745e+00 1.114841250891772084e+01
1.761625138866846241e+00 8.678345930069585989e+00
1.744186046511627897e+00 8.505375087954300639e+00
1.726954492415402775e+00 9.949803049994091708e+00
1.709796672828096220e+00 1.104254831833736894e+01
1.692847338721976236e+00 8.281059700437987559e+00
1.676104190260475413e+00 6.935284377324996363e+00
1.659564924871047342e+00 7.691974418989691920e+00
1.643105617644881944e+00 9.310845346614840423e+00
1.626731149703231516e+00 6.537532783914559609e+00
1.610679822970325858e+00 6.396847053688292206e+00
1.594827586206896353e+00 4.008782214365870011e+00
1.579059677075183021e+00 7.242195763818997989e+00
1.563380281690141205e+00 3.826544148297242653e+00
1.547901269000139690e+00 3.462764226906148490e+00
1.532619951674145664e+00 4.745400178398920588e+00
1.517429938482570462e+00 5.326864166312724080e+00
1.502334709345604757e+00 6.710201195445303135e+00
1.487437185929648242e+00 8.868362866401914957e+00
1.472734509751890686e+00 9.925271459579164457e+00
1.458128078817733986e+00 9.383134099947966433e+00
1.443714638746179224e+00 1.193280903418376404e+01
1.429491307147456425e+00 1.335483709941108366e+01
1.415364998406120511e+00 1.231196167662577956e+01
1.401338214871859611e+00 1.429543390362417199e+01
1.387413286669582968e+00 1.464487421904554765e+01
1.373677371449786300e+00 1.497571237465226979e+01
1.360127435363313264e+00 1.489821318227469327e+01
1.346597112701686028e+00 1.118806777935699159e+01
1.333253258062578883e+00 9.943744467028306389e+00
1.320092763275257042e+00 8.071816820175408580e+00
1.306958671847403775e+00 6.152631711420141869e+00
1.294007927255770296e+00 4.677587113846946920e+00
1.281237375194782535e+00 4.745720497848474828e+00
1.268571428571428461e+00 8.989209450311170357e+00
1.256011315417255858e+00 4.544586119125134438e+00
1.243558144745686711e+00 2.970646920383741563e+00
1.231212911097554263e+00 3.993103842289249528e+00
1.219043435286365273e+00 6.048810303926493326e+00
1.206980916653074276e+00 6.976386517772776408e+00
1.195026107552349615e+00 6.631303893149380180e+00
1.183242724656220046e+00 7.828070496509706544e+00
1.171503957783641026e+00 8.010158473692893466e+00
1.159874608150470499e+00 1.071162220744311533e+01
1.148414463814598330e+00 1.088052196076527700e+01
1.137062077443146579e+00 1.097114831255793455e+01
1.125817739236269377e+00 1.088632458762470812e+01
1.114681662984535082e+00 9.054205904756702949e+00
1.103599125074567588e+00 7.423328316960348339e+00
1.092627227089280506e+00 5.466583395025661041e+00
1.081818624823351671e+00 4.625910545905722593e+00
1.071118402007140702e+00 4.105458480411676270e+00
1.060526441503845563e+00 3.795034532825522611e+00
1.050042569293349715e+00 3.804130341722669506e+00
1.039666557392403767e+00 3.881426886507711504e+00
1.029350396439004056e+00 4.106670212017052179e+00
1.019143368681999506e+00 4.374649085243026647e+00
1.009045043407118092e+00 4.549015585871642564e+00
1.001985918035746659e+00 4.714908959421715728e+00
