9.950694755714925677e+00 7.935012652116617993e+00
9.849157054125997846e+00 7.912818826812832107e+00
9.753954305799647173e+00 7.915875889894312678e+00
9.656372335798174333e+00 7.970789192822973490e+00
9.560723514211886709e+00 8.874601506566135001e+00
9.466950959488274364e+00 8.864549442524214840e+00
9.371042634022796136e+00 9.427909599430265075e+00
9.280936454849497252e+00 9.759988027391109711e+00
9.192546583850932151e+00 1.134039698055068612e+01
9.098360655737705471e+00 8.869360479374117645e+00
9.006085192697769415e+00 9.600631973720789247e+00
8.919244676576939312e+00 9.304149463257592956e+00
8.830548926014319733e+00 9.827404359500867770e+00
8.743599842457660642e+00 1.039913959545572730e+01
8.658346333853353727e+00 1.174798248207202178e+01
8.571428571428571175e+00 1.387615429038671344e+01
8.486238532110091271e+00 1.361444200579927788e+01
8.402725208175624516e+00 1.926376036255167179e+01
8.317721993255901225e+00 1.709767616065621709e+01
8.234421364985163194e+00 2.127213363584381156e+01
8.155767817781043760e+00 2.376114958991600901e+01
8.075663877773736843e+00 3.039762455374275163e+01
7.994238386748290459e+00 3.664229083715294166e+01
7.914438502673798226e+00 3.001010911103061929e+01
7.836216025414755038e+00 2.700926622956182399e+01
7.759524641733659855e+00 2.850915156515632276e+01
7.681660899653979691e+00 3.964208933038727878e+01
7.605344295991778303e+00 2.406967692260580449e+01
7.530529172320216347e+00 2.985728179728063481e+01
7.454667562122230251e+00 3.153676596576015001e+01
7.380319148936170137e+00 3.137107500356523815e+01
7.307439104674128494e+00 2.441370238662910452e+01
7.235984354628421933e+00 2.101007060075720290e+01
7.165913492575855415e+00 1.637282412999789116e+01
7.094918504314478014e+00 1.810811084070578048e+01
7.023093957608351978e+00 1.732232512407437142e+01
6.952709051049169808e+00 2.028476689656772081e+01
6.883720930232557933e+00 1.899796469496458684e+01
6.816088424930917711e+00 1.887260740545198345e+01
6.749771967163271214e+00 1.652188869307547847e+01
6.682721252257677769e+00 1.767036904615030934e+01
6.616989567809238970e+00 1.993424328793615175e+01
6.552538370720188965e+00 1.775805048122293783e+01
6.487434248977206330e+00 2.476409247355496390e+01
6.423611111111111605e+00 1.978639352502360182e+01
6.359209395588655944e+00 2.021153359563423635e+01
6.296086216676120451e+00 1.337741165300523782e+01
6.234203875315921906e+00 1.619986806910302946e+01
6.171809841534613206e+00 1.979825386727101488e+01
6.110652353426919703e+00 1.685080810723351163e+01
6.050695012264923456e+00 2.137356521907866735e+01
5.990286022665946675e+00 1.747682850178474112e+01
5.931071333155222725e+00 1.970859256027022965e+01
5.873015873015872579e+00 1.910634797172559018e+01
5.814562598218961931e+00 1.662824866202888074e+01
5.757261410788380829e+00 1.741463118635799390e+01
5.699614890885751350e+00 1.654699344643044157e+01
5.643111337061515798e+00 1.483409024300606838e+01
5.587717090359928918e+00 1.520193429130464757e+01
5.532020931971094235e+00 1.224583367850923388e+01
5.477424130273871761e+00 1.294999588527697654e+01
5.422569614069369770e+00 1.252287046156457784e+01
5.368802902055621828e+00 1.265320741486937095e+01
5.316091954022987842e+00 1.089433884956944532e+01
5.263157894736842479e+00 1.270186349622504984e+01
5.211267605633802980e+00 1.609112089190574224e+01
5.160390516039051079e+00 1.363019902872267508e+01
5.109321058688147232e+00 1.243839605180171404e+01
5.058099794941900207e+00 1.104273386829197712e+01
5.007895330475975904e+00 1.146099754342306909e+01
4.958677685950413583e+00 1.256838672497461928e+01
4.909332153914196972e+00 1.377723429177434689e+01
4.859894921190893058e+00 1.612790688270366601e+01
4.812486451333188420e+00 1.759143616876250249e+01
4.764971023824855045e+00 1.494783307709212217e+01
4.717382065448363804e+00 1.374992910025684800e+01
4.670734273090679345e+00 1.484278271439765895e+01
4.624036659029369112e+00 1.489254426036785084e+01
4.578263559496804191e+00 1.595782715756297421e+01
4.533387788441903155e+00 1.786493265135750619e+01
4.488475535786492721e+00 2.148233366278353174e+01
4.443554843875100246e+00 2.606411719429645046e+01
4.399524375743162352e+00 3.434887866655774502e+01
4.356357927786498330e+00 3.825448128680543647e+01
4.313192150767437560e+00 5.086496762594196497e+01
4.270873412851096340e+00 5.545506408711409563e+01
4.228571428571429536e+00 5.174860142732721613e+01
4.186309636055063343e+00 3.059742303519689344e+01
4.144884241971619865e+00 2.307251671703325613e+01
4.104270660011092531e+00 2.101385530133380186e+01
4.063701263042284850e+00 2.009824551999411568e+01
4.023196810438564697e+00 1.870500907261402546e+01
3.983491835636101541e+00 1.703511173390767652e+01
3.943862142476461496e+00 1.749964206614941276e+01
3.905013192612137196e+00 1.751946265153106097e+01
3.866248693834901662e+00 1.979417025199088798e+01
3.827586206896552046e+00 1.653279231148230721e+01
3.789689313758962008e+00 1.867769699467264743e+01
3.752535496957402739e+00 1.672958888937481703e+01
3.715481171548116635e+00 1.754667386496194226e+01
3.678541839270919045e+00 1.615464971530529326e+01
3.642329778506972371e+00 1.980024538949239599e+01
3.606237816764131576e+00 2.086689144540013885e+01
3.570279832743647574e+00 2.345171095106363524e+01
3.535031847133757843e+00 2.515205537431316785e+01
3.499921172946555803e+00 2.360578621573124636e+01
3.465501092725570054e+00 3.019454236354855325e+01
3.431221020092735330e+00 2.727097790758540796e+01
3.397092578423871689e+00 2.972455896150972521e+01
3.363636363636363313e+00 2.790264487267419113e+01
3.330333033303329859e+00 3.450435739581855188e+01
3.297192930343086026e+00 2.667617691805927649e+01
3.264705882352941568e+00 2.806278550136411809e+01
3.232382061735585399e+00 2.973182544170522235e+01
3.200230647253856198e+00 2.654173832912062636e+01
3.168712532115329772e+00 2.054051776353093572e+01
3.137365743357828585e+00 1.542078795945873004e+01
3.106198404925143208e+00 1.140963573356552452e+01
3.075218174262362769e+00 1.032808793757346244e+01
3.044849814840214108e+00 1.032330060143626582e+01
3.014665942422596334e+00 1.041726347966990218e+01
2.984673299273997937e+00 1.007504647558466715e+01
2.955271565495207753e+00 9.950744376292774973e+00
2.926057730328192719e+00 9.775089833524228666e+00
2.897037713689155858e+00 1.084296597586920541e+01
2.868587672825946733e+00 1.400358948148307014e+01
2.840327533265097237e+00 2.080138451615706430e+01
2.812262477831264373e+00 2.922748152293391399e+01
2.784397341025962813e+00 3.137403732700553860e+01
2.756736619893206619e+00 3.178895795508706712e+01
2.729284484878288453e+00 2.445017870425000694e+01
2.702044790652384787e+00 3.782690624395795709e+01
2.675343456254519303e+00 3.413730972466800750e+01
2.648848586087578560e+00 1.722404395729076398e+01
2.622563496751328493e+00 2.145433369800387169e+01
2.596794946777400970e+00 2.479432050913022323e+01
2.571230020847811382e+00 2.269826084594288673e+01
2.545579635362916981e+00 1.574905582833669726e+01
2.520435967302451896e+00 1.504243239786256225e+01
2.495503597122301631e+00 1.364039242754377490e+01
2.470784641068447307e+00 1.483600966110782160e+01
2.446550584086399915e+00 1.754134789828864172e+01
2.422258592471358440e+00 1.819285715787255597e+01
2.398185157178351457e+00 2.432801895949345550e+01
2.374331550802139201e+00 2.522416015240912301e+01
2.350698856416772120e+00 2.668339004877845966e+01
2.327531977353743287e+00 2.706439987542282211e+01
2.304578013080037291e+00 2.684313135199316491e+01
2.281837804502004019e+00 2.763705646980454489e+01
2.259312029309993974e+00 2.494657304612746529e+01
2.236775818639798352e+00 2.248019253509989568e+01
2.214684756584198499e+00 1.634858036641724510e+01
2.192809166337415849e+00 1.730139104149575502e+01
2.170936827694113447e+00 1.393894436874146336e+01
2.149496514329976904e+00 9.782663958110882518e+00
2.128271498418176755e+00 6.786165716328188324e+00
2.107261509254865217e+00 5.805981147819045951e+00
2.086466165413534135e+00 9.471846272838432057e+00
2.065692751465524779e+00 1.739505691186065661e+01
2.045140488254260980e+00 1.213373870784841735e+01
2.024993158806895899e+00 1.370390689402538698e+01
2.005057803468207833e+00 2.019425770676142662e+01
1.985156040418492474e+00 8.192263201550865404e+00
1.965471447543160499e+00 1.676514290686334974e+01
1.946002805049088291e+00 1.361481972010301433e+01
1.926748828328415097e+00 1.147401747462381394e+01
1.907708172209332087e+00 1.301276999992833439e+01
1.888718734047984071e+00 1.165536433969528218e+01
1.869946091644204778e+00 1.463945323768348850e+01
1.851542952460383473e+00 1.588158407745411616e+01
1.833195706028076355e+00 1.585407560566231489e+01
1.814911706998037833e+00 1.307070724499376269e+01
1.796988829528897158e+00 1.562596437433115781e+01
1.779273863909593745e+00 1.869733025284436678e+01
1.761625138866846241e+00 1.601298911092890975e+01
1.744186046511627897e+00 1.536542106092931803e+01
1.726954492415402775e+00 1.929048043820197478e+01
1.709796672828096220e+00 2.083231681679124847e+01
1.692847338721976236e+00 1.668407493708058809e+01
1.676104190260475413e+00 1.466457778616363683e+01
1.659564924871047342e+00 1.497604247373586617e+01
1.643105617644881944e+00 1.688026356499406688e+01
1.626731149703231516e+00 1.337792893291196705e+01
1.610679822970325858e+00 8.307321898702852536e+00
1.594827586206896353e+00 4.153751697940187171e+00
1.579059677075183021e+00 7.270584080046437414e+00
1.563380281690141205e+00 3.889230003601212626e+00
1.547901269000139690e+00 3.526399334074191927e+00
1.532619951674145664e+00 4.847667647547342362e+00
1.517429938482570462e+00 5.574057485832855541e+00
1.502334709345604757e+00 7.108761292874878457e+00
1.487437185929648242e+00 9.397446604091621580e+00
1.472734509751890686e+00 1.148480827034400242e+01
1.458128078817733986e+00 1.050971248611896058e+01
1.443714638746179224e+00 1.351546428887855100e+01
1.429491307147456425e+00 1.589703978297856146e+01
1.415364998406120511e+00 1.682152695220256788e+01
1.401338214871859611e+00 1.985712662289502717e+01
1.387413286669582968e+00 2.008869140049824153e+01
1.373677371449786300e+00 1.979103384413959077e+01
1.360127435363313264e+00 1.961096804696914830e+01
1.346597112701686028e+00 1.660003628544872001e+01
1.333253258062578883e+00 1.345525093444299358e+01
1.320092763275257042e+00 1.027266331009355049e+01
1.306958671847403775e+00 7.331871907363724183e+00
1.294007927255770296e+00 4.800716957491145465e+00
1.281237375194782535e+00 4.766545734487728225e+00
1.268571428571428461e+00 9.022940216141940084e+00
1.256011315417255858e+00 4.550843873588066302e+00
1.243558144745686711e+00 3.074930005391097954e+00
1.231212911097554263e+00 4.285544652952220979e+00
1.219043435286365273e+00 6.433018841245451647e+00
1.206980916653074276e+00 8.058774467731147695e+00
1.195026107552349615e+00 9.870118946629432344e+00
1.183242724656220046e+00 1.321560160947052687e+01
1.171503957783641026e+00 1.466596531508595547e+01
1.159874608150470499e+00 1.920465722621340987e+01
1.148414463814598330e+00 1.600629754320544507e+01
1.137062077443146579e+00 1.436122894355748336e+01
1.125817739236269377e+00 1.442477663728269022e+01
1.114681662984535082e+00 1.034859180908651766e+01
1.103599125074567588e+00 7.706947981794389335e+00
1.092627227089280506e+00 5.722781849083474981e+00
1.081818624823351671e+00 4.629553986456102166e+00
1.071118402007140702e+00 4.109150611990250113e+00
1.060526441503845563e+00 3.798739651524069227e+00
1.050042569293349715e+00 3.807689457052150672e+00
1.039666557392403767e+00 3.884796423961598855e+00
1.029350396439004056e+00 4.109774823628245422e+00
1.019143368681999506e+00 4.377496930002450881e+00
1.009045043407118092e+00 4.551685544473322409e+00
1.001985918035746659e+00 4.717434459700742266e+00
