# AFGL atmospheric constituent profile. midlatitude summer. ( AFGL-TR-86-0110)
# molecules: H2O CO2 CH4
# z [km]	 P [mbar]	T [K]	molcular weight	H2O [ppm]	CO2 [ppm]	CH4 [ppm]
120.000000	0.000020	380.000000	28.8	2.0015e-01	3.5027e+01	2.0e+08
115.000000	0.000040	316.800000	28.8	2.4017e-01	4.0029e+01	3.0e+08
110.000000	0.000060	262.400000	28.8	2.8025e-01	6.0053e+01	4.0e+08
105.000000	0.000120	222.200000	28.8	3.4020e-01	1.1006e+02	5.0e+08
100.000000	0.000260	190.500000	28.8	4.0027e-01	1.9513e+02	6.0e+08
95.000000	0.000620	178.300000	28.8	5.4045e-01	2.7023e+02	7.0e+08
90.000000	0.001640	165.000000	28.8	8.5059e-01	3.1022e+02	8.0e+08
85.000000	0.004480	165.100000	28.8	1.3311e+00	3.2027e+02	9.0e+08
80.000000	0.012000	174.100000	28.8	2.1016e+00	3.2825e+02	10.0e+08
75.000000	0.030000	196.100000	28.8	2.9526e+00	3.3029e+02	11.0e+08
70.000000	0.067000	218.100000	28.8	3.7033e+00	3.3030e+02	12.0e+08
65.000000	0.139000	240.100000	28.8	4.4031e+00	3.3023e+02	13.0e+08
60.000000	0.272000	257.100000	28.8	5.0035e+00	3.3023e+02	14.0e+08
55.000000	0.515000	269.300000	28.8	5.3535e+00	3.3021e+02	15.0e+08
50.000000	0.951000	275.700000	28.8	5.5036e+00	3.3022e+02	16.0e+08
47.500000	1.290000	275.200000	28.8	5.5047e+00	3.3028e+02	17.0e+08
45.000000	1.760000	269.900000	28.8	5.4534e+00	3.3021e+02	18.0e+08
42.500000	2.410000	263.700000	28.8	5.3037e+00	3.3023e+02	20.0e+08
40.000000	3.330000	257.500000	28.8	5.1035e+00	3.3023e+02	21.0e+08
37.500000	4.640000	251.300000	28.8	5.0025e+00	3.3017e+02	22.0e+08
35.000000	6.520000	245.200000	28.8	4.9528e+00	3.3018e+02	23.0e+08
32.500000	9.300000	239.000000	28.8	4.8528e+00	3.3019e+02	24.0e+08
30.000000	13.200000	233.700000	28.8	4.7035e+00	3.3024e+02	25.0e+08
27.500000	19.070000	228.450000	28.8	4.4529e+00	3.3022e+02	26.0e+08
25.000000	27.700000	225.100000	28.8	4.2029e+00	3.3023e+02	27.0e+08
24.000000	32.200000	223.900000	28.8	4.0014e+00	3.3012e+02	28.0e+08
23.000000	37.600000	222.800000	28.8	3.8521e+00	3.3018e+02	29.0e+08
22.000000	43.700000	221.600000	28.8	3.6017e+00	3.3016e+02	30.0e+08
21.000000	51.000000	220.400000	28.8	3.4521e+00	3.3020e+02	31.0e+08
20.000000	59.500000	219.200000	28.8	3.3016e+00	3.3016e+02	32.0e+08
19.000000	69.500000	217.900000	28.8	3.2026e+00	3.3026e+02	33.0e+08
18.000000	81.200000	216.800000	28.8	3.1526e+00	3.3027e+02	34.0e+08
17.000000	95.000000	215.700000	28.8	3.2020e+00	3.3021e+02	35.0e+08
16.000000	111.000000	215.700000	28.8	3.3025e+00	3.3025e+02	36.0e+08
15.000000	130.000000	215.700000	28.8	3.4022e+00	3.3021e+02	37.0e+08
14.000000	153.000000	215.700000	28.8	5.0034e+00	3.3022e+02	38.0e+08
13.000000	179.000000	215.800000	28.8	8.0056e+00	3.3023e+02	39.0e+08
12.000000	209.000000	222.300000	28.8	2.9459e+01	3.3022e+02	40.0e+08
11.000000	243.000000	228.800000	28.8	9.5630e+01	3.3024e+02	41.0e+08
10.000000	281.000000	235.300000	28.8	2.4738e+02	3.3024e+02	42.0e+08
9.000000	324.000000	241.700000	28.8	4.1319e+02	3.3023e+02	43.0e+08
8.000000	372.000000	248.200000	28.8	6.4666e+02	3.3013e+02	44.0e+08
7.000000	426.000000	254.700000	28.8	1.0205e+03	3.3016e+02	45.0e+08
6.000000	487.000000	261.200000	28.8	1.5107e+03	3.3014e+02	46.0e+08
5.000000	554.000000	267.200000	28.8	2.2269e+03	3.3028e+02	47.0e+08
4.000000	628.000000	273.200000	28.8	3.8155e+03	3.3022e+02	48.0e+08
3.000000	710.000000	279.200000	28.8	5.9877e+03	3.3021e+02	49.0e+08
2.000000	802.000000	285.200000	28.8	9.6860e+03	3.3020e+02	50.0e+08
1.000000	902.000000	289.700000	28.8	1.3791e+04	3.3027e+02	51.0e+08
0.000000	1000.000000	294.200000	28.8	1.8776e+04	3.3028e+02	52.0e+08