1.000000000000000000e+01 8.140478144639999698e-26
1.100000000000000000e+01 8.063387730199999457e-26
1.200000000000000000e+01 8.044986403010000081e-26
1.300000000000000000e+01 8.105614472830000494e-26
1.400000000000000000e+01 8.122375795220000551e-26
1.500000000000000000e+01 8.637276053270000141e-26
1.600000000000000000e+01 8.127406942390000478e-26
1.700000000000000000e+01 8.126288796410000573e-26
1.800000000000000000e+01 8.181197430099999841e-26
1.900000000000000000e+01 8.986401520149999545e-26
2.000000000000000000e+01 8.227341360760000549e-26
2.100000000000000000e+01 8.254756139450000462e-26
2.200000000000000000e+01 9.120643400259999560e-26
2.300000000000000000e+01 1.020350345150000034e-25
2.400000000000000000e+01 1.003174854340000039e-25
2.500000000000000000e+01 8.924998583290000012e-26
2.600000000000000000e+01 1.133958295980000048e-25
2.700000000000000000e+01 8.707754290670000384e-26
2.800000000000000000e+01 8.758490029910000288e-26
2.900000000000000000e+01 9.898353052250000314e-26
3.000000000000000000e+01 9.414881125750000016e-26
3.100000000000000000e+01 9.374928144709999739e-26
3.200000000000000000e+01 8.442669406219999529e-26
3.300000000000000000e+01 1.001114809239999943e-25
3.400000000000000000e+01 1.515742329609999934e-25
3.500000000000000000e+01 1.572060069680000034e-25
3.600000000000000000e+01 9.341017980299999968e-26
3.700000000000000000e+01 9.062820666760000386e-26
3.800000000000000000e+01 1.054166539319999990e-25
3.900000000000000000e+01 1.356067938279999926e-25
4.000000000000000000e+01 1.329694941720000034e-25
4.100000000000000000e+01 1.228427921390000010e-25
4.200000000000000000e+01 1.208666146890000106e-25
4.300000000000000000e+01 9.455597318470000073e-26
4.400000000000000000e+01 1.013045540099999991e-25
4.500000000000000000e+01 1.548556797810000003e-25
4.600000000000000000e+01 9.000145251049999906e-26
4.700000000000000000e+01 1.027829337589999997e-25
4.800000000000000000e+01 9.497268044920000480e-26
4.900000000000000000e+01 1.738612797130000106e-25
5.000000000000000000e+01 1.158296546269999970e-25
5.100000000000000000e+01 1.088492942849999941e-25
5.200000000000000000e+01 1.022753838670000001e-25
5.300000000000000000e+01 1.168838620419999989e-25
5.400000000000000000e+01 2.021675505080000057e-25
5.500000000000000000e+01 9.194218922750000288e-26
5.600000000000000000e+01 1.136211584959999997e-25
5.700000000000000000e+01 9.818297864019999712e-26
5.800000000000000000e+01 1.053037914630000039e-25
5.900000000000000000e+01 3.010921451309999800e-25
6.000000000000000000e+01 9.318445878400000298e-26
6.100000000000000000e+01 9.204497030459999719e-26
6.200000000000000000e+01 1.169263966799999999e-25
6.300000000000000000e+01 1.758333047689999933e-25
6.400000000000000000e+01 1.542420507950000015e-25
6.500000000000000000e+01 1.122267196470000072e-25
6.600000000000000000e+01 1.236262866509999899e-25
6.700000000000000000e+01 1.114065774290000077e-25
6.800000000000000000e+01 1.124482778699999992e-25
6.900000000000000000e+01 1.233476359309999998e-25
7.000000000000000000e+01 1.533559744969999969e-25
7.100000000000000000e+01 1.008620241949999987e-25
7.200000000000000000e+01 1.506802645030000026e-25
7.300000000000000000e+01 2.868164340259999917e-25
7.400000000000000000e+01 3.326874838870000019e-25
7.500000000000000000e+01 9.614820522389999971e-26
7.600000000000000000e+01 1.281797126210000042e-25
7.700000000000000000e+01 1.140349036589999911e-25
7.800000000000000000e+01 1.140193116369999945e-25
7.900000000000000000e+01 3.367436710740000217e-25
8.000000000000000000e+01 1.418793405659999923e-25
8.100000000000000000e+01 1.455490327110000086e-25
8.200000000000000000e+01 2.489635956769999855e-25
8.300000000000000000e+01 1.723048000370000054e-25
8.400000000000000000e+01 2.870209953150000211e-25
8.500000000000000000e+01 1.234114064960000010e-25
8.600000000000000000e+01 1.013896705609999962e-25
8.700000000000000000e+01 9.826054667969999628e-26
8.800000000000000000e+01 9.772548088350000035e-26
8.900000000000000000e+01 1.115680869479999955e-25
9.000000000000000000e+01 1.616923041410000072e-25
9.100000000000000000e+01 1.098196111869999965e-25
9.200000000000000000e+01 1.277016486100000062e-25
9.300000000000000000e+01 2.961694347039999981e-25
9.400000000000000000e+01 3.206111850120000133e-24
9.500000000000000000e+01 2.094178710710000180e-25
9.600000000000000000e+01 1.174040901580000111e-25
9.700000000000000000e+01 1.643098354359999994e-25
9.800000000000000000e+01 9.604744164519999083e-25
9.900000000000000000e+01 3.563046568909999894e-25
1.000000000000000000e+02 2.373752987670000055e-25
1.010000000000000000e+02 1.835413667409999962e-25
1.020000000000000000e+02 1.170811796909999908e-25
1.030000000000000000e+02 1.594519025250000040e-25
1.040000000000000000e+02 5.608712799199999619e-25
1.050000000000000000e+02 1.698430828940000046e-25
1.060000000000000000e+02 1.105736196010000074e-25
1.070000000000000000e+02 1.331330076330000065e-25
1.080000000000000000e+02 1.247050543799999939e-25
1.090000000000000000e+02 1.207180393440000097e-25
1.100000000000000000e+02 1.392329083759999976e-25
1.110000000000000000e+02 1.533967740470000067e-25
1.120000000000000000e+02 1.625659822689999954e-25
1.130000000000000000e+02 1.373480377700000000e-25
1.140000000000000000e+02 2.716389444100000150e-25
1.150000000000000000e+02 1.434300281080000052e-24
1.160000000000000000e+02 1.347012198290000106e-25
1.170000000000000000e+02 4.564746384509999972e-25
1.180000000000000000e+02 7.112833908089999975e-25
1.190000000000000000e+02 1.904813409529999904e-24
1.200000000000000000e+02 1.135262978289999939e-25
1.210000000000000000e+02 1.122931171270000034e-25
1.220000000000000000e+02 3.138576529610000227e-25
1.230000000000000000e+02 1.426532408090000068e-25
1.240000000000000000e+02 1.697180094179999949e-25
1.250000000000000000e+02 3.758994944220000286e-24
1.260000000000000000e+02 2.161882284430000079e-25
1.270000000000000000e+02 1.222044117580000015e-25
1.280000000000000000e+02 1.053907851679999901e-25
1.290000000000000000e+02 1.103403597409999886e-25
1.300000000000000000e+02 1.044343664179999984e-25
1.310000000000000000e+02 1.280911716570000007e-25
1.320000000000000000e+02 1.427008700239999921e-25
1.330000000000000000e+02 1.226024834000000095e-25
1.340000000000000000e+02 1.434809813080000079e-25
1.350000000000000000e+02 3.929975589849999952e-24
1.360000000000000000e+02 1.014074060700000041e-24
1.370000000000000000e+02 6.671707032929999821e-25
1.380000000000000000e+02 5.935192881599999549e-25
1.390000000000000000e+02 1.343266956450000013e-25
1.400000000000000000e+02 1.300123757299999962e-25
1.410000000000000000e+02 1.045406709700000021e-25
1.420000000000000000e+02 1.110697296889999989e-25
1.430000000000000000e+02 1.117334897880000048e-25
1.440000000000000000e+02 1.259360835599999899e-25
1.450000000000000000e+02 9.484081258819999809e-25
1.460000000000000000e+02 4.178736442059999942e-25
1.470000000000000000e+02 2.952509233870000173e-25
1.480000000000000000e+02 1.456704416829999962e-25
1.490000000000000000e+02 1.787603713439999916e-25
1.500000000000000000e+02 1.267857369620000033e-25
1.510000000000000000e+02 2.184114298309999820e-25
1.520000000000000000e+02 1.286972153729999949e-25
1.530000000000000000e+02 2.012786394760000066e-25
1.540000000000000000e+02 1.794421696240000107e-25
1.550000000000000000e+02 1.021622872770000007e-24
1.560000000000000000e+02 1.205504575510000035e-24
1.570000000000000000e+02 1.568453092019999936e-25
1.580000000000000000e+02 5.634067443699999937e-25
1.590000000000000000e+02 1.182273337600000084e-25
1.600000000000000000e+02 1.117900767339999924e-25
1.610000000000000000e+02 1.805607878199999897e-25
1.620000000000000000e+02 1.065915769110000043e-25
1.630000000000000000e+02 1.162733480830000098e-25
1.640000000000000000e+02 1.212562497820000106e-25
1.650000000000000000e+02 2.266022676260000208e-25
1.660000000000000000e+02 5.706636963319999878e-25
1.670000000000000000e+02 1.931529196149999966e-25
1.680000000000000000e+02 1.196322034260000025e-25
1.690000000000000000e+02 1.218285485699999895e-25
1.700000000000000000e+02 1.173217401779999966e-25
1.710000000000000000e+02 1.104104888979999966e-25
1.720000000000000000e+02 1.131627438350000105e-25
1.730000000000000000e+02 1.298147554850000067e-24
1.740000000000000000e+02 8.273759192750000001e-25
1.750000000000000000e+02 1.862539433549999957e-25
1.760000000000000000e+02 3.505263846270000219e-24
1.770000000000000000e+02 2.580086271740000151e-25
1.780000000000000000e+02 2.113694214530000187e-25
1.790000000000000000e+02 1.193448966399999916e-25
1.800000000000000000e+02 1.078618666960000014e-25
1.810000000000000000e+02 1.134298571549999902e-25
1.820000000000000000e+02 1.111375708989999921e-25
1.830000000000000000e+02 8.441774728530000296e-25
1.840000000000000000e+02 1.137821858499999908e-25
1.850000000000000000e+02 1.928730437239999985e-25
1.860000000000000000e+02 6.508258944659999683e-25
1.870000000000000000e+02 2.109345255709999850e-25
1.880000000000000000e+02 1.189259594880000066e-25
1.890000000000000000e+02 1.221112223740000084e-25
1.900000000000000000e+02 1.210332550650000101e-25
1.910000000000000000e+02 5.234576601030000018e-25
1.920000000000000000e+02 4.215017220790000340e-25
1.930000000000000000e+02 1.307892201610000009e-25
1.940000000000000000e+02 1.643836826669999908e-25
1.950000000000000000e+02 5.449437296329999847e-25
1.960000000000000000e+02 6.670601605509999913e-25
1.970000000000000000e+02 1.823652564259999987e-24
1.980000000000000000e+02 1.419842010409999900e-25
1.990000000000000000e+02 1.340871890630000079e-25
2.000000000000000000e+02 1.255001485200000053e-25
2.010000000000000000e+02 1.888988443920000050e-25
2.020000000000000000e+02 1.357072597699999967e-25
2.030000000000000000e+02 1.386705108620000106e-25
2.040000000000000000e+02 2.034921546059999899e-25
2.050000000000000000e+02 1.470341253469999909e-25
2.060000000000000000e+02 1.284806308919999937e-25
2.070000000000000000e+02 1.489182547969999889e-25
2.080000000000000000e+02 1.387924074030000045e-25
2.090000000000000000e+02 1.385003568329999994e-24
2.100000000000000000e+02 7.120747416610000194e-25
2.110000000000000000e+02 1.249885201479999938e-25
2.120000000000000000e+02 1.160363687420000111e-25
2.130000000000000000e+02 1.576079283990000005e-25
2.140000000000000000e+02 1.749764611419999993e-25
2.150000000000000000e+02 1.250035876249999913e-25
2.160000000000000000e+02 3.772594318029999876e-25
2.170000000000000000e+02 1.119323787040000066e-25
2.180000000000000000e+02 1.426337961420000052e-25
2.190000000000000000e+02 1.097330430579999909e-25
2.200000000000000000e+02 1.088882827219999893e-25
2.210000000000000000e+02 1.091732230670000075e-25
2.220000000000000000e+02 1.106906791740000101e-25
2.230000000000000000e+02 1.095076152370000100e-25
2.240000000000000000e+02 1.098806546390000002e-25
2.250000000000000000e+02 1.097983299489999947e-25
2.260000000000000000e+02 1.115473769149999977e-25
2.270000000000000000e+02 1.114108413599999928e-25
2.280000000000000000e+02 1.446666849960000005e-25
2.290000000000000000e+02 1.289326632709999958e-25
2.300000000000000000e+02 1.855317120480000062e-25
2.310000000000000000e+02 1.444396891989999983e-25
2.320000000000000000e+02 1.302960994780000113e-25
2.330000000000000000e+02 1.833512947790000039e-25
2.340000000000000000e+02 1.322243068440000081e-25
2.350000000000000000e+02 1.309012777290000047e-25
2.360000000000000000e+02 1.266276488449999983e-25
2.370000000000000000e+02 1.187320449439999940e-25
2.380000000000000000e+02 1.286103849629999946e-25
2.390000000000000000e+02 1.593089675629999958e-25
2.400000000000000000e+02 1.143868232779999897e-25
2.410000000000000000e+02 1.266192192809999992e-25
2.420000000000000000e+02 1.299817568200000058e-25
2.430000000000000000e+02 1.151884467179999982e-25
2.440000000000000000e+02 1.278916445189999982e-25
2.450000000000000000e+02 1.318757803230000040e-25
2.460000000000000000e+02 1.202591379060000091e-25
2.470000000000000000e+02 1.135486449900000045e-25
2.480000000000000000e+02 1.714434691530000033e-25
2.490000000000000000e+02 1.218233963010000049e-25
2.500000000000000000e+02 1.228347887699999939e-25
2.510000000000000000e+02 1.838896612929999923e-25
2.520000000000000000e+02 1.188177366580000098e-25
2.530000000000000000e+02 1.169361221839999944e-25
2.540000000000000000e+02 1.205839200889999944e-25
2.550000000000000000e+02 1.187673608550000101e-25
2.560000000000000000e+02 1.172846236099999923e-25
2.570000000000000000e+02 1.248701483290000003e-25
2.580000000000000000e+02 1.284954711669999942e-25
2.590000000000000000e+02 1.174113592140000114e-25
2.600000000000000000e+02 1.193915955229999937e-25
2.610000000000000000e+02 1.191553307429999987e-25
2.620000000000000000e+02 1.166707146440000070e-25
2.630000000000000000e+02 1.179517657440000071e-25
2.640000000000000000e+02 1.289823007560000020e-25
2.650000000000000000e+02 1.202141048040000105e-25
2.660000000000000000e+02 1.182450676119999910e-25
2.670000000000000000e+02 1.286152903190000052e-25
2.680000000000000000e+02 1.180425838810000097e-25
2.690000000000000000e+02 1.379116542250000105e-25
2.700000000000000000e+02 1.512070148150000035e-25
2.710000000000000000e+02 1.526915067949999930e-25
2.720000000000000000e+02 1.373125898080000020e-25
2.730000000000000000e+02 1.258715322109999996e-25
2.740000000000000000e+02 1.194516704550000046e-25
2.750000000000000000e+02 1.257274951710000041e-25
2.760000000000000000e+02 1.642713868330000078e-25
2.770000000000000000e+02 1.194395716769999918e-25
2.780000000000000000e+02 1.190262384659999986e-25
2.790000000000000000e+02 1.259883002129999956e-25
2.800000000000000000e+02 1.224293144590000109e-25
2.810000000000000000e+02 1.214710056579999917e-25
2.820000000000000000e+02 1.233138295400000100e-25
2.830000000000000000e+02 1.266074100890000113e-25
2.840000000000000000e+02 1.268682590620000112e-25
2.850000000000000000e+02 1.208368907940000062e-25
2.860000000000000000e+02 1.217322946239999919e-25
2.870000000000000000e+02 1.220401694500000042e-25
2.880000000000000000e+02 1.280906278250000103e-25
2.890000000000000000e+02 1.247135574709999965e-25
2.900000000000000000e+02 1.242206548270000037e-25
2.910000000000000000e+02 1.215946181109999886e-25
2.920000000000000000e+02 1.217600371089999969e-25
2.930000000000000000e+02 1.221687459400000029e-25
2.940000000000000000e+02 1.262032604700000109e-25
2.950000000000000000e+02 1.231939421250000055e-25
2.960000000000000000e+02 1.338565535339999940e-25
2.970000000000000000e+02 1.232437510689999936e-25
2.980000000000000000e+02 1.224800956950000086e-25
2.990000000000000000e+02 1.323768531139999908e-25
3.000000000000000000e+02 1.307377485679999916e-25
3.010000000000000000e+02 1.232555172860000035e-25
3.020000000000000000e+02 1.267201573049999891e-25
3.030000000000000000e+02 1.245123677689999923e-25
3.040000000000000000e+02 1.259080963409999990e-25
3.050000000000000000e+02 1.334067686580000092e-25
3.060000000000000000e+02 1.252441804580000114e-25
3.070000000000000000e+02 1.278531900019999952e-25
3.080000000000000000e+02 1.326450859640000028e-25
3.090000000000000000e+02 1.252422312030000104e-25
3.100000000000000000e+02 1.250776580630000059e-25
3.110000000000000000e+02 1.252037955259999964e-25
3.120000000000000000e+02 1.253243376690000064e-25
3.130000000000000000e+02 1.282570870589999898e-25
3.140000000000000000e+02 1.259585106589999911e-25
3.150000000000000000e+02 1.257995678500000044e-25
3.160000000000000000e+02 1.327836327989999981e-25
3.170000000000000000e+02 1.365902253979999938e-25
3.180000000000000000e+02 1.302753470380000078e-25
3.190000000000000000e+02 1.267908586030000053e-25
3.200000000000000000e+02 1.273405406440000103e-25
3.210000000000000000e+02 1.276217830630000113e-25
3.220000000000000000e+02 1.308240565830000071e-25
3.230000000000000000e+02 1.277220987690000067e-25
3.240000000000000000e+02 1.296761076429999966e-25
3.250000000000000000e+02 1.279460796090000085e-25
3.260000000000000000e+02 1.302149535199999953e-25
3.270000000000000000e+02 1.286192793970000041e-25
3.280000000000000000e+02 1.295964463690000000e-25
3.290000000000000000e+02 1.294954280480000039e-25
3.300000000000000000e+02 1.339293899619999932e-25
3.310000000000000000e+02 1.292329448619999971e-25
3.320000000000000000e+02 1.299755597690000024e-25
3.330000000000000000e+02 1.296018958910000067e-25
3.340000000000000000e+02 1.302589472339999943e-25
3.350000000000000000e+02 1.302118011550000099e-25
3.360000000000000000e+02 1.303548539400000028e-25
3.370000000000000000e+02 1.316582850739999970e-25
3.380000000000000000e+02 1.312006614500000009e-25
3.390000000000000000e+02 1.346023894839999935e-25
3.400000000000000000e+02 1.316991229429999996e-25
3.410000000000000000e+02 1.315639742769999992e-25
3.420000000000000000e+02 1.318962410380000010e-25
3.430000000000000000e+02 1.339498083219999976e-25
3.440000000000000000e+02 1.321373607690000112e-25
3.450000000000000000e+02 1.323244182579999986e-25
3.460000000000000000e+02 1.328350486230000089e-25
3.470000000000000000e+02 1.328329354480000072e-25
3.480000000000000000e+02 1.337768442149999927e-25
3.490000000000000000e+02 1.335579469040000093e-25
3.500000000000000000e+02 1.351221075340000065e-25
3.510000000000000000e+02 1.355451921680000050e-25
3.520000000000000000e+02 1.342424345629999955e-25
3.530000000000000000e+02 1.344511543730000107e-25
3.540000000000000000e+02 1.345216109439999950e-25
3.550000000000000000e+02 1.348243337389999992e-25
3.560000000000000000e+02 1.356134086400000059e-25
3.570000000000000000e+02 1.367564564249999920e-25
3.580000000000000000e+02 1.517812456489999903e-25
3.590000000000000000e+02 1.360375100110000113e-25
3.600000000000000000e+02 1.362986040430000095e-25
3.610000000000000000e+02 1.361935639229999912e-25
3.620000000000000000e+02 1.366116984499999989e-25
3.630000000000000000e+02 1.366625339690000055e-25
3.640000000000000000e+02 1.369727769010000095e-25
3.650000000000000000e+02 1.376409005289999978e-25
3.660000000000000000e+02 1.378768659680000055e-25
3.670000000000000000e+02 1.377122605979999962e-25
3.680000000000000000e+02 1.380818759520000102e-25
3.690000000000000000e+02 1.384815028430000057e-25
3.700000000000000000e+02 1.388969786099999897e-25
3.710000000000000000e+02 1.389783788320000039e-25
3.720000000000000000e+02 1.389136000429999943e-25
3.735000000000000000e+02 1.393561340744999875e-25
3.760000000000000000e+02 1.458889288646666731e-25
3.795000000000000000e+02 1.410123157814999786e-25
3.835000000000000000e+02 1.420201797054999800e-25
3.875000000000000000e+02 1.431396190852500220e-25
3.915000000000000000e+02 1.448379438242499980e-25
3.955000000000000000e+02 1.505472930717499957e-25
3.995000000000000000e+02 1.462366894044999992e-25
4.035000000000000000e+02 1.476692566605000086e-25
4.075000000000000000e+02 1.484056486310000045e-25
4.115000000000000000e+02 1.513915414837499896e-25
4.155000000000000000e+02 1.578377070592500144e-25
4.195000000000000000e+02 1.522911046037500085e-25
4.235000000000000000e+02 1.537014511019999764e-25
4.280000000000000000e+02 1.544090663215999934e-25
4.325000000000000000e+02 1.559498692202500186e-25
4.365000000000000000e+02 1.571273758324999917e-25
4.410000000000000000e+02 1.587286691681999625e-25
4.455000000000000000e+02 1.598609206444999939e-25
4.495000000000000000e+02 1.611450667939999831e-25
4.540000000000000000e+02 1.626833803067999817e-25
4.590000000000000000e+02 1.644538779679999911e-25
4.635000000000000000e+02 1.658447855962500085e-25
4.680000000000000000e+02 1.673577300397999912e-25
4.725000000000000000e+02 1.689452210265000073e-25
4.770000000000000000e+02 1.706857445284000136e-25
4.820000000000000000e+02 1.723236661506000023e-25
4.870000000000000000e+02 1.743056126420000046e-25
4.920000000000000000e+02 1.759878310535999731e-25
4.970000000000000000e+02 1.778477994938000131e-25
5.020000000000000000e+02 1.798339750729999911e-25
5.070000000000000000e+02 1.819682578923999886e-25
5.120000000000000000e+02 1.838057547033999701e-25
5.170000000000000000e+02 1.857847595277999726e-25
5.220000000000000000e+02 1.878558193524000137e-25
5.270000000000000000e+02 1.902825766153999919e-25
5.325000000000000000e+02 1.925184775911666631e-25
5.380000000000000000e+02 1.948029702382000013e-25
5.430000000000000000e+02 1.970045427717999894e-25
5.485000000000000000e+02 1.995205410318333112e-25
5.540000000000000000e+02 2.021416962834000189e-25
5.595000000000000000e+02 2.047063273535000251e-25
5.655000000000000000e+02 2.076371831586666680e-25
5.710000000000000000e+02 2.103819367993999776e-25
5.765000000000000000e+02 2.131679655466666710e-25
5.825000000000000000e+02 2.163014558218333289e-25
5.885000000000000000e+02 2.195105848861666674e-25
5.945000000000000000e+02 2.227963943448333683e-25
6.005000000000000000e+02 2.261581009506666491e-25
6.065000000000000000e+02 2.296194869428333123e-25
6.125000000000000000e+02 2.331491501053333912e-25
6.185000000000000000e+02 2.367772485486666375e-25
6.245000000000000000e+02 2.405043867143333609e-25
6.305000000000000000e+02 2.443483838246666773e-25
6.370000000000000000e+02 2.485679641075714230e-25
6.435000000000000000e+02 2.529698064413333522e-25
6.500000000000000000e+02 2.574672517521429039e-25
6.565000000000000000e+02 2.620891240558333320e-25
6.630000000000000000e+02 2.669048803690000192e-25
6.695000000000000000e+02 2.717681391363333386e-25
6.760000000000000000e+02 2.768543106642857917e-25
6.830000000000000000e+02 2.825003302945714094e-25
6.900000000000000000e+02 2.882817295195713968e-25
6.970000000000000000e+02 2.942951061829999670e-25
7.040000000000000000e+02 3.006347825499999783e-25
7.110000000000000000e+02 3.069793034910000175e-25
7.180000000000000000e+02 3.136812167677142678e-25
7.250000000000000000e+02 3.206749243851428459e-25
7.320000000000000000e+02 3.277711025512857187e-25
7.395000000000000000e+02 3.357862593640000162e-25
7.470000000000000000e+02 3.442168290502857371e-25
7.545000000000000000e+02 3.530406153980000079e-25
7.620000000000000000e+02 3.617484056061428806e-25
7.695000000000000000e+02 3.713097662698749849e-25
7.775000000000000000e+02 3.820135585247499877e-25
7.855000000000000000e+02 3.932326441637500208e-25
7.930000000000000000e+02 4.033322355068571644e-25
8.005000000000000000e+02 4.154041220549999897e-25
8.085000000000000000e+02 4.274814389858750803e-25
8.170000000000000000e+02 4.418657240761110554e-25
8.255000000000000000e+02 4.572722109086249314e-25
8.335000000000000000e+02 4.710940361543749734e-25
8.415000000000000000e+02 4.857667884188749889e-25
8.500000000000000000e+02 5.046093268643333273e-25
8.585000000000000000e+02 5.214837544178750031e-25
8.670000000000000000e+02 5.390071615865555837e-25
8.760000000000000000e+02 5.605524123889999898e-25
8.850000000000000000e+02 5.840155454954444977e-25
8.935000000000000000e+02 6.067263059257500081e-25
9.020000000000000000e+02 6.316937483055555399e-25
9.115000000000000000e+02 6.609234543960999200e-25
9.210000000000000000e+02 6.927695271466667476e-25
9.300000000000000000e+02 7.265694302343333604e-25
9.390000000000000000e+02 7.623203181776667242e-25
9.485000000000000000e+02 8.060583600836998777e-25
9.580000000000000000e+02 8.569299710873332594e-25
9.675000000000000000e+02 8.936959449515998565e-25
9.775000000000000000e+02 9.875060589905000760e-25
9.870000000000000000e+02 1.028921375062555526e-24
9.965000000000000000e+02 1.107299082712999912e-24
1.006500000000000000e+03 1.311849724279999880e-24
1.016500000000000000e+03 1.306446449021000040e-24
1.027000000000000000e+03 1.613694396947272715e-24
1.037500000000000000e+03 1.933123829002000169e-24
1.047500000000000000e+03 1.980535870749999688e-24
1.058000000000000000e+03 2.915448479815454885e-24
1.069000000000000000e+03 4.991080512416363303e-24
1.079500000000000000e+03 3.501373491180000573e-24
1.090000000000000000e+03 9.418532825878182154e-24
1.101000000000000000e+03 8.930149174049089988e-24
1.112000000000000000e+03 1.459771279375091041e-23
1.123000000000000000e+03 1.801658446063818185e-23
1.134500000000000000e+03 2.583461798137166653e-23
1.146000000000000000e+03 8.125679333410273044e-23
1.157500000000000000e+03 6.470549607400832480e-23
1.169000000000000000e+03 1.191209512248090993e-22
1.180500000000000000e+03 2.702502074583583364e-22
1.192500000000000000e+03 9.623945154325332795e-22
1.204500000000000000e+03 1.800031517882108471e-21
1.216500000000000000e+03 4.040919978578999736e-21
1.228500000000000000e+03 7.152580279473916893e-21
1.240500000000000000e+03 3.015946056606750348e-20
1.253000000000000000e+03 1.968442052917615377e-20
1.266000000000000000e+03 2.519356937755692055e-20
1.278500000000000000e+03 3.215361564769500112e-20
1.291000000000000000e+03 1.621143877821922971e-20
1.304000000000000000e+03 1.266200687107815618e-19
1.317000000000000000e+03 1.265264893174900143e-20
1.330000000000000000e+03 3.153835794375077260e-20
1.343500000000000000e+03 7.704857039850356305e-20
1.357000000000000000e+03 4.625148299624152653e-20
1.370500000000000000e+03 1.041339634388842820e-20
1.384500000000000000e+03 2.901023731371999824e-21
1.398500000000000000e+03 3.525290049070714640e-22
1.412500000000000000e+03 2.804577979534428254e-22
1.426500000000000000e+03 3.188151094767286029e-22
1.440500000000000000e+03 3.892301730610286473e-22
1.455000000000000000e+03 3.844789948838399966e-22
1.469500000000000000e+03 5.090221457209571396e-22
1.484000000000000000e+03 6.230258224359998613e-23
1.499000000000000000e+03 4.732443687424400893e-23
1.514000000000000000e+03 2.191047759908600267e-23
1.529000000000000000e+03 2.117672967765173441e-22
1.544500000000000000e+03 6.696407307046063691e-22
1.560000000000000000e+03 1.861790150766866360e-22
1.575500000000000000e+03 5.644078097800936852e-23
1.591500000000000000e+03 1.410207470167112507e-22
1.607500000000000000e+03 1.930215849975756372e-22
1.623500000000000000e+03 1.456994472808568367e-22
1.639500000000000000e+03 1.586073797270525250e-22
1.656000000000000000e+03 2.871332674678058100e-23
1.672500000000000000e+03 8.573558081265938401e-23
1.689000000000000000e+03 2.434470170547293896e-23
1.706000000000000000e+03 2.524474563978882391e-23
1.723000000000000000e+03 1.927410418581823340e-23
1.740500000000000000e+03 1.349912772675666965e-23
1.758000000000000000e+03 9.381521774188823973e-24
1.775500000000000000e+03 1.684979166067555425e-23
1.793500000000000000e+03 1.909011009907389188e-23
1.811500000000000000e+03 1.180326471354888996e-23
1.829500000000000000e+03 1.070170230158389026e-23
1.847500000000000000e+03 5.620256913989055293e-24
1.866000000000000000e+03 2.743725544863368669e-24
1.884500000000000000e+03 1.888276201230722360e-24
1.903000000000000000e+03 7.530117152064208913e-25
1.922000000000000000e+03 5.100625194682104488e-25
1.941500000000000000e+03 4.405033875723501335e-25
1.961000000000000000e+03 4.431899457349474285e-25
1.980500000000000000e+03 4.160363166092000344e-25
2.000500000000000000e+03 4.110654050214000107e-25
2.020500000000000000e+03 4.125540929885499452e-25
2.040500000000000000e+03 4.239515094955499898e-25
2.061000000000000000e+03 4.981673018464760505e-25
2.082000000000000000e+03 5.146992161980952671e-25
2.102500000000000000e+03 1.226645994342500025e-24
2.123500000000000000e+03 1.186314432681636437e-24
2.145000000000000000e+03 3.069249468645477019e-24
2.166500000000000000e+03 9.793967722240908495e-25
2.188000000000000000e+03 2.899457635250047943e-24
2.209500000000000000e+03 4.896602804985501031e-24
2.231500000000000000e+03 2.106770252818136381e-24
2.254000000000000000e+03 5.363394171080175848e-24
2.277000000000000000e+03 6.499373615731739384e-24
2.299500000000000000e+03 8.437639266882906763e-24
2.322500000000000000e+03 9.726622214987749270e-24
2.346000000000000000e+03 5.137954351886651140e-24
2.369000000000000000e+03 1.579833669784304097e-23
2.392500000000000000e+03 3.039307636269917365e-23
2.416500000000000000e+03 3.421015790215459989e-23
2.441000000000000000e+03 6.119159265877881159e-23
2.465500000000000000e+03 7.992494949237334215e-23
2.490000000000000000e+03 8.557220887897598972e-23
2.515000000000000000e+03 1.362913058694559747e-22
2.540000000000000000e+03 1.052327748508536056e-22
2.565500000000000000e+03 2.303667792046115617e-22
2.591500000000000000e+03 2.846883662340807794e-22
2.617500000000000000e+03 1.763507624133476486e-22
2.643500000000000000e+03 3.188529305630538376e-22
2.669500000000000000e+03 2.468755507831384762e-22
2.696000000000000000e+03 5.005668987106703773e-22
2.723000000000000000e+03 6.136557612167665431e-22
2.750500000000000000e+03 7.235678149792144100e-22
2.778000000000000000e+03 8.962056539891113313e-22
2.805500000000000000e+03 1.099498803710999697e-21
2.834000000000000000e+03 2.065749835389964958e-21
2.862500000000000000e+03 4.241864396657107199e-21
2.891000000000000000e+03 1.132278009400489656e-20
2.920000000000000000e+03 2.026462946697713410e-20
2.949000000000000000e+03 3.595842847152210538e-20
2.978500000000000000e+03 4.672227973038827024e-20
3.008500000000000000e+03 8.857495783716049529e-20
3.038500000000000000e+03 7.098340858789899011e-21
3.068500000000000000e+03 1.782529851916066533e-20
3.099000000000000000e+03 6.755759018737482965e-20
3.130000000000000000e+03 1.320817092708703068e-20
3.161500000000000000e+03 5.739182986576735601e-21
3.193500000000000000e+03 7.154310782396844687e-22
3.225500000000000000e+03 2.691380617507093710e-23
3.257500000000000000e+03 1.016717556684499912e-23
3.290000000000000000e+03 5.182307904854240437e-24
3.323000000000000000e+03 3.261552588924544859e-24
3.356000000000000000e+03 2.559081226490302593e-24
3.389500000000000000e+03 2.006309057656471227e-24
3.423500000000000000e+03 1.654146215609705223e-24
3.458000000000000000e+03 1.441925381087714313e-24
3.492500000000000000e+03 1.491033333579911551e-24
3.527000000000000000e+03 1.199689312518914344e-24
3.562500000000000000e+03 1.439541395447666863e-24
3.598500000000000000e+03 1.087747214728222029e-24
3.634500000000000000e+03 1.315444664888694156e-24
3.670500000000000000e+03 2.025914250018610701e-24
3.707000000000000000e+03 2.924194935816864468e-24
3.744500000000000000e+03 6.241752698137263630e-24
3.782000000000000000e+03 4.091897876017405667e-23
3.819500000000000000e+03 1.350162687840005347e-22
3.858000000000000000e+03 2.714992398166948776e-22
3.896500000000000000e+03 3.186894333588289289e-22
3.935000000000000000e+03 4.961564759510152736e-23
3.974500000000000000e+03 4.331106692719225002e-23
4.014500000000000000e+03 4.343844640719849676e-23
4.054500000000000000e+03 1.140885626606914753e-22
4.095000000000000000e+03 2.731010369147633783e-22
4.136000000000000000e+03 6.709691587957072271e-22
4.177500000000000000e+03 1.611259581765309968e-21
4.219500000000000000e+03 3.301880404961856946e-21
4.261500000000000000e+03 2.805816090854999946e-21
4.304000000000000000e+03 2.413168245203051821e-21
4.347000000000000000e+03 2.769332671417832145e-21
4.390500000000000000e+03 1.479262369386386183e-21
4.434500000000000000e+03 1.443160697113841077e-21
4.479000000000000000e+03 9.159873991738064853e-22
4.524000000000000000e+03 5.535867320514488652e-22
4.569000000000000000e+03 1.772468503233600474e-22
4.614500000000000000e+03 1.387135431626858346e-22
4.660500000000000000e+03 7.123276692541716099e-23
4.707000000000000000e+03 8.772419026573511602e-24
4.754500000000000000e+03 7.286402913066460655e-25
4.802000000000000000e+03 2.912390516731490327e-25
4.850000000000000000e+03 2.079634074484490010e-25
4.898500000000000000e+03 2.106655632707500533e-25
4.947500000000000000e+03 2.863338396245199511e-25
4.997000000000000000e+03 5.563983228781022727e-25
5.047000000000000000e+03 9.784831610757646008e-25
5.097500000000000000e+03 1.009816751537899924e-24
5.148000000000000000e+03 2.018169728933450289e-24
5.199500000000000000e+03 4.471220581664691634e-24
5.251500000000000000e+03 3.268425444138673552e-24
5.304000000000000000e+03 2.379494183814640890e-24
5.357500000000000000e+03 9.320206328749076302e-24
5.411000000000000000e+03 1.821401827909151188e-23
5.465000000000000000e+03 2.926825549106890176e-23
5.520000000000000000e+03 4.354294077993144971e-23
5.575000000000000000e+03 1.339258863138438271e-22
5.630500000000000000e+03 9.883131732371247966e-23
5.687000000000000000e+03 5.554577451681226339e-23
5.744000000000000000e+03 1.176288613368508704e-22
5.801500000000000000e+03 1.807808400449672756e-22
5.859500000000000000e+03 2.413624578944983499e-22
5.918000000000000000e+03 2.364518093241204337e-22
5.977000000000000000e+03 2.721689387778744777e-22
6.036500000000000000e+03 3.649395781995477532e-22
6.097000000000000000e+03 5.259622344652523427e-22
6.158000000000000000e+03 8.268895769410489627e-23
6.219500000000000000e+03 5.015454204191049123e-24
6.282000000000000000e+03 3.565300342756602393e-25
6.345000000000000000e+03 1.008223192303698608e-25
6.408500000000000000e+03 1.348057230707765756e-25
6.472500000000000000e+03 1.242328465266984361e-25
6.537000000000000000e+03 2.539403520697246195e-25
6.602500000000000000e+03 5.734136577852426301e-25
6.668500000000000000e+03 9.319637208285908884e-25
6.735000000000000000e+03 3.952855709573253016e-24
6.802500000000000000e+03 5.553066035928970669e-24
6.870500000000000000e+03 5.213798031542058668e-24
6.939000000000000000e+03 1.504806410163637151e-23
7.008500000000000000e+03 3.070495267496714203e-23
7.078500000000000000e+03 5.729448476919900466e-23
7.149500000000000000e+03 7.248763278365414576e-23
7.221000000000000000e+03 9.847138581840141916e-23
7.293000000000000000e+03 7.107920054291235964e-23
7.366000000000000000e+03 6.407051086933560985e-23
7.439500000000000000e+03 6.210868148050609919e-23
7.514000000000000000e+03 7.631249031797263460e-23
7.589500000000000000e+03 2.299596945439109009e-23
7.665500000000000000e+03 4.201286097604080038e-24
7.742000000000000000e+03 2.048290840369039583e-25
7.819500000000000000e+03 5.799472190669100933e-26
7.897500000000000000e+03 6.700902752924744176e-26
7.976500000000000000e+03 2.449773336723375659e-26
8.056500000000000000e+03 1.971841784554987537e-25
8.137000000000000000e+03 5.485882606085998891e-25
8.218000000000000000e+03 8.196732579635407680e-25
8.300000000000000000e+03 4.017866736042878671e-24
8.383500000000000000e+03 1.422340647949643060e-23
8.467500000000000000e+03 2.450044609340998828e-23
8.552000000000000000e+03 5.633399793486235047e-23
8.637500000000000000e+03 8.446156213517553462e-23
8.724000000000000000e+03 2.992781672206000370e-23
8.811000000000000000e+03 3.018600596497988394e-23
8.899000000000000000e+03 2.752510186843257396e-23
8.988000000000000000e+03 5.390696928691178794e-24
9.078000000000000000e+03 3.354146898874645961e-25
9.169000000000000000e+03 5.181299094779933249e-25
9.260500000000000000e+03 9.728867476195978452e-27
9.353000000000000000e+03 8.925631418977739105e-27
9.446500000000000000e+03 8.388172309857978122e-27
9.541000000000000000e+03 7.967932976390103068e-27
9.636500000000000000e+03 7.616848784132919349e-27
9.733000000000000000e+03 7.311469901445777726e-27
9.830000000000000000e+03 7.040012260858348675e-27
9.928000000000000000e+03 6.793066494724546456e-27
9.989000000000000000e+03 6.649796168908261981e-27
