1.000000000000000000e+01 7.878081393270000255e-29
1.100000000000000000e+01 9.512375185700000239e-30
1.200000000000000000e+01 9.374906951019999831e-30
1.300000000000000000e+01 1.136084967159999998e-29
1.400000000000000000e+01 9.419139361930000232e-30
1.500000000000000000e+01 1.008620857080000056e-29
1.600000000000000000e+01 9.435095640780000647e-30
1.700000000000000000e+01 9.437979151960000059e-30
1.800000000000000000e+01 9.478365560569999630e-30
1.900000000000000000e+01 1.059863254420000045e-29
2.000000000000000000e+01 9.509727806689999320e-30
2.100000000000000000e+01 9.570421477579999752e-30
2.200000000000000000e+01 1.790700784229999993e-29
2.300000000000000000e+01 2.868946538360000125e-29
2.400000000000000000e+01 1.524844531069999962e-29
2.500000000000000000e+01 1.094478602940000001e-29
2.600000000000000000e+01 2.112991086830000201e-28
2.700000000000000000e+01 9.825647213850000229e-30
2.800000000000000000e+01 9.818833697870000360e-30
2.900000000000000000e+01 4.530056907569999983e-28
3.000000000000000000e+01 1.426716874369999910e-29
3.100000000000000000e+01 1.554705771209999966e-29
3.200000000000000000e+01 9.930820417049999475e-30
3.300000000000000000e+01 1.066835898930000060e-29
3.400000000000000000e+01 5.684803958660000043e-29
3.500000000000000000e+01 2.246535981979999955e-29
3.600000000000000000e+01 1.025206516620000062e-29
3.700000000000000000e+01 1.000571159639999967e-29
3.800000000000000000e+01 1.096263777019999942e-29
3.900000000000000000e+01 1.285367673610000127e-29
4.000000000000000000e+01 1.249482034249999972e-29
4.100000000000000000e+01 5.049253177840000197e-29
4.200000000000000000e+01 1.549092799080000076e-29
4.300000000000000000e+01 1.095658983359999936e-29
4.400000000000000000e+01 1.083983221150000034e-29
4.500000000000000000e+01 2.465019099159999910e-28
4.600000000000000000e+01 4.772806155880000074e-29
4.700000000000000000e+01 1.489204595010000059e-29
4.800000000000000000e+01 1.030507276780000010e-29
4.900000000000000000e+01 2.636278688709999897e-29
5.000000000000000000e+01 1.552723006969999886e-29
5.100000000000000000e+01 1.155587303299999959e-29
5.200000000000000000e+01 1.614674703489999995e-29
5.300000000000000000e+01 1.161899603700000024e-29
5.400000000000000000e+01 6.896174040420000178e-26
5.500000000000000000e+01 1.026718229839999994e-29
5.600000000000000000e+01 4.942017445680000127e-29
5.700000000000000000e+01 4.446030292329999987e-29
5.800000000000000000e+01 1.248767052350000059e-29
5.900000000000000000e+01 2.121227999020000163e-28
6.000000000000000000e+01 1.031453681440000032e-29
6.100000000000000000e+01 1.032557033320000044e-29
6.200000000000000000e+01 7.431949075360000032e-29
6.300000000000000000e+01 2.710721759620000134e-29
6.400000000000000000e+01 1.444660241389999899e-29
6.500000000000000000e+01 1.517017528739999872e-29
6.600000000000000000e+01 1.207513524140000008e-29
6.700000000000000000e+01 5.124977730749999721e-29
6.800000000000000000e+01 1.124974197809999996e-29
6.900000000000000000e+01 2.232269265390000053e-29
7.000000000000000000e+01 2.953118492009999916e-28
7.100000000000000000e+01 1.086034187789999967e-29
7.200000000000000000e+01 1.630079514100000002e-29
7.300000000000000000e+01 4.119398065230000058e-29
7.400000000000000000e+01 3.885729410969999822e-29
7.500000000000000000e+01 1.082650990010000055e-29
7.600000000000000000e+01 2.885787243930000106e-28
7.700000000000000000e+01 1.153654539709999950e-29
7.800000000000000000e+01 1.141206155159999963e-29
7.900000000000000000e+01 3.339920228619999837e-29
8.000000000000000000e+01 1.476669384759999918e-29
8.100000000000000000e+01 7.229662596359999616e-28
8.200000000000000000e+01 1.868460529319999928e-29
8.300000000000000000e+01 1.758583891080000097e-29
8.400000000000000000e+01 2.783981960679999773e-29
8.500000000000000000e+01 1.820795029209999912e-29
8.600000000000000000e+01 1.144581822380000004e-29
8.700000000000000000e+01 1.121448975740000016e-29
8.800000000000000000e+01 1.208951676470000008e-29
8.900000000000000000e+01 2.574166757399999735e-29
9.000000000000000000e+01 2.025778590349999870e-29
9.100000000000000000e+01 1.216654742179999940e-29
9.200000000000000000e+01 1.259221434819999965e-29
9.300000000000000000e+01 4.155949192840000054e-29
9.400000000000000000e+01 2.635696493640000130e-27
9.500000000000000000e+01 2.377074440479999887e-29
9.600000000000000000e+01 1.232446061489999961e-29
9.700000000000000000e+01 1.556691535919999952e-29
9.800000000000000000e+01 5.509788203169999686e-28
9.900000000000000000e+01 8.650125654380000022e-29
1.000000000000000000e+02 2.524978269240000134e-27
1.010000000000000000e+02 1.670724549349999927e-29
1.020000000000000000e+02 1.198427703509999945e-29
1.030000000000000000e+02 1.452923291570000063e-29
1.040000000000000000e+02 7.222474577720000182e-27
1.050000000000000000e+02 2.049023402889999897e-29
1.060000000000000000e+02 1.222929027819999984e-29
1.070000000000000000e+02 1.316027953409999883e-29
1.080000000000000000e+02 1.240220950800000008e-29
1.090000000000000000e+02 1.219940959739999933e-29
1.100000000000000000e+02 1.825794395050000057e-29
1.110000000000000000e+02 1.357239266500000008e-29
1.120000000000000000e+02 1.383316198889999999e-29
1.130000000000000000e+02 1.240557054149999921e-28
1.140000000000000000e+02 2.501537277629999938e-29
1.150000000000000000e+02 2.128647070990000134e-27
1.160000000000000000e+02 1.373826600030000074e-29
1.170000000000000000e+02 3.047582703480000076e-29
1.180000000000000000e+02 5.914471986849999446e-29
1.190000000000000000e+02 2.145309175199999848e-27
1.200000000000000000e+02 1.183560744010000051e-29
1.210000000000000000e+02 1.179212000030000004e-29
1.220000000000000000e+02 2.324846690159999997e-29
1.230000000000000000e+02 1.480112418589999873e-29
1.240000000000000000e+02 4.293713652670000058e-29
1.250000000000000000e+02 1.045464684370000049e-27
1.260000000000000000e+02 2.957361431660000243e-29
1.270000000000000000e+02 2.283811572529999967e-29
1.280000000000000000e+02 1.160916835730000038e-29
1.290000000000000000e+02 1.195318731249999969e-29
1.300000000000000000e+02 1.157536214159999967e-29
1.310000000000000000e+02 1.248461288290000064e-29
1.320000000000000000e+02 1.306026712339999873e-29
1.330000000000000000e+02 1.246909423399999985e-29
1.340000000000000000e+02 1.412685662399999872e-29
1.350000000000000000e+02 8.125035452369999684e-28
1.360000000000000000e+02 6.745974349309999901e-29
1.370000000000000000e+02 5.048128981509999783e-29
1.380000000000000000e+02 1.048305253349999958e-28
1.390000000000000000e+02 3.907905685469999952e-29
1.400000000000000000e+02 1.403000873699999979e-29
1.410000000000000000e+02 1.157664144779999937e-29
1.420000000000000000e+02 1.198686817629999991e-29
1.430000000000000000e+02 1.204376355439999977e-29
1.440000000000000000e+02 1.301029523710000123e-29
1.450000000000000000e+02 7.761906900659999755e-29
1.460000000000000000e+02 5.660021047700000355e-29
1.470000000000000000e+02 3.129971725269999969e-29
1.480000000000000000e+02 1.392709733790000063e-29
1.490000000000000000e+02 4.743465388030000149e-29
1.500000000000000000e+02 1.256618677829999971e-29
1.510000000000000000e+02 3.493701570180000162e-29
1.520000000000000000e+02 1.838286031260000112e-29
1.530000000000000000e+02 1.990867982940000020e-27
1.540000000000000000e+02 1.466422780619999873e-29
1.550000000000000000e+02 6.247351219969999626e-29
1.560000000000000000e+02 8.484797164949999725e-29
1.570000000000000000e+02 2.014700383219999880e-29
1.580000000000000000e+02 3.985702740039999846e-29
1.590000000000000000e+02 1.241837936770000002e-29
1.600000000000000000e+02 1.206130042589999983e-29
1.610000000000000000e+02 1.508044845850000113e-29
1.620000000000000000e+02 1.181401415910000012e-29
1.630000000000000000e+02 1.274496119059999903e-29
1.640000000000000000e+02 1.250660999839999958e-29
1.650000000000000000e+02 1.793642126719999921e-29
1.660000000000000000e+02 3.978460684820000233e-29
1.670000000000000000e+02 2.124498409270000036e-29
1.680000000000000000e+02 1.286695197579999878e-29
1.690000000000000000e+02 1.576978670829999930e-29
1.700000000000000000e+02 1.329318065169999922e-29
1.710000000000000000e+02 1.243179536590000050e-29
1.720000000000000000e+02 1.214186738679999963e-29
1.730000000000000000e+02 1.173332131869999890e-28
1.740000000000000000e+02 5.448714674800000192e-29
1.750000000000000000e+02 1.526722923710000062e-29
1.760000000000000000e+02 3.340509083290000315e-27
1.770000000000000000e+02 1.938165456819999920e-29
1.780000000000000000e+02 5.538288867549999786e-28
1.790000000000000000e+02 1.455259966710000080e-29
1.800000000000000000e+02 1.203813368209999991e-29
1.810000000000000000e+02 1.221318365390000037e-29
1.820000000000000000e+02 1.212360214180000038e-29
1.830000000000000000e+02 4.051150181539999786e-29
1.840000000000000000e+02 1.234784932379999936e-29
1.850000000000000000e+02 3.567689840209999726e-29
1.860000000000000000e+02 4.349745363530000005e-29
1.870000000000000000e+02 3.335335680949999826e-29
1.880000000000000000e+02 1.278713027669999906e-29
1.890000000000000000e+02 1.334783876329999862e-29
1.900000000000000000e+02 8.282740225399999836e-26
1.910000000000000000e+02 2.941562865749999776e-29
1.920000000000000000e+02 2.471903158659999949e-29
1.930000000000000000e+02 1.320446150840000092e-29
1.940000000000000000e+02 3.914100366419999768e-29
1.950000000000000000e+02 1.376246956489999959e-28
1.960000000000000000e+02 6.932019421220000259e-29
1.970000000000000000e+02 2.676563913570000032e-27
1.980000000000000000e+02 1.843599478999999904e-29
1.990000000000000000e+02 1.335899222419999922e-29
2.000000000000000000e+02 4.259884910780000025e-29
2.010000000000000000e+02 2.269063106679999928e-29
2.020000000000000000e+02 1.349268920040000088e-29
2.030000000000000000e+02 1.435003692940000048e-29
2.040000000000000000e+02 2.061373069659999922e-29
2.050000000000000000e+02 1.830570903709999892e-29
2.060000000000000000e+02 1.342979413560000077e-29
2.070000000000000000e+02 1.623743661570000085e-29
2.080000000000000000e+02 1.357854223169999979e-29
2.090000000000000000e+02 4.647064559750000154e-28
2.100000000000000000e+02 3.671398983789999928e-29
2.110000000000000000e+02 1.460178168399999903e-29
2.120000000000000000e+02 4.999568918810000164e-29
2.130000000000000000e+02 1.394507112310000025e-29
2.140000000000000000e+02 9.852482654900000158e-29
2.150000000000000000e+02 9.089249418329999697e-29
2.160000000000000000e+02 2.350261729920000115e-29
2.170000000000000000e+02 1.265405415739999910e-29
2.180000000000000000e+02 5.506365002740000379e-29
2.190000000000000000e+02 1.257689862259999937e-29
2.200000000000000000e+02 1.266366315520000005e-29
2.210000000000000000e+02 1.266689056419999973e-29
2.220000000000000000e+02 1.377451307899999910e-29
2.230000000000000000e+02 1.302544701980000047e-29
2.240000000000000000e+02 1.269362336130000003e-29
2.250000000000000000e+02 1.267465813489999874e-29
2.260000000000000000e+02 1.546885475290000128e-29
2.270000000000000000e+02 1.295720993350000079e-29
2.280000000000000000e+02 1.920279240280000044e-29
2.290000000000000000e+02 1.366510772550000114e-29
2.300000000000000000e+02 2.274885708870000089e-29
2.310000000000000000e+02 1.462313124270000081e-29
2.320000000000000000e+02 2.559437623899999916e-29
2.330000000000000000e+02 1.744346408109999884e-29
2.340000000000000000e+02 1.820607037309999919e-29
2.350000000000000000e+02 1.841787702760000100e-29
2.360000000000000000e+02 1.396384948729999871e-29
2.370000000000000000e+02 1.328333936099999896e-29
2.380000000000000000e+02 1.382384168650000127e-29
2.390000000000000000e+02 3.744047074049999846e-29
2.400000000000000000e+02 1.305679891529999951e-29
2.410000000000000000e+02 1.371564858699999941e-29
2.420000000000000000e+02 1.377166413199999880e-29
2.430000000000000000e+02 1.358851250480000028e-29
2.440000000000000000e+02 1.405706024100000116e-29
2.450000000000000000e+02 4.720981909970000198e-29
2.460000000000000000e+02 7.444923170900000141e-28
2.470000000000000000e+02 1.312167485750000006e-29
2.480000000000000000e+02 3.346117635029999819e-29
2.490000000000000000e+02 1.357252332220000048e-29
2.500000000000000000e+02 1.362860034610000050e-29
2.510000000000000000e+02 1.975410589479999926e-29
2.520000000000000000e+02 1.350251095880000132e-29
2.530000000000000000e+02 4.664582923819999979e-29
2.540000000000000000e+02 1.382946992210000019e-29
2.550000000000000000e+02 7.343979771930000300e-29
2.560000000000000000e+02 1.346415086679999876e-29
2.570000000000000000e+02 1.395657068500000000e-29
2.580000000000000000e+02 2.168209346640000023e-29
2.590000000000000000e+02 3.982965303810000127e-29
2.600000000000000000e+02 1.356509842089999942e-29
2.610000000000000000e+02 1.355932827019999989e-29
2.620000000000000000e+02 1.345687323919999961e-29
2.630000000000000000e+02 1.353143969559999992e-29
2.640000000000000000e+02 2.344094802930000122e-29
2.650000000000000000e+02 1.399686251129999978e-29
2.660000000000000000e+02 1.392013465870000047e-29
2.670000000000000000e+02 1.614725741569999896e-29
2.680000000000000000e+02 1.362219375460000093e-29
2.690000000000000000e+02 1.180820200329999953e-28
2.700000000000000000e+02 1.706128326469999890e-29
2.710000000000000000e+02 1.576664723679999869e-29
2.720000000000000000e+02 8.701785804869999532e-27
2.730000000000000000e+02 1.514421732100000071e-29
2.740000000000000000e+02 1.380120232049999970e-29
2.750000000000000000e+02 1.407606276669999926e-29
2.760000000000000000e+02 1.670767155469999960e-29
2.770000000000000000e+02 1.378372891820000111e-29
2.780000000000000000e+02 8.581340435220000767e-28
2.790000000000000000e+02 1.495432988549999985e-29
2.800000000000000000e+02 1.519492550619999895e-29
2.810000000000000000e+02 1.392407642619999883e-29
2.820000000000000000e+02 5.634042662389999726e-29
2.830000000000000000e+02 1.415592999180000030e-29
2.840000000000000000e+02 1.554814672349999932e-29
2.850000000000000000e+02 1.411676208570000078e-29
2.860000000000000000e+02 1.475917737030000039e-29
2.870000000000000000e+02 1.410927836559999953e-29
2.880000000000000000e+02 1.451796855609999939e-29
2.890000000000000000e+02 1.414217169509999961e-29
2.900000000000000000e+02 2.248261932579999908e-29
2.910000000000000000e+02 1.408242547809999933e-29
2.920000000000000000e+02 1.410857678810000052e-29
2.930000000000000000e+02 1.413785538719999926e-29
2.940000000000000000e+02 1.434347875349999967e-29
2.950000000000000000e+02 1.419123156560000088e-29
2.960000000000000000e+02 1.486378875510000086e-29
2.970000000000000000e+02 1.567875481420000090e-29
2.980000000000000000e+02 1.430992828170000133e-29
2.990000000000000000e+02 1.703997182340000135e-29
3.000000000000000000e+02 1.508576948569999997e-29
3.010000000000000000e+02 1.430076511190000058e-29
3.020000000000000000e+02 1.539064335120000128e-29
3.030000000000000000e+02 1.438759046419999980e-29
3.040000000000000000e+02 1.445586381489999992e-29
3.050000000000000000e+02 1.502864452860000133e-29
3.060000000000000000e+02 1.564324890700000085e-29
3.070000000000000000e+02 1.486846729069999897e-29
3.080000000000000000e+02 1.495939733779999949e-29
3.090000000000000000e+02 2.626681460490000126e-29
3.100000000000000000e+02 1.455271256449999904e-29
3.110000000000000000e+02 1.454879708430000035e-29
3.120000000000000000e+02 1.511721521770000140e-29
3.130000000000000000e+02 1.735137584980000008e-29
3.140000000000000000e+02 1.461919523549999944e-29
3.150000000000000000e+02 1.467580175369999949e-29
3.160000000000000000e+02 1.500885152329999982e-29
3.170000000000000000e+02 1.614196625610000105e-29
3.180000000000000000e+02 1.486829919779999985e-29
3.190000000000000000e+02 1.473632035699999929e-29
3.200000000000000000e+02 1.479511368520000052e-29
3.210000000000000000e+02 1.936034224099999981e-28
3.220000000000000000e+02 1.541999685430000111e-29
3.230000000000000000e+02 1.484663354860000036e-29
3.240000000000000000e+02 1.909030059409999989e-29
3.250000000000000000e+02 1.489112658019999941e-29
3.260000000000000000e+02 1.624663328989999915e-29
3.270000000000000000e+02 1.530288365289999998e-29
3.280000000000000000e+02 1.499655553129999908e-29
3.290000000000000000e+02 1.502502849930000004e-29
3.300000000000000000e+02 1.737465090419999888e-29
3.310000000000000000e+02 1.504163382170000102e-29
3.320000000000000000e+02 1.532606337240000114e-29
3.330000000000000000e+02 1.509089237170000021e-29
3.340000000000000000e+02 1.514862298320000080e-29
3.350000000000000000e+02 1.515193379590000039e-29
3.360000000000000000e+02 1.517486540220000007e-29
3.370000000000000000e+02 1.545362844979999890e-29
3.380000000000000000e+02 1.585890968700000112e-29
3.390000000000000000e+02 1.573098344160000001e-29
3.400000000000000000e+02 3.125891291210000118e-29
3.410000000000000000e+02 7.507801786019999915e-29
3.420000000000000000e+02 1.535581088589999946e-29
3.430000000000000000e+02 4.573555373770000248e-29
3.440000000000000000e+02 1.539786602299999959e-29
3.450000000000000000e+02 1.541258966029999931e-29
3.460000000000000000e+02 1.549795889649999923e-29
3.470000000000000000e+02 1.546769476519999869e-29
3.480000000000000000e+02 1.555600286170000131e-29
3.490000000000000000e+02 1.552624328830000107e-29
3.500000000000000000e+02 1.560486826279999972e-29
3.510000000000000000e+02 1.578001559770000039e-29
3.520000000000000000e+02 1.565400479720000040e-29
3.530000000000000000e+02 1.563927395620000065e-29
3.540000000000000000e+02 1.580942837269999931e-29
3.550000000000000000e+02 1.570009731880000067e-29
3.560000000000000000e+02 1.589319455589999879e-29
3.570000000000000000e+02 1.581149737390000081e-29
3.580000000000000000e+02 4.645493698949999928e-29
3.590000000000000000e+02 1.581058268019999918e-29
3.600000000000000000e+02 1.586607811519999948e-29
3.610000000000000000e+02 1.586160776030000073e-29
3.620000000000000000e+02 1.598285313440000077e-29
3.630000000000000000e+02 1.618885204450000115e-29
3.640000000000000000e+02 1.595209978249999898e-29
3.650000000000000000e+02 1.602507385469999889e-29
3.660000000000000000e+02 1.601984886440000031e-29
3.670000000000000000e+02 1.603685225419999887e-29
3.680000000000000000e+02 1.607984081280000101e-29
3.690000000000000000e+02 1.609872260100000057e-29
3.700000000000000000e+02 1.629570377860000134e-29
3.710000000000000000e+02 1.617071520210000089e-29
3.720000000000000000e+02 1.618016500449999862e-29
3.735000000000000000e+02 1.628580948344999942e-29
3.760000000000000000e+02 1.699306332596666832e-29
3.795000000000000000e+02 1.643579398972499920e-29
3.835000000000000000e+02 1.663220020349999762e-29
3.875000000000000000e+02 4.468270190692500281e-29
3.915000000000000000e+02 1.680577897532499935e-29
3.955000000000000000e+02 1.777233305272499952e-29
3.995000000000000000e+02 1.702855008077499894e-29
4.035000000000000000e+02 1.766033326662500094e-29
4.075000000000000000e+02 1.733932657330000088e-29
4.115000000000000000e+02 1.772495920925000165e-29
4.155000000000000000e+02 1.779709925710000022e-29
4.195000000000000000e+02 3.968111952912749834e-28
4.235000000000000000e+02 1.882311884955000036e-29
4.280000000000000000e+02 1.799365290953999800e-29
4.325000000000000000e+02 1.850374974825000104e-29
4.365000000000000000e+02 1.847420033310000107e-29
4.410000000000000000e+02 1.846424881550000019e-29
4.455000000000000000e+02 1.911652485547499795e-29
4.495000000000000000e+02 1.878134698242500049e-29
4.540000000000000000e+02 1.895110534268000058e-29
4.590000000000000000e+02 1.919883525484000190e-29
4.635000000000000000e+02 1.931671398392499828e-29
4.680000000000000000e+02 1.952058652202000062e-29
4.725000000000000000e+02 1.969359114795000189e-29
4.770000000000000000e+02 1.987544089604000152e-29
4.820000000000000000e+02 2.007549907170000249e-29
4.870000000000000000e+02 2.029303337908000104e-29
4.920000000000000000e+02 2.052403188316000086e-29
4.970000000000000000e+02 2.072599465851999800e-29
5.020000000000000000e+02 2.097270825081999949e-29
5.070000000000000000e+02 2.119723466982000398e-29
5.120000000000000000e+02 2.332123602956000365e-29
5.170000000000000000e+02 2.165114964905999580e-29
5.220000000000000000e+02 2.189035821649999720e-29
5.270000000000000000e+02 2.464914024535999592e-29
5.325000000000000000e+02 2.242166748183333429e-29
5.380000000000000000e+02 2.270053966085999999e-29
5.430000000000000000e+02 2.296156544339999815e-29
5.485000000000000000e+02 2.324960898901666523e-29
5.540000000000000000e+02 2.455156769175999914e-29
5.595000000000000000e+02 5.618539444196666434e-29
5.655000000000000000e+02 2.420074174186666910e-29
5.710000000000000000e+02 2.451339159958000127e-29
5.765000000000000000e+02 2.483951259408333213e-29
5.825000000000000000e+02 2.599464704295000119e-29
5.885000000000000000e+02 2.557745971996666965e-29
5.945000000000000000e+02 2.596070259148332992e-29
6.005000000000000000e+02 2.635169229595000000e-29
6.065000000000000000e+02 2.676950464256666928e-29
6.125000000000000000e+02 2.716583105465000194e-29
6.185000000000000000e+02 2.758773031520000047e-29
6.245000000000000000e+02 3.043438476163332787e-29
6.305000000000000000e+02 2.846572406996666198e-29
6.370000000000000000e+02 2.998511018381428581e-29
6.435000000000000000e+02 2.947687560211666218e-29
6.500000000000000000e+02 2.999743169572856502e-29
6.565000000000000000e+02 3.053132499198333504e-29
6.630000000000000000e+02 3.109043330017143051e-29
6.695000000000000000e+02 3.165775727058333575e-29
6.760000000000000000e+02 3.224843900167142666e-29
6.830000000000000000e+02 3.326152940308571377e-29
6.900000000000000000e+02 3.357758594035714119e-29
6.970000000000000000e+02 3.427679688850000435e-29
7.040000000000000000e+02 3.523994649798571583e-29
7.110000000000000000e+02 3.574852107764285830e-29
7.180000000000000000e+02 3.652462594645714194e-29
7.250000000000000000e+02 4.204592129411428497e-29
7.320000000000000000e+02 3.815736028677142781e-29
7.395000000000000000e+02 3.939487581243749957e-29
7.470000000000000000e+02 4.005191937831428335e-29
7.545000000000000000e+02 1.099468130758874956e-28
7.620000000000000000e+02 4.211790587477142698e-29
7.695000000000000000e+02 5.523356490011249364e-29
7.775000000000000000e+02 4.439336251445000275e-29
7.855000000000000000e+02 1.982424779530000150e-28
7.930000000000000000e+02 5.897915995872857032e-29
8.005000000000000000e+02 1.829564049983249846e-28
8.085000000000000000e+02 9.301404075776248854e-29
8.170000000000000000e+02 5.129349920195556876e-29
8.255000000000000000e+02 5.413703192614999260e-29
8.335000000000000000e+02 5.464879242694999362e-29
8.415000000000000000e+02 5.643594454631250040e-29
8.500000000000000000e+02 1.246896463721555494e-27
8.585000000000000000e+02 6.047922772384999841e-29
8.670000000000000000e+02 6.267038904606666101e-29
8.760000000000000000e+02 6.836630876081111280e-29
8.850000000000000000e+02 6.785940588140000993e-29
8.935000000000000000e+02 7.051221613032500899e-29
9.020000000000000000e+02 7.739632085354444177e-29
9.115000000000000000e+02 7.675090108158001141e-29
9.210000000000000000e+02 8.045466989934445016e-29
9.300000000000000000e+02 8.076248946283332868e-28
9.390000000000000000e+02 8.835042092182222520e-29
9.485000000000000000e+02 9.465399496728998947e-29
9.580000000000000000e+02 9.862390242621110616e-29
9.675000000000000000e+02 1.032675450258000096e-28
9.775000000000000000e+02 2.543410806802999972e-28
9.870000000000000000e+02 9.913163299609222958e-27
9.965000000000000000e+02 1.292453216381999909e-28
1.006500000000000000e+03 8.448592496159399297e-27
1.016500000000000000e+03 3.064455297778299879e-27
1.027000000000000000e+03 9.902093807732262234e-26
1.037500000000000000e+03 1.873353627835170282e-26
1.047500000000000000e+03 2.846703668293243920e-25
1.058000000000000000e+03 2.373864640386336407e-26
1.069000000000000000e+03 3.509096821779363753e-27
1.079500000000000000e+03 7.646619082183630219e-26
1.090000000000000000e+03 1.252583735462490821e-26
1.101000000000000000e+03 5.142498320904391340e-26
1.112000000000000000e+03 1.784904089299077685e-25
1.123000000000000000e+03 3.160536956651074894e-24
1.134500000000000000e+03 3.570553485898336880e-25
1.146000000000000000e+03 8.909248523275916256e-24
1.157500000000000000e+03 1.040479755625475528e-23
1.169000000000000000e+03 9.844912798224109297e-25
1.180500000000000000e+03 2.617014862634046554e-23
1.192500000000000000e+03 7.841131144411938678e-22
1.204500000000000000e+03 2.960624173983450140e-21
1.216500000000000000e+03 4.454084353242708556e-22
1.228500000000000000e+03 2.651813518765102955e-20
1.240500000000000000e+03 1.472974647196184782e-21
1.253000000000000000e+03 5.066145024715794220e-19
1.266000000000000000e+03 3.703722062711224638e-22
1.278500000000000000e+03 4.479857589057791597e-23
1.291000000000000000e+03 5.220498389163084152e-23
1.304000000000000000e+03 1.890982017911860033e-19
1.317000000000000000e+03 5.009174166155291280e-23
1.330000000000000000e+03 1.264185013438923239e-23
1.343500000000000000e+03 4.748575606159011595e-21
1.357000000000000000e+03 1.126716456594882091e-19
1.370500000000000000e+03 9.732436763579928327e-24
1.384500000000000000e+03 7.380733603708157289e-23
1.398500000000000000e+03 2.576815711333559592e-24
1.412500000000000000e+03 2.202229747555335545e-24
1.426500000000000000e+03 1.033824175909684083e-23
1.440500000000000000e+03 9.227655981357443980e-25
1.455000000000000000e+03 3.992343640145874272e-24
1.469500000000000000e+03 1.653256228780066468e-24
1.484000000000000000e+03 1.302754323306205457e-23
1.499000000000000000e+03 1.809872995350294525e-24
1.514000000000000000e+03 3.500161880361982274e-25
1.529000000000000000e+03 3.716398338307835866e-24
1.544500000000000000e+03 6.508853780012407581e-22
1.560000000000000000e+03 1.736002084155109607e-23
1.575500000000000000e+03 2.004757157105354158e-23
1.591500000000000000e+03 4.282307665314641690e-24
1.607500000000000000e+03 2.130380686976857283e-23
1.623500000000000000e+03 5.524034060131945129e-24
1.639500000000000000e+03 1.038203782982468423e-21
1.656000000000000000e+03 8.695557406978650850e-24
1.672500000000000000e+03 1.245553467332350639e-22
1.689000000000000000e+03 2.252553653575584800e-25
1.706000000000000000e+03 1.505568508705454012e-24
1.723000000000000000e+03 9.987412708405465790e-24
1.740500000000000000e+03 2.098918511957286043e-24
1.758000000000000000e+03 5.549448120375644958e-25
1.775500000000000000e+03 2.529587897523066060e-24
1.793500000000000000e+03 9.922820226411521388e-26
1.811500000000000000e+03 4.136082209873466412e-26
1.829500000000000000e+03 1.211061802295454475e-24
1.847500000000000000e+03 4.827786555267472648e-25
1.866000000000000000e+03 1.285857728859405541e-27
1.884500000000000000e+03 1.898914536777372134e-27
1.903000000000000000e+03 8.049874608893001453e-28
1.922000000000000000e+03 1.140801009937466910e-25
1.941500000000000000e+03 5.118238387389000617e-29
1.961000000000000000e+03 1.240031572037420915e-28
1.980500000000000000e+03 4.946465164916999453e-29
2.000500000000000000e+03 3.921285068885449870e-28
2.020500000000000000e+03 2.637910174803944945e-27
2.040500000000000000e+03 5.198244124347000728e-29
2.061000000000000000e+03 9.569785027443565996e-26
2.082000000000000000e+03 1.859033791068142702e-28
2.102500000000000000e+03 1.359665182179604857e-27
2.123500000000000000e+03 1.556671141611958212e-26
2.145000000000000000e+03 6.702054437043050549e-24
2.166500000000000000e+03 6.369092259857743659e-26
2.188000000000000000e+03 8.079940603643561758e-24
2.209500000000000000e+03 7.864865947995050347e-25
2.231500000000000000e+03 1.172061528902943749e-26
2.254000000000000000e+03 1.014345170563432226e-26
2.277000000000000000e+03 2.908897334992140565e-24
2.299500000000000000e+03 1.076932477647629252e-24
2.322500000000000000e+03 2.286750095878821301e-25
2.346000000000000000e+03 8.621138587097490827e-25
2.369000000000000000e+03 9.838528812155523269e-25
2.392500000000000000e+03 1.200455509434339123e-25
2.416500000000000000e+03 2.307178374373414689e-24
2.441000000000000000e+03 2.165538947492364001e-24
2.465500000000000000e+03 4.260255041011849167e-23
2.490000000000000000e+03 3.369283501081768456e-24
2.515000000000000000e+03 5.171295842415203210e-24
2.540000000000000000e+03 5.816194084645046686e-23
2.565500000000000000e+03 4.935517872763597758e-24
2.591500000000000000e+03 4.691454702879762728e-22
2.617500000000000000e+03 1.226404321684000423e-22
2.643500000000000000e+03 9.429088501528073081e-23
2.669500000000000000e+03 1.202509442515447749e-23
2.696000000000000000e+03 4.566243844425277830e-22
2.723000000000000000e+03 9.945332885209501612e-23
2.750500000000000000e+03 4.217679865791179038e-22
2.778000000000000000e+03 3.297856571668217671e-22
2.805500000000000000e+03 3.281307090882784827e-22
2.834000000000000000e+03 6.670459980699850579e-21
2.862500000000000000e+03 7.857273816817463894e-22
2.891000000000000000e+03 1.562078877256109773e-20
2.920000000000000000e+03 8.693132775456099312e-21
2.949000000000000000e+03 1.315042257204214585e-21
2.978500000000000000e+03 3.894406109634174406e-21
3.008500000000000000e+03 1.293238989172039180e-19
3.038500000000000000e+03 5.191828547134769232e-23
3.068500000000000000e+03 1.020906372749510240e-21
3.099000000000000000e+03 4.381026325992827812e-22
3.130000000000000000e+03 2.875143538875978684e-21
3.161500000000000000e+03 7.034058732337602963e-21
3.193500000000000000e+03 2.955459738776755800e-22
3.225500000000000000e+03 2.974150900409520236e-24
3.257500000000000000e+03 2.860854472738883280e-24
3.290000000000000000e+03 1.075249155060124047e-24
3.323000000000000000e+03 1.094090790976288043e-26
3.356000000000000000e+03 9.258917863066790272e-26
3.389500000000000000e+03 2.364889149727592412e-25
3.423500000000000000e+03 3.387545512883266779e-26
3.458000000000000000e+03 1.380189988973605852e-26
3.492500000000000000e+03 2.205681348384878698e-25
3.527000000000000000e+03 4.131287167716377772e-26
3.562500000000000000e+03 7.751543289459464331e-25
3.598500000000000000e+03 1.121448758180572218e-25
3.634500000000000000e+03 8.184878183293071524e-26
3.670500000000000000e+03 1.729038894592594984e-24
3.707000000000000000e+03 1.275156876858014618e-25
3.744500000000000000e+03 6.409120489545043525e-24
3.782000000000000000e+03 1.154051181560086479e-22
3.819500000000000000e+03 8.548068389829799854e-23
3.858000000000000000e+03 4.551873169589209561e-22
3.896500000000000000e+03 8.314615770029908304e-22
3.935000000000000000e+03 1.589219735221552500e-23
3.974500000000000000e+03 1.461876083127262276e-23
4.014500000000000000e+03 1.362861721833654231e-23
4.054500000000000000e+03 1.282891523018525891e-22
4.095000000000000000e+03 6.805156266154434358e-23
4.136000000000000000e+03 2.161716395795769870e-22
4.177500000000000000e+03 1.483749235340598716e-21
4.219500000000000000e+03 2.477795825266199142e-21
4.261500000000000000e+03 4.780482756403832327e-22
4.304000000000000000e+03 3.725785150670396538e-21
4.347000000000000000e+03 1.198699859824800074e-20
4.390500000000000000e+03 9.126344054841758121e-22
4.434500000000000000e+03 2.097407549869331500e-21
4.479000000000000000e+03 4.043783722468337698e-22
4.524000000000000000e+03 4.812676065421635334e-22
4.569000000000000000e+03 7.573703693235177276e-22
4.614500000000000000e+03 2.631395074826633135e-23
4.660500000000000000e+03 8.732507541086333939e-24
4.707000000000000000e+03 9.835168184558456738e-24
4.754500000000000000e+03 1.310907411313713182e-25
4.802000000000000000e+03 8.536257724030246682e-26
4.850000000000000000e+03 8.003263178111503184e-26
4.898500000000000000e+03 7.994209525835339820e-27
4.947500000000000000e+03 5.203300287935148760e-26
4.997000000000000000e+03 1.813043313268519535e-25
5.047000000000000000e+03 2.514436423026737713e-25
5.097500000000000000e+03 2.513183769338164315e-25
5.148000000000000000e+03 1.580230509663352288e-24
5.199500000000000000e+03 3.136901547166596224e-24
5.251500000000000000e+03 1.332673319725865197e-24
5.304000000000000000e+03 1.754256357406297306e-24
5.357500000000000000e+03 1.112279383892636045e-23
5.411000000000000000e+03 1.649045220813045681e-23
5.465000000000000000e+03 1.436371981180345368e-23
5.520000000000000000e+03 2.317051968312295150e-23
5.575000000000000000e+03 1.202367932596379572e-22
5.630500000000000000e+03 7.322533759263304908e-23
5.687000000000000000e+03 4.540604635573012160e-23
5.744000000000000000e+03 1.792489932938713008e-22
5.801500000000000000e+03 5.085567485267640035e-23
5.859500000000000000e+03 2.143835017109242603e-22
5.918000000000000000e+03 2.336824514610327419e-22
5.977000000000000000e+03 6.323302691179398158e-23
6.036500000000000000e+03 8.599781213844123509e-23
6.097000000000000000e+03 8.717106481146765482e-23
6.158000000000000000e+03 4.957127899574869680e-23
6.219500000000000000e+03 3.561280287511508910e-24
6.282000000000000000e+03 2.445459254750726854e-25
6.345000000000000000e+03 3.918967539241309524e-26
6.408500000000000000e+03 3.812330414998991500e-26
6.472500000000000000e+03 8.833764256570513992e-26
6.537000000000000000e+03 2.087911135779670630e-25
6.602500000000000000e+03 4.829549210635007408e-25
6.668500000000000000e+03 1.260434127204398079e-24
6.735000000000000000e+03 6.436749611318532014e-24
6.802500000000000000e+03 6.286005500296611765e-24
6.870500000000000000e+03 4.003284841368709096e-24
6.939000000000000000e+03 1.071620967718682438e-23
7.008500000000000000e+03 2.111692623166481804e-23
7.078500000000000000e+03 6.294052934069653677e-23
7.149500000000000000e+03 7.311267645079852328e-23
7.221000000000000000e+03 8.990654912612941216e-23
7.293000000000000000e+03 6.845841238956373920e-23
7.366000000000000000e+03 6.302463465994112018e-23
7.439500000000000000e+03 4.926607905087339394e-23
7.514000000000000000e+03 1.223588568406787156e-22
7.589500000000000000e+03 3.637562155444119746e-24
7.665500000000000000e+03 2.397300397348748394e-24
7.742000000000000000e+03 1.655523377763163131e-25
7.819500000000000000e+03 3.001293545061211931e-26
7.897500000000000000e+03 3.394842336100919837e-26
7.976500000000000000e+03 8.310967562179498924e-30
8.056500000000000000e+03 1.854376410255810402e-25
8.137000000000000000e+03 5.616478921171289390e-25
8.218000000000000000e+03 8.082020825297289383e-25
8.300000000000000000e+03 3.393716930947260853e-24
8.383500000000000000e+03 1.245788698601190871e-23
8.467500000000000000e+03 2.244062608749196922e-23
8.552000000000000000e+03 3.899751740773454667e-23
8.637500000000000000e+03 8.494790347318905236e-23
8.724000000000000000e+03 2.573303159520590739e-23
8.811000000000000000e+03 2.246512957106598375e-23
8.899000000000000000e+03 2.039663129928712119e-23
8.988000000000000000e+03 4.061459684571558312e-24
9.078000000000000000e+03 2.785805029395135470e-25
9.169000000000000000e+03 6.873319482194310297e-25
9.260500000000000000e+03 1.120649212852391577e-30
9.353000000000000000e+03 1.030586843287193443e-30
9.446500000000000000e+03 9.698694057588298133e-31
9.541000000000000000e+03 9.221716408310950123e-31
9.636500000000000000e+03 8.821755283101354414e-31
9.733000000000000000e+03 8.472843108754431734e-31
9.830000000000000000e+03 8.161985638133404030e-31
9.928000000000000000e+03 7.878719781236361019e-31
9.989000000000000000e+03 7.714222253183912366e-31
