1.000000000000000000e+01 2.142463113100000161e-28
1.100000000000000000e+01 1.128908275499999959e-28
1.200000000000000000e+01 1.127211906179999944e-28
1.300000000000000000e+01 1.130747306079999915e-28
1.400000000000000000e+01 1.130872937009999940e-28
1.500000000000000000e+01 1.149091733530000101e-28
1.600000000000000000e+01 1.133712153400000077e-28
1.700000000000000000e+01 1.134884776319999989e-28
1.800000000000000000e+01 1.136826562850000037e-28
1.900000000000000000e+01 1.169338792189999972e-28
2.000000000000000000e+01 1.140300331910000071e-28
2.100000000000000000e+01 1.147697515769999927e-28
2.200000000000000000e+01 1.378349830389999942e-28
2.300000000000000000e+01 1.670793556360000041e-28
2.400000000000000000e+01 1.283774078640000018e-28
2.500000000000000000e+01 1.183592295119999987e-28
2.600000000000000000e+01 7.132407938539999783e-28
2.700000000000000000e+01 1.155950238090000083e-28
2.800000000000000000e+01 1.157398523770000054e-28
2.900000000000000000e+01 1.203141117970000021e-27
3.000000000000000000e+01 1.263190490830000061e-28
3.100000000000000000e+01 2.128688324029999920e-28
3.200000000000000000e+01 1.165262291510000054e-28
3.300000000000000000e+01 1.181718670960000030e-28
3.400000000000000000e+01 2.055160653250000162e-28
3.500000000000000000e+01 1.541035690489999957e-28
3.600000000000000000e+01 1.176243370870000111e-28
3.700000000000000000e+01 1.172949338020000095e-28
3.800000000000000000e+01 1.194095936959999971e-28
3.900000000000000000e+01 1.251898149450000001e-28
4.000000000000000000e+01 1.228313558360000029e-28
4.100000000000000000e+01 1.877946075450000007e-28
4.200000000000000000e+01 2.044301606389999894e-28
4.300000000000000000e+01 1.211268053119999965e-28
4.400000000000000000e+01 1.198345953739999989e-28
4.500000000000000000e+01 5.359454756259999724e-28
4.600000000000000000e+01 1.337201413140000040e-28
4.700000000000000000e+01 1.274924215390000023e-28
4.800000000000000000e+01 1.195147640469999957e-28
4.900000000000000000e+01 1.441509017379999929e-28
5.000000000000000000e+01 1.259629355730000010e-28
5.100000000000000000e+01 1.235944115449999970e-28
5.200000000000000000e+01 1.427260670910000075e-28
5.300000000000000000e+01 1.261895689510000111e-28
5.400000000000000000e+01 1.667551925480000055e-25
5.500000000000000000e+01 1.204423907519999942e-28
5.600000000000000000e+01 1.853537628280000047e-28
5.700000000000000000e+01 1.999582405400000046e-28
5.800000000000000000e+01 1.243310499339999933e-28
5.900000000000000000e+01 6.269917886999999993e-28
6.000000000000000000e+01 1.214639427130000035e-28
6.100000000000000000e+01 1.223636802729999964e-28
6.200000000000000000e+01 1.978863142550000110e-28
6.300000000000000000e+01 2.282689730039999805e-28
6.400000000000000000e+01 1.335733823089999987e-28
6.500000000000000000e+01 1.310261554450000084e-28
6.600000000000000000e+01 1.268000866729999952e-28
6.700000000000000000e+01 2.155988938559999791e-28
6.800000000000000000e+01 1.245736687520000079e-28
6.900000000000000000e+01 1.470033319970000058e-28
7.000000000000000000e+01 4.658187869390000181e-28
7.100000000000000000e+01 1.264036356010000095e-28
7.200000000000000000e+01 1.448184356669999915e-28
7.300000000000000000e+01 5.189828079930000423e-28
7.400000000000000000e+01 2.032494677379999869e-28
7.500000000000000000e+01 1.283663723279999888e-28
7.600000000000000000e+01 4.619964431090000025e-28
7.700000000000000000e+01 1.274264070040000015e-28
7.800000000000000000e+01 1.270558269140000035e-28
7.900000000000000000e+01 1.729461069510000055e-28
8.000000000000000000e+01 1.323834020709999910e-28
8.100000000000000000e+01 1.597838365950000035e-27
8.200000000000000000e+01 1.527892811789999975e-28
8.300000000000000000e+01 1.959822269609999960e-28
8.400000000000000000e+01 2.813737403879999966e-28
8.500000000000000000e+01 1.769505581240000023e-28
8.600000000000000000e+01 1.301648390289999906e-28
8.700000000000000000e+01 1.279855923679999970e-28
8.800000000000000000e+01 1.293800115499999971e-28
8.900000000000000000e+01 1.547163124819999992e-28
9.000000000000000000e+01 1.437194884340000033e-28
9.100000000000000000e+01 1.304791428269999934e-28
9.200000000000000000e+01 1.357825636429999997e-28
9.300000000000000000e+01 1.952890653909999937e-28
9.400000000000000000e+01 2.937984956549999948e-26
9.500000000000000000e+01 1.667748932839999969e-28
9.600000000000000000e+01 1.350832143259999961e-28
9.700000000000000000e+01 1.376298952550000070e-28
9.800000000000000000e+01 3.479232341269999959e-28
9.900000000000000000e+01 2.637278265539999787e-28
1.000000000000000000e+02 3.553192973120000112e-27
1.010000000000000000e+02 1.429577650560000045e-28
1.020000000000000000e+02 1.351983715929999890e-28
1.030000000000000000e+02 1.505152119829999927e-28
1.040000000000000000e+02 1.631883599300000109e-26
1.050000000000000000e+02 2.032497146420000094e-28
1.060000000000000000e+02 1.407888602480000037e-28
1.070000000000000000e+02 1.369409921759999942e-28
1.080000000000000000e+02 1.343325264489999915e-28
1.090000000000000000e+02 1.325653138530000067e-28
1.100000000000000000e+02 1.413301783479999939e-28
1.110000000000000000e+02 1.354556986290000062e-28
1.120000000000000000e+02 1.388318375130000046e-28
1.130000000000000000e+02 2.414624194550000191e-28
1.140000000000000000e+02 2.218943221569999994e-28
1.150000000000000000e+02 1.632712835460000111e-26
1.160000000000000000e+02 1.493783035070000048e-28
1.170000000000000000e+02 1.815400122740000048e-28
1.180000000000000000e+02 2.462081026920000184e-28
1.190000000000000000e+02 5.278239338179999955e-27
1.200000000000000000e+02 1.342147517789999928e-28
1.210000000000000000e+02 1.343297499899999990e-28
1.220000000000000000e+02 1.562668609700000029e-28
1.230000000000000000e+02 1.434870441059999888e-28
1.240000000000000000e+02 2.123090607909999806e-28
1.250000000000000000e+02 7.223726549789999691e-27
1.260000000000000000e+02 1.811411691110000056e-28
1.270000000000000000e+02 1.480890260380000032e-28
1.280000000000000000e+02 1.352022233569999947e-28
1.290000000000000000e+02 1.348514299889999896e-28
1.300000000000000000e+02 1.344474052560000060e-28
1.310000000000000000e+02 1.365123613099999952e-28
1.320000000000000000e+02 1.379918268929999925e-28
1.330000000000000000e+02 1.383914931690000098e-28
1.340000000000000000e+02 1.483469951750000104e-28
1.350000000000000000e+02 4.710185291609999708e-27
1.360000000000000000e+02 2.768473249810000095e-28
1.370000000000000000e+02 2.226869394619999979e-28
1.380000000000000000e+02 3.202995984090000193e-28
1.390000000000000000e+02 1.386542374299999996e-28
1.400000000000000000e+02 1.399959749230000101e-28
1.410000000000000000e+02 1.358782634250000030e-28
1.420000000000000000e+02 1.369897192689999894e-28
1.430000000000000000e+02 1.378060836429999913e-28
1.440000000000000000e+02 1.426801050400000016e-28
1.450000000000000000e+02 4.455084430420000403e-28
1.460000000000000000e+02 3.405836155430000018e-28
1.470000000000000000e+02 1.567644104979999950e-28
1.480000000000000000e+02 1.402099467179999999e-28
1.490000000000000000e+02 1.582676774910000031e-28
1.500000000000000000e+02 1.387688988380000104e-28
1.510000000000000000e+02 1.741848817199999996e-28
1.520000000000000000e+02 1.519555591820000025e-28
1.530000000000000000e+02 1.697334299179999991e-28
1.540000000000000000e+02 1.445145066509999976e-28
1.550000000000000000e+02 2.556646881669999878e-28
1.560000000000000000e+02 3.257201040840000084e-28
1.570000000000000000e+02 1.555248741680000071e-28
1.580000000000000000e+02 1.934837580679999903e-28
1.590000000000000000e+02 1.396713971200000042e-28
1.600000000000000000e+02 1.390181060629999928e-28
1.610000000000000000e+02 1.435688533000000041e-28
1.620000000000000000e+02 1.391475839930000070e-28
1.630000000000000000e+02 1.403050393510000051e-28
1.640000000000000000e+02 1.411443484510000024e-28
1.650000000000000000e+02 1.558794729060000062e-28
1.660000000000000000e+02 2.174046146139999981e-28
1.670000000000000000e+02 1.611205742830000068e-28
1.680000000000000000e+02 1.410915478260000099e-28
1.690000000000000000e+02 1.411391654939999998e-28
1.700000000000000000e+02 1.421558892980000092e-28
1.710000000000000000e+02 1.419006937800000107e-28
1.720000000000000000e+02 1.413246013330000111e-28
1.730000000000000000e+02 3.091302284120000081e-28
1.740000000000000000e+02 2.135512660210000197e-28
1.750000000000000000e+02 1.488586351019999966e-28
1.760000000000000000e+02 6.111438293829999815e-27
1.770000000000000000e+02 1.557005850700000077e-28
1.780000000000000000e+02 1.090461123030000017e-27
1.790000000000000000e+02 1.468287828090000022e-28
1.800000000000000000e+02 1.425033747880000064e-28
1.810000000000000000e+02 1.426988101760000078e-28
1.820000000000000000e+02 1.429218371319999899e-28
1.830000000000000000e+02 1.780197508050000097e-28
1.840000000000000000e+02 1.435540321109999935e-28
1.850000000000000000e+02 1.795467533490000076e-28
1.860000000000000000e+02 2.016387852219999969e-28
1.870000000000000000e+02 1.811439937309999978e-28
1.880000000000000000e+02 1.454103104580000109e-28
1.890000000000000000e+02 1.458221531499999918e-28
1.900000000000000000e+02 1.125354225980000052e-26
1.910000000000000000e+02 1.697316998340000016e-28
1.920000000000000000e+02 1.644025355989999958e-28
1.930000000000000000e+02 1.465519996660000006e-28
1.940000000000000000e+02 1.866859740219999935e-28
1.950000000000000000e+02 3.192284039340000095e-28
1.960000000000000000e+02 2.310360520589999848e-28
1.970000000000000000e+02 4.125200074869999659e-27
1.980000000000000000e+02 1.549855279220000078e-28
1.990000000000000000e+02 1.481654014000000014e-28
2.000000000000000000e+02 1.486522972560000033e-28
2.010000000000000000e+02 1.627124581399999997e-28
2.020000000000000000e+02 1.490537335360000036e-28
2.030000000000000000e+02 1.509883060730000055e-28
2.040000000000000000e+02 1.579168953740000102e-28
2.050000000000000000e+02 1.550592934899999906e-28
2.060000000000000000e+02 1.501474057549999999e-28
2.070000000000000000e+02 1.563646964380000031e-28
2.080000000000000000e+02 1.495879159290000104e-28
2.090000000000000000e+02 7.355257514529999884e-28
2.100000000000000000e+02 1.806610873299999957e-28
2.110000000000000000e+02 1.507759613489999970e-28
2.120000000000000000e+02 1.511005349820000019e-28
2.130000000000000000e+02 1.514263158160000108e-28
2.140000000000000000e+02 3.472176045350000014e-28
2.150000000000000000e+02 3.515054916239999924e-28
2.160000000000000000e+02 1.642034780060000098e-28
2.170000000000000000e+02 1.505528220649999998e-28
2.180000000000000000e+02 2.076922121900000064e-28
2.190000000000000000e+02 1.508042007100000050e-28
2.200000000000000000e+02 1.510069321670000109e-28
2.210000000000000000e+02 1.512266809700000063e-28
2.220000000000000000e+02 1.518340340750000101e-28
2.230000000000000000e+02 1.517400453880000078e-28
2.240000000000000000e+02 1.519200217970000063e-28
2.250000000000000000e+02 1.521495031190000081e-28
2.260000000000000000e+02 1.526995963400000083e-28
2.270000000000000000e+02 1.527704797019999990e-28
2.280000000000000000e+02 1.696223018689999913e-28
2.290000000000000000e+02 1.553427697889999914e-28
2.300000000000000000e+02 1.766388235829999977e-28
2.310000000000000000e+02 1.571404107380000011e-28
2.320000000000000000e+02 1.558257723369999889e-28
2.330000000000000000e+02 1.630415904030000101e-28
2.340000000000000000e+02 1.618759361879999981e-28
2.350000000000000000e+02 1.589362700390000096e-28
2.360000000000000000e+02 1.565537277210000106e-28
2.370000000000000000e+02 1.554558682260000108e-28
2.380000000000000000e+02 1.567346695970000050e-28
2.390000000000000000e+02 1.854336744080000049e-28
2.400000000000000000e+02 1.559449941920000039e-28
2.410000000000000000e+02 1.571018337049999925e-28
2.420000000000000000e+02 1.569241728949999953e-28
2.430000000000000000e+02 1.571492647160000058e-28
2.440000000000000000e+02 1.592295188340000033e-28
2.450000000000000000e+02 1.602424231680000096e-28
2.460000000000000000e+02 1.858582336570000041e-28
2.470000000000000000e+02 1.575437650559999969e-28
2.480000000000000000e+02 1.780563485150000000e-28
2.490000000000000000e+02 1.589508644460000028e-28
2.500000000000000000e+02 1.592992041310000064e-28
2.510000000000000000e+02 1.745116896169999933e-28
2.520000000000000000e+02 1.594252611940000009e-28
2.530000000000000000e+02 2.448373772640000109e-28
2.540000000000000000e+02 1.601619388610000013e-28
2.550000000000000000e+02 1.604102617569999915e-28
2.560000000000000000e+02 1.600633156749999920e-28
2.570000000000000000e+02 1.612647568290000104e-28
2.580000000000000000e+02 1.793004749619999904e-28
2.590000000000000000e+02 2.253269383929999877e-28
2.600000000000000000e+02 1.613044225690000030e-28
2.610000000000000000e+02 1.614109210549999904e-28
2.620000000000000000e+02 1.614229955350000014e-28
2.630000000000000000e+02 1.617749441539999910e-28
2.640000000000000000e+02 1.633767547260000093e-28
2.650000000000000000e+02 1.631956009069999974e-28
2.660000000000000000e+02 1.632272525170000080e-28
2.670000000000000000e+02 1.675695812800000004e-28
2.680000000000000000e+02 1.630102730440000060e-28
2.690000000000000000e+02 3.588681016680000220e-28
2.700000000000000000e+02 1.701077675560000083e-28
2.710000000000000000e+02 1.689477235630000102e-28
2.720000000000000000e+02 4.305222142079999810e-28
2.730000000000000000e+02 1.663613214499999971e-28
2.740000000000000000e+02 1.646247303740000029e-28
2.750000000000000000e+02 1.654220777740000084e-28
2.760000000000000000e+02 1.700658767899999980e-28
2.770000000000000000e+02 1.653683666559999955e-28
2.780000000000000000e+02 1.811467705450000107e-28
2.790000000000000000e+02 1.684275260420000005e-28
2.800000000000000000e+02 1.694978993950000061e-28
2.810000000000000000e+02 1.665490827919999897e-28
2.820000000000000000e+02 1.676246698569999944e-28
2.830000000000000000e+02 1.674244894769999960e-28
2.840000000000000000e+02 1.701385826299999919e-28
2.850000000000000000e+02 1.675836185330000089e-28
2.860000000000000000e+02 1.685120444640000056e-28
2.870000000000000000e+02 1.683631784090000032e-28
2.880000000000000000e+02 1.690901658879999973e-28
2.890000000000000000e+02 1.687676401050000008e-28
2.900000000000000000e+02 1.811563345129999927e-28
2.910000000000000000e+02 1.692056608940000078e-28
2.920000000000000000e+02 1.695138114999999943e-28
2.930000000000000000e+02 1.697936195930000050e-28
2.940000000000000000e+02 1.704419441379999915e-28
2.950000000000000000e+02 1.703596587700000061e-28
2.960000000000000000e+02 1.717120229799999990e-28
2.970000000000000000e+02 1.713819900040000112e-28
2.980000000000000000e+02 1.711837774109999912e-28
2.990000000000000000e+02 1.733670769009999976e-28
3.000000000000000000e+02 1.728567044829999960e-28
3.010000000000000000e+02 1.720300117670000067e-28
3.020000000000000000e+02 1.737030958940000045e-28
3.030000000000000000e+02 1.726860081550000098e-28
3.040000000000000000e+02 1.730848566390000000e-28
3.050000000000000000e+02 1.740092447000000097e-28
3.060000000000000000e+02 1.735678374060000050e-28
3.070000000000000000e+02 1.743302762270000006e-28
3.080000000000000000e+02 1.750444164659999889e-28
3.090000000000000000e+02 1.745430849080000057e-28
3.100000000000000000e+02 1.746861859450000056e-28
3.110000000000000000e+02 1.749685596840000106e-28
3.120000000000000000e+02 1.752732998799999980e-28
3.130000000000000000e+02 1.759133677970000093e-28
3.140000000000000000e+02 1.758691298989999908e-28
3.150000000000000000e+02 1.761627931600000090e-28
3.160000000000000000e+02 1.770155614820000082e-28
3.170000000000000000e+02 1.786391840639999906e-28
3.180000000000000000e+02 1.773393760170000003e-28
3.190000000000000000e+02 1.773736398560000014e-28
3.200000000000000000e+02 1.776851872899999997e-28
3.210000000000000000e+02 1.819424383039999941e-28
3.220000000000000000e+02 1.795690182879999929e-28
3.230000000000000000e+02 1.786163147470000096e-28
3.240000000000000000e+02 1.863902325570000008e-28
3.250000000000000000e+02 1.792240695390000106e-28
3.260000000000000000e+02 1.818760134040000110e-28
3.270000000000000000e+02 1.803872968570000037e-28
3.280000000000000000e+02 1.802039571710000088e-28
3.290000000000000000e+02 1.805117567970000078e-28
3.300000000000000000e+02 1.857231282699999983e-28
3.310000000000000000e+02 1.810973635570000044e-28
3.320000000000000000e+02 1.814128843140000045e-28
3.330000000000000000e+02 1.817244106180000049e-28
3.340000000000000000e+02 1.820525114939999964e-28
3.350000000000000000e+02 1.823717055590000088e-28
3.360000000000000000e+02 1.826866840920000102e-28
3.370000000000000000e+02 1.833284096790000104e-28
3.380000000000000000e+02 1.835535149059999926e-28
3.390000000000000000e+02 1.839846632390000046e-28
3.400000000000000000e+02 1.841973698240000004e-28
3.410000000000000000e+02 1.853775793359999927e-28
3.420000000000000000e+02 1.846547509339999956e-28
3.430000000000000000e+02 1.862644293110000038e-28
3.440000000000000000e+02 1.852798246030000104e-28
3.450000000000000000e+02 1.856014705850000029e-28
3.460000000000000000e+02 1.859509261259999952e-28
3.470000000000000000e+02 1.862651125439999936e-28
3.480000000000000000e+02 1.866645539179999947e-28
3.490000000000000000e+02 1.869286616979999910e-28
3.500000000000000000e+02 1.873151173360000095e-28
3.510000000000000000e+02 1.878281528929999990e-28
3.520000000000000000e+02 1.879433954280000103e-28
3.530000000000000000e+02 1.882738714599999900e-28
3.540000000000000000e+02 1.886050932409999895e-28
3.550000000000000000e+02 1.889439858669999925e-28
3.560000000000000000e+02 1.894802377789999985e-28
3.570000000000000000e+02 1.897349770900000097e-28
3.580000000000000000e+02 2.459977577599999848e-28
3.590000000000000000e+02 1.903136290089999971e-28
3.600000000000000000e+02 1.906880216459999985e-28
3.610000000000000000e+02 1.909935341219999895e-28
3.620000000000000000e+02 1.914452276840000032e-28
3.630000000000000000e+02 1.916937071810000007e-28
3.640000000000000000e+02 1.920318328189999961e-28
3.650000000000000000e+02 1.924365649170000084e-28
3.660000000000000000e+02 1.927560075330000056e-28
3.670000000000000000e+02 1.930801731730000008e-28
3.680000000000000000e+02 1.934360732850000003e-28
3.690000000000000000e+02 1.937918458519999930e-28
3.700000000000000000e+02 1.943641574210000030e-28
3.710000000000000000e+02 1.944985354369999998e-28
3.720000000000000000e+02 1.948484248110000049e-28
3.735000000000000000e+02 1.953942935840000025e-28
3.760000000000000000e+02 1.967293289506666810e-28
3.795000000000000000e+02 1.975597218984999965e-28
3.835000000000000000e+02 1.990356934232499971e-28
3.875000000000000000e+02 2.009241521832500153e-28
3.915000000000000000e+02 2.020390021830000297e-28
3.955000000000000000e+02 2.046964472007500100e-28
3.995000000000000000e+02 2.050763000442500177e-28
4.035000000000000000e+02 2.067653775999999884e-28
4.075000000000000000e+02 2.082231327625000286e-28
4.115000000000000000e+02 2.098867283369999986e-28
4.155000000000000000e+02 2.117183425250000181e-28
4.195000000000000000e+02 2.209284348582499893e-28
4.235000000000000000e+02 2.148796802805000090e-28
4.280000000000000000e+02 2.166458368403999961e-28
4.325000000000000000e+02 2.185791273797499875e-28
4.365000000000000000e+02 2.203111459957500030e-28
4.410000000000000000e+02 2.222872597381999932e-28
4.455000000000000000e+02 2.243079759632500061e-28
4.495000000000000000e+02 2.261062295302500143e-28
4.540000000000000000e+02 2.281721800131999589e-28
4.590000000000000000e+02 2.305173326918000406e-28
4.635000000000000000e+02 2.326370437922500226e-28
4.680000000000000000e+02 2.348064100740000431e-28
4.725000000000000000e+02 2.370059020812500018e-28
4.770000000000000000e+02 2.392393114708000299e-28
4.820000000000000000e+02 2.417600399414000124e-28
4.870000000000000000e+02 2.443280904477999705e-28
4.920000000000000000e+02 2.469392599931999956e-28
4.970000000000000000e+02 2.495972030199999933e-28
5.020000000000000000e+02 2.523042372317999942e-28
5.070000000000000000e+02 2.550621811076000037e-28
5.120000000000000000e+02 2.578945926184000051e-28
5.170000000000000000e+02 2.607175483792000068e-28
5.220000000000000000e+02 2.636247452917999843e-28
5.270000000000000000e+02 2.666364111399999930e-28
5.325000000000000000e+02 2.699104442858333344e-28
5.380000000000000000e+02 2.732983746696000234e-28
5.430000000000000000e+02 2.764399356554000018e-28
5.485000000000000000e+02 2.799672260409999825e-28
5.540000000000000000e+02 2.835864996087999983e-28
5.595000000000000000e+02 2.877577524750000095e-28
5.655000000000000000e+02 2.913482324139999299e-28
5.710000000000000000e+02 2.951901150513999651e-28
5.765000000000000000e+02 2.991199872428333017e-28
5.825000000000000000e+02 3.035172852071666769e-28
5.885000000000000000e+02 3.079954611153333299e-28
5.945000000000000000e+02 3.125963760206666942e-28
6.005000000000000000e+02 3.173104431536667045e-28
6.065000000000000000e+02 3.221424445826666659e-28
6.125000000000000000e+02 3.270956458114999571e-28
6.185000000000000000e+02 3.321746326559999761e-28
6.245000000000000000e+02 3.374203653815000172e-28
6.305000000000000000e+02 3.427279904226666640e-28
6.370000000000000000e+02 3.486938776027142678e-28
6.435000000000000000e+02 3.547932838428332898e-28
6.500000000000000000e+02 3.610897823218571624e-28
6.565000000000000000e+02 3.675656008521666526e-28
6.630000000000000000e+02 3.742389280010000303e-28
6.695000000000000000e+02 3.811055505566667197e-28
6.760000000000000000e+02 3.881858775340000004e-28
6.830000000000000000e+02 3.960533508070000113e-28
6.900000000000000000e+02 4.041765520580000023e-28
6.970000000000000000e+02 4.125777093404285045e-28
7.040000000000000000e+02 4.212747286384285193e-28
7.110000000000000000e+02 4.302557773184285287e-28
7.180000000000000000e+02 4.395607999744285885e-28
7.250000000000000000e+02 4.492293457818570657e-28
7.320000000000000000e+02 4.591788392220000236e-28
7.395000000000000000e+02 4.702868606543750220e-28
7.470000000000000000e+02 4.818208388528571857e-28
7.545000000000000000e+02 4.942705816980000182e-28
7.620000000000000000e+02 5.063277159098571391e-28
7.695000000000000000e+02 5.194399818518750256e-28
7.775000000000000000e+02 5.338346456331249538e-28
7.855000000000000000e+02 5.508837180441249016e-28
7.930000000000000000e+02 5.638918079257142301e-28
8.005000000000000000e+02 5.806936732367500367e-28
8.085000000000000000e+02 5.970131641045000293e-28
8.170000000000000000e+02 6.159629211185555208e-28
8.255000000000000000e+02 6.364034252572499894e-28
8.335000000000000000e+02 6.564253362556249555e-28
8.415000000000000000e+02 6.776112432973750258e-28
8.500000000000000000e+02 7.673117989139998873e-28
8.585000000000000000e+02 7.264251863031250793e-28
8.670000000000000000e+02 7.529886915618888896e-28
8.760000000000000000e+02 7.829499563854444894e-28
8.850000000000000000e+02 8.146345143384444885e-28
8.935000000000000000e+02 8.465463551447500339e-28
9.020000000000000000e+02 8.846319412987778410e-28
9.115000000000000000e+02 9.211895491897000198e-28
9.210000000000000000e+02 9.649401642032222648e-28
9.300000000000000000e+02 1.060974123022110975e-27
9.390000000000000000e+02 1.057394694166666650e-27
9.485000000000000000e+02 1.112693989540000071e-27
9.580000000000000000e+02 1.171248293317777791e-27
9.675000000000000000e+02 1.235301062257000219e-27
9.775000000000000000e+02 1.418949195973000001e-27
9.870000000000000000e+02 2.859413532705555511e-27
9.965000000000000000e+02 1.478841521024999986e-27
1.006500000000000000e+03 4.708271947114999989e-27
1.016500000000000000e+03 2.127088946070999963e-27
1.027000000000000000e+03 1.225000712327727331e-26
1.037500000000000000e+03 2.875387977307999401e-27
1.047500000000000000e+03 1.216889321503520033e-25
1.058000000000000000e+03 8.567858310421819121e-27
1.069000000000000000e+03 7.961181200065452495e-27
1.079500000000000000e+03 1.339231452422199941e-26
1.090000000000000000e+03 2.208437420952545946e-26
1.101000000000000000e+03 1.239775417955472879e-25
1.112000000000000000e+03 2.559460710440708761e-25
1.123000000000000000e+03 1.783283027557509098e-25
1.134500000000000000e+03 6.168706014435392235e-25
1.146000000000000000e+03 1.595541566732327642e-24
1.157500000000000000e+03 8.843550062312409377e-24
1.169000000000000000e+03 1.088406825992018133e-24
1.180500000000000000e+03 1.663599357687499045e-23
1.192500000000000000e+03 1.204437954376671640e-22
1.204500000000000000e+03 6.790861209956369446e-22
1.216500000000000000e+03 1.370255459716521433e-22
1.228500000000000000e+03 1.024016863598684219e-20
1.240500000000000000e+03 1.201245482813769735e-21
1.253000000000000000e+03 4.191873074592884817e-19
1.266000000000000000e+03 4.844419702800315555e-22
1.278500000000000000e+03 6.110085534016433448e-22
1.291000000000000000e+03 9.113506716041846048e-23
1.304000000000000000e+03 1.542286738987047664e-19
1.317000000000000000e+03 4.800562993237307199e-23
1.330000000000000000e+03 1.152988163777484644e-22
1.343500000000000000e+03 4.259106459264099938e-21
1.357000000000000000e+03 7.565409756705562161e-20
1.370500000000000000e+03 1.767036019000964228e-23
1.384500000000000000e+03 4.333160395908569423e-23
1.398500000000000000e+03 7.780367832007428916e-25
1.412500000000000000e+03 9.611773742302215665e-25
1.426500000000000000e+03 5.349260887394764816e-24
1.440500000000000000e+03 1.575905853418350137e-24
1.455000000000000000e+03 6.969405772621600252e-24
1.469500000000000000e+03 7.627681272821571744e-24
1.484000000000000000e+03 1.106760730709885282e-23
1.499000000000000000e+03 5.919201951104999370e-25
1.514000000000000000e+03 9.460369403220002454e-26
1.529000000000000000e+03 2.651542778503316618e-24
1.544500000000000000e+03 4.274183115361747688e-22
1.560000000000000000e+03 3.482932754271091176e-24
1.575500000000000000e+03 2.004167400313700222e-23
1.591500000000000000e+03 5.657804001601423496e-24
1.607500000000000000e+03 3.901778171032200671e-24
1.623500000000000000e+03 3.010107255594755310e-24
1.639500000000000000e+03 6.814526043521013182e-22
1.656000000000000000e+03 1.416977253324863249e-24
1.672500000000000000e+03 6.933102139070034470e-23
1.689000000000000000e+03 6.929356802781706350e-26
1.706000000000000000e+03 4.448440679311737207e-25
1.723000000000000000e+03 2.029086851671831850e-24
1.740500000000000000e+03 3.278373212761272037e-25
1.758000000000000000e+03 6.094771649066882645e-26
1.775500000000000000e+03 3.796791176725136721e-25
1.793500000000000000e+03 4.992770637858905308e-26
1.811500000000000000e+03 1.049091415931922214e-26
1.829500000000000000e+03 1.113732391784808445e-25
1.847500000000000000e+03 4.128240483343200434e-26
1.866000000000000000e+03 8.755599900672630253e-28
1.884500000000000000e+03 1.012054441120666469e-27
1.903000000000000000e+03 6.816471928091579922e-28
1.922000000000000000e+03 1.639580883949532046e-26
1.941500000000000000e+03 5.964668500724500716e-28
1.961000000000000000e+03 5.893932185802105284e-28
1.980500000000000000e+03 5.776541314810500419e-28
2.000500000000000000e+03 5.804776757911499955e-28
2.020500000000000000e+03 7.798801620803501159e-28
2.040500000000000000e+03 5.691473633810500631e-28
2.061000000000000000e+03 2.157200681077623682e-26
2.082000000000000000e+03 6.208405424077142824e-28
2.102500000000000000e+03 4.817845761101550950e-27
2.123500000000000000e+03 7.960839323168319643e-27
2.145000000000000000e+03 6.628310523287599309e-24
2.166500000000000000e+03 3.120006419897567819e-26
2.188000000000000000e+03 7.644436532596202372e-24
2.209500000000000000e+03 3.974938875300938934e-25
2.231500000000000000e+03 1.271281105023413506e-26
2.254000000000000000e+03 4.346384286236181905e-26
2.277000000000000000e+03 1.672296118914708709e-24
2.299500000000000000e+03 4.882360315238439084e-25
2.322500000000000000e+03 7.718763459665005401e-26
2.346000000000000000e+03 7.064384260318451975e-25
2.369000000000000000e+03 1.006342312767491548e-24
2.392500000000000000e+03 5.533790056030458993e-26
2.416500000000000000e+03 9.707067058715460892e-25
2.441000000000000000e+03 9.700339607202475920e-25
2.465500000000000000e+03 2.469354786431811448e-23
2.490000000000000000e+03 1.454461485784738252e-24
2.515000000000000000e+03 3.441192842734140978e-24
2.540000000000000000e+03 3.893818530626368530e-23
2.565500000000000000e+03 3.394840362503057778e-24
2.591500000000000000e+03 4.287485505014816568e-22
2.617500000000000000e+03 1.009055105530531493e-22
2.643500000000000000e+03 6.937397479734285804e-23
2.669500000000000000e+03 6.187794079803418840e-24
2.696000000000000000e+03 3.629772849518939601e-22
2.723000000000000000e+03 1.042947411769435543e-22
2.750500000000000000e+03 3.678976308027282295e-22
2.778000000000000000e+03 2.175432537676104972e-22
2.805500000000000000e+03 4.041768479635695335e-22
2.834000000000000000e+03 8.642303062854428632e-21
2.862500000000000000e+03 2.530450733812625804e-22
2.891000000000000000e+03 6.433088804051925257e-21
2.920000000000000000e+03 9.289037982704928392e-21
2.949000000000000000e+03 1.195071710936990907e-21
2.978500000000000000e+03 3.486731344847460291e-21
3.008500000000000000e+03 1.196313636346956323e-19
3.038500000000000000e+03 3.238930726695666367e-23
3.068500000000000000e+03 7.267376603513106869e-22
3.099000000000000000e+03 5.773362711048558467e-22
3.130000000000000000e+03 8.991807313729530812e-22
3.161500000000000000e+03 2.863562451219281519e-21
3.193500000000000000e+03 1.641711579792656844e-22
3.225500000000000000e+03 3.881346254173387564e-25
3.257500000000000000e+03 7.339891323280439840e-25
3.290000000000000000e+03 2.018642577756338200e-25
3.323000000000000000e+03 6.654279521393334441e-27
3.356000000000000000e+03 6.782984362390090186e-26
3.389500000000000000e+03 2.372044211512338362e-25
3.423500000000000000e+03 2.727660442198117448e-26
3.458000000000000000e+03 1.370035422147628571e-26
3.492500000000000000e+03 1.222295890656226724e-25
3.527000000000000000e+03 4.010232666891142520e-26
3.562500000000000000e+03 7.110855236561270904e-25
3.598500000000000000e+03 3.518271658486806215e-26
3.634500000000000000e+03 5.863022542457751737e-26
3.670500000000000000e+03 9.959411246720696172e-25
3.707000000000000000e+03 5.394476317039120444e-26
3.744500000000000000e+03 3.386219403811147109e-24
3.782000000000000000e+03 7.557233298600992971e-23
3.819500000000000000e+03 7.156127293035633608e-23
3.858000000000000000e+03 4.146455710434536738e-22
3.896500000000000000e+03 7.851705442050610564e-22
3.935000000000000000e+03 1.455031120495638542e-23
3.974500000000000000e+03 9.404699751175117496e-24
4.014500000000000000e+03 9.387104798224751766e-24
4.054500000000000000e+03 1.299394117776838009e-22
4.095000000000000000e+03 5.317918345442875080e-23
4.136000000000000000e+03 9.506321259056421121e-23
4.177500000000000000e+03 1.105520230920080323e-21
4.219500000000000000e+03 2.127920227459091122e-21
4.261500000000000000e+03 2.851736925481181407e-22
4.304000000000000000e+03 4.017864988435952250e-21
4.347000000000000000e+03 1.449415386985781665e-20
4.390500000000000000e+03 7.497093507483080286e-22
4.434500000000000000e+03 1.718159519747322822e-21
4.479000000000000000e+03 2.299948412485571359e-22
4.524000000000000000e+03 4.291926052666413798e-22
4.569000000000000000e+03 9.990957072638049734e-22
4.614500000000000000e+03 2.479707129506894067e-23
4.660500000000000000e+03 4.071344719961116202e-24
4.707000000000000000e+03 4.272914324681585461e-24
4.754500000000000000e+03 3.078815986392013562e-26
4.802000000000000000e+03 2.037854861236089742e-26
4.850000000000000000e+03 5.548453730477543823e-26
4.898500000000000000e+03 3.815743358507958604e-27
4.947500000000000000e+03 4.445423193433813484e-26
4.997000000000000000e+03 1.594974828293491103e-25
5.047000000000000000e+03 2.191737365685021023e-25
5.097500000000000000e+03 1.781021355253356318e-25
5.148000000000000000e+03 1.427856873791763344e-24
5.199500000000000000e+03 2.609191121047092514e-24
5.251500000000000000e+03 1.020976114982669130e-24
5.304000000000000000e+03 1.527272577176013036e-24
5.357500000000000000e+03 9.328727363567060821e-24
5.411000000000000000e+03 1.404887475145736724e-23
5.465000000000000000e+03 1.204598375532249217e-23
5.520000000000000000e+03 2.189951217013665619e-23
5.575000000000000000e+03 9.971682333126867332e-23
5.630500000000000000e+03 7.471475614044294991e-23
5.687000000000000000e+03 4.269408461507697791e-23
5.744000000000000000e+03 1.822653818546701632e-22
5.801500000000000000e+03 4.466138673790194912e-23
5.859500000000000000e+03 1.859552340464424080e-22
5.918000000000000000e+03 2.009878526221107909e-22
5.977000000000000000e+03 4.113843074648165224e-23
6.036500000000000000e+03 8.861927852193171187e-23
6.097000000000000000e+03 5.818284505790590416e-23
6.158000000000000000e+03 3.737568332423943951e-23
6.219500000000000000e+03 1.980717766639293243e-24
6.282000000000000000e+03 1.249838116511973579e-25
6.345000000000000000e+03 3.024193759333295263e-26
6.408500000000000000e+03 3.448044988980435430e-26
6.472500000000000000e+03 8.137055166637708688e-26
6.537000000000000000e+03 2.023991633585985677e-25
6.602500000000000000e+03 4.467507756318903942e-25
6.668500000000000000e+03 1.068700531103131935e-24
6.735000000000000000e+03 6.250474686757950296e-24
6.802500000000000000e+03 6.587516254459793701e-24
6.870500000000000000e+03 4.048575065780597928e-24
6.939000000000000000e+03 8.309758125638288644e-24
7.008500000000000000e+03 1.810574938715198066e-23
7.078500000000000000e+03 6.467159078116792146e-23
7.149500000000000000e+03 7.690946021936406743e-23
7.221000000000000000e+03 8.637673031210165827e-23
7.293000000000000000e+03 6.222255155411191357e-23
7.366000000000000000e+03 6.392191649853435085e-23
7.439500000000000000e+03 4.760446781638233512e-23
7.514000000000000000e+03 1.530434237000968088e-22
7.589500000000000000e+03 3.173928649366517648e-24
7.665500000000000000e+03 1.418489329966993841e-24
7.742000000000000000e+03 9.381928198404423301e-26
7.819500000000000000e+03 2.405174558936519513e-26
7.897500000000000000e+03 3.084518767605024163e-26
7.976500000000000000e+03 4.364118315406624145e-29
8.056500000000000000e+03 1.605138588783447164e-25
8.137000000000000000e+03 4.957184355992594636e-25
8.218000000000000000e+03 6.961633144945905435e-25
8.300000000000000000e+03 2.917375301410761681e-24
8.383500000000000000e+03 1.077449705892967499e-23
8.467500000000000000e+03 1.955969033420566624e-23
8.552000000000000000e+03 3.356019316840272960e-23
8.637500000000000000e+03 7.116586716348967564e-23
8.724000000000000000e+03 2.230689934570890574e-23
8.811000000000000000e+03 1.955031643166152085e-23
8.899000000000000000e+03 1.739358777261431467e-23
8.988000000000000000e+03 3.746470171301174675e-24
9.078000000000000000e+03 3.306552661251864037e-25
9.169000000000000000e+03 5.328651137400746427e-25
9.260500000000000000e+03 1.313985576914565225e-29
9.353000000000000000e+03 1.216058673185483325e-29
9.446500000000000000e+03 1.148685601157659500e-29
9.541000000000000000e+03 1.095015482994315748e-29
9.636500000000000000e+03 1.049510474221042013e-29
9.733000000000000000e+03 1.009464614208536468e-29
9.830000000000000000e+03 9.735419395729995324e-30
9.928000000000000000e+03 9.406346197852930882e-30
9.989000000000000000e+03 9.214645788432174781e-30
