1.000000000000000000e+01 1.150429890180000005e-26
1.100000000000000000e+01 9.474528364780000478e-27
1.200000000000000000e+01 9.364183316089999462e-27
1.300000000000000000e+01 9.463944034760000233e-27
1.400000000000000000e+01 9.418603319299999973e-27
1.500000000000000000e+01 9.976602005179999640e-27
1.600000000000000000e+01 9.434508191760000559e-27
1.700000000000000000e+01 9.437946406690000478e-27
1.800000000000000000e+01 9.472184450739999874e-27
1.900000000000000000e+01 1.032504488949999994e-26
2.000000000000000000e+01 9.509639960259999782e-27
2.100000000000000000e+01 9.565340041350000506e-27
2.200000000000000000e+01 1.511305699129999908e-26
2.300000000000000000e+01 2.140502079640000022e-26
2.400000000000000000e+01 1.389350513479999955e-26
2.500000000000000000e+01 1.086480567360000069e-26
2.600000000000000000e+01 7.966014077180000027e-26
2.700000000000000000e+01 9.824115306649999467e-27
2.800000000000000000e+01 9.818541587079999900e-27
2.900000000000000000e+01 2.452947895269999967e-26
3.000000000000000000e+01 1.264262628059999997e-26
3.100000000000000000e+01 1.457136132409999954e-26
3.200000000000000000e+01 9.698629178379999843e-27
3.300000000000000000e+01 1.065373771490000055e-26
3.400000000000000000e+01 4.191337368290000199e-26
3.500000000000000000e+01 2.202841646780000075e-26
3.600000000000000000e+01 1.024304825989999949e-26
3.700000000000000000e+01 1.000236078700000059e-26
3.800000000000000000e+01 1.094569469300000067e-26
3.900000000000000000e+01 1.280007570740000020e-26
4.000000000000000000e+01 1.247386734389999972e-26
4.100000000000000000e+01 2.366642374399999868e-26
4.200000000000000000e+01 1.544166259240000023e-26
4.300000000000000000e+01 1.089841652899999956e-26
4.400000000000000000e+01 1.079586920660000045e-26
4.500000000000000000e+01 1.084104827690000077e-25
4.600000000000000000e+01 1.033758778109999967e-26
4.700000000000000000e+01 1.431077371070000009e-26
4.800000000000000000e+01 1.030321828679999942e-26
4.900000000000000000e+01 2.473166689169999911e-26
5.000000000000000000e+01 1.485537443110000106e-26
5.100000000000000000e+01 1.150605234139999981e-26
5.200000000000000000e+01 1.127714498609999992e-26
5.300000000000000000e+01 1.153335055210000025e-26
5.400000000000000000e+01 3.772580737439999899e-25
5.500000000000000000e+01 1.024250302050000019e-26
5.600000000000000000e+01 2.257696251079999902e-26
5.700000000000000000e+01 2.321028879270000023e-26
5.800000000000000000e+01 1.203362786189999993e-26
5.900000000000000000e+01 3.710169005609999924e-26
6.000000000000000000e+01 1.030947957440000017e-26
6.100000000000000000e+01 1.030860879500000059e-26
6.200000000000000000e+01 1.567080392630000026e-26
6.300000000000000000e+01 2.146837606850000111e-26
6.400000000000000000e+01 1.428773583139999987e-26
6.500000000000000000e+01 1.372453058420000116e-26
6.600000000000000000e+01 1.200807461790000035e-26
6.700000000000000000e+01 1.952848319279999869e-26
6.800000000000000000e+01 1.124276846179999939e-26
6.900000000000000000e+01 2.071740569010000099e-26
7.000000000000000000e+01 1.811153441249999904e-26
7.100000000000000000e+01 1.085715791439999954e-26
7.200000000000000000e+01 1.619196426010000068e-26
7.300000000000000000e+01 3.929710333129999756e-26
7.400000000000000000e+01 3.815325195180000216e-26
7.500000000000000000e+01 1.081196913419999944e-26
7.600000000000000000e+01 6.385464907679999930e-26
7.700000000000000000e+01 1.148278351790000024e-26
7.800000000000000000e+01 1.140847537540000007e-26
7.900000000000000000e+01 2.797789573430000108e-26
8.000000000000000000e+01 1.379967153010000141e-26
8.100000000000000000e+01 8.181658326660000017e-26
8.200000000000000000e+01 1.867306061019999866e-26
8.300000000000000000e+01 1.757133262999999971e-26
8.400000000000000000e+01 2.780362973500000144e-26
8.500000000000000000e+01 1.554557196209999869e-26
8.600000000000000000e+01 1.120033748759999987e-26
8.700000000000000000e+01 1.100914435289999932e-26
8.800000000000000000e+01 1.175756971359999992e-26
8.900000000000000000e+01 1.220642951869999990e-26
9.000000000000000000e+01 1.930815473449999885e-26
9.100000000000000000e+01 1.204207979559999929e-26
9.200000000000000000e+01 1.258245649579999947e-26
9.300000000000000000e+01 3.065327067009999749e-26
9.400000000000000000e+01 2.350728603039999984e-24
9.500000000000000000e+01 2.289099267609999862e-26
9.600000000000000000e+01 1.219486449439999968e-26
9.700000000000000000e+01 1.546187604689999879e-26
9.800000000000000000e+01 9.977749752120000411e-26
9.900000000000000000e+01 7.142716385399999771e-26
1.000000000000000000e+02 2.598378714559999982e-25
1.010000000000000000e+02 1.656975219180000112e-26
1.020000000000000000e+02 1.198063538390000009e-26
1.030000000000000000e+02 1.452302421049999870e-26
1.040000000000000000e+02 3.136456676649999864e-25
1.050000000000000000e+02 1.931453028270000035e-26
1.060000000000000000e+02 1.222381858049999962e-26
1.070000000000000000e+02 1.299961663479999977e-26
1.080000000000000000e+02 1.214738973080000023e-26
1.090000000000000000e+02 1.211918843879999952e-26
1.100000000000000000e+02 1.740725309550000109e-26
1.110000000000000000e+02 1.343847911649999921e-26
1.120000000000000000e+02 1.377174807280000024e-26
1.130000000000000000e+02 2.081570565260000030e-26
1.140000000000000000e+02 2.497734368859999866e-26
1.150000000000000000e+02 7.483613900419999617e-25
1.160000000000000000e+02 1.373787002170000007e-26
1.170000000000000000e+02 3.036929189379999726e-26
1.180000000000000000e+02 5.848038877489999868e-26
1.190000000000000000e+02 1.558574153420000065e-24
1.200000000000000000e+02 1.183496689899999981e-26
1.210000000000000000e+02 1.179049684649999997e-26
1.220000000000000000e+02 2.300539373759999989e-26
1.230000000000000000e+02 1.455261575459999878e-26
1.240000000000000000e+02 2.015425035620000058e-26
1.250000000000000000e+02 8.966313004139999585e-25
1.260000000000000000e+02 2.838549492709999796e-26
1.270000000000000000e+02 1.706295184210000097e-26
1.280000000000000000e+02 1.160252273710000034e-26
1.290000000000000000e+02 1.186209216420000008e-26
1.300000000000000000e+02 1.156207145519999934e-26
1.310000000000000000e+02 1.247879231429999965e-26
1.320000000000000000e+02 1.305312111659999963e-26
1.330000000000000000e+02 1.245907646710000017e-26
1.340000000000000000e+02 1.412643901070000004e-26
1.350000000000000000e+02 7.849092374600000368e-25
1.360000000000000000e+02 6.712852550019999502e-26
1.370000000000000000e+02 4.994474814889999896e-26
1.380000000000000000e+02 9.504406281339999968e-26
1.390000000000000000e+02 1.275538118720000002e-26
1.400000000000000000e+02 1.395741788020000134e-26
1.410000000000000000e+02 1.157583587619999933e-26
1.420000000000000000e+02 1.198203477840000058e-26
1.430000000000000000e+02 1.204038226859999939e-26
1.440000000000000000e+02 1.300824571910000134e-26
1.450000000000000000e+02 7.746750150830000255e-26
1.460000000000000000e+02 5.502172154279999847e-26
1.470000000000000000e+02 2.270563639410000132e-26
1.480000000000000000e+02 1.320681472369999887e-26
1.490000000000000000e+02 2.230791263260000094e-26
1.500000000000000000e+02 1.255457034089999984e-26
1.510000000000000000e+02 3.139711968819999975e-26
1.520000000000000000e+02 1.752290179859999882e-26
1.530000000000000000e+02 1.539493364740000021e-26
1.540000000000000000e+02 1.466375291700000138e-26
1.550000000000000000e+02 6.221663688409999888e-26
1.560000000000000000e+02 8.348524946090000246e-26
1.570000000000000000e+02 1.669638077919999891e-26
1.580000000000000000e+02 3.950433425630000143e-26
1.590000000000000000e+02 1.228988471749999996e-26
1.600000000000000000e+02 1.202174458080000059e-26
1.610000000000000000e+02 1.493698707399999885e-26
1.620000000000000000e+02 1.181228079640000066e-26
1.630000000000000000e+02 1.242832889949999962e-26
1.640000000000000000e+02 1.250080195160000039e-26
1.650000000000000000e+02 1.779746121049999897e-26
1.660000000000000000e+02 3.962523125280000122e-26
1.670000000000000000e+02 2.085786424519999982e-26
1.680000000000000000e+02 1.268588084060000021e-26
1.690000000000000000e+02 1.237238249589999945e-26
1.700000000000000000e+02 1.312346704329999909e-26
1.710000000000000000e+02 1.238359009470000028e-26
1.720000000000000000e+02 1.213972199440000070e-26
1.730000000000000000e+02 1.073745491420000016e-25
1.740000000000000000e+02 5.344053933190000574e-26
1.750000000000000000e+02 1.525748567469999937e-26
1.760000000000000000e+02 2.266732766669999831e-24
1.770000000000000000e+02 1.859026873419999968e-26
1.780000000000000000e+02 9.115429748859999814e-26
1.790000000000000000e+02 1.415537892060000086e-26
1.800000000000000000e+02 1.203583520939999986e-26
1.810000000000000000e+02 1.220784419669999995e-26
1.820000000000000000e+02 1.212318852450000015e-26
1.830000000000000000e+02 4.029226203549999851e-26
1.840000000000000000e+02 1.230466390670000016e-26
1.850000000000000000e+02 1.802814000020000138e-26
1.860000000000000000e+02 4.319917436670000261e-26
1.870000000000000000e+02 3.065605691069999888e-26
1.880000000000000000e+02 1.277323244389999973e-26
1.890000000000000000e+02 1.310661684590000084e-26
1.900000000000000000e+02 1.645001823029999967e-26
1.910000000000000000e+02 2.875277874849999953e-26
1.920000000000000000e+02 2.461872448919999857e-26
1.930000000000000000e+02 1.308849466310000059e-26
1.940000000000000000e+02 3.390531564869999941e-26
1.950000000000000000e+02 1.150902153200000044e-25
1.960000000000000000e+02 5.225087461499999892e-26
1.970000000000000000e+02 1.628537369700000072e-24
1.980000000000000000e+02 1.633763693889999988e-26
1.990000000000000000e+02 1.333205693720000101e-26
2.000000000000000000e+02 1.313079758160000116e-26
2.010000000000000000e+02 2.225728789859999870e-26
2.020000000000000000e+02 1.347553428859999881e-26
2.030000000000000000e+02 1.417089789390000140e-26
2.040000000000000000e+02 2.031670761410000039e-26
2.050000000000000000e+02 1.778258246229999969e-26
2.060000000000000000e+02 1.341190656289999893e-26
2.070000000000000000e+02 1.592283641849999987e-26
2.080000000000000000e+02 1.343794386889999908e-26
2.090000000000000000e+02 4.049379220070000220e-25
2.100000000000000000e+02 3.620472218100000053e-26
2.110000000000000000e+02 1.332284313599999866e-26
2.120000000000000000e+02 1.295864135969999961e-26
2.130000000000000000e+02 1.394398558490000064e-26
2.140000000000000000e+02 2.270218840729999885e-26
2.150000000000000000e+02 1.741860400060000137e-26
2.160000000000000000e+02 2.342437219779999955e-26
2.170000000000000000e+02 1.265288744699999944e-26
2.180000000000000000e+02 2.671000450139999907e-26
2.190000000000000000e+02 1.257681242769999978e-26
2.200000000000000000e+02 1.258554447470000042e-26
2.210000000000000000e+02 1.263985496719999932e-26
2.220000000000000000e+02 1.271763243399999973e-26
2.230000000000000000e+02 1.273774244170000059e-26
2.240000000000000000e+02 1.266457315810000065e-26
2.250000000000000000e+02 1.267283085830000032e-26
2.260000000000000000e+02 1.293019123970000123e-26
2.270000000000000000e+02 1.289658382980000031e-26
2.280000000000000000e+02 1.887696051219999989e-26
2.290000000000000000e+02 1.365643704599999988e-26
2.300000000000000000e+02 2.236169494229999942e-26
2.310000000000000000e+02 1.437851823679999958e-26
2.320000000000000000e+02 1.369659365679999975e-26
2.330000000000000000e+02 1.735734953050000032e-26
2.340000000000000000e+02 1.749005056999999962e-26
2.350000000000000000e+02 1.467678717070000134e-26
2.360000000000000000e+02 1.375013316740000022e-26
2.370000000000000000e+02 1.321979244079999950e-26
2.380000000000000000e+02 1.375847536400000128e-26
2.390000000000000000e+02 3.162851062309999836e-26
2.400000000000000000e+02 1.305344353599999967e-26
2.410000000000000000e+02 1.364100605399999936e-26
2.420000000000000000e+02 1.363316125989999920e-26
2.430000000000000000e+02 1.341936659179999899e-26
2.440000000000000000e+02 1.404582479559999860e-26
2.450000000000000000e+02 1.418236485589999991e-26
2.460000000000000000e+02 1.425458808219999903e-26
2.470000000000000000e+02 1.311991339379999916e-26
2.480000000000000000e+02 2.920458042550000197e-26
2.490000000000000000e+02 1.356434364740000010e-26
2.500000000000000000e+02 1.361811258120000024e-26
2.510000000000000000e+02 1.964903843810000046e-26
2.520000000000000000e+02 1.347721141720000131e-26
2.530000000000000000e+02 1.862027149080000017e-26
2.540000000000000000e+02 1.365663496110000088e-26
2.550000000000000000e+02 1.348311946400000049e-26
2.560000000000000000e+02 1.341957103259999935e-26
2.570000000000000000e+02 1.383675792120000097e-26
2.580000000000000000e+02 2.021718575360000046e-26
2.590000000000000000e+02 1.715557277629999923e-26
2.600000000000000000e+02 1.356489470920000101e-26
2.610000000000000000e+02 1.355837128670000019e-26
2.620000000000000000e+02 1.345680861519999947e-26
2.630000000000000000e+02 1.352978137320000067e-26
2.640000000000000000e+02 1.405233864879999962e-26
2.650000000000000000e+02 1.395971080550000114e-26
2.660000000000000000e+02 1.389256523290000075e-26
2.670000000000000000e+02 1.594592264110000027e-26
2.680000000000000000e+02 1.361198128129999935e-26
2.690000000000000000e+02 4.860178190200000158e-26
2.700000000000000000e+02 1.696157929759999913e-26
2.710000000000000000e+02 1.574368386709999901e-26
2.720000000000000000e+02 1.612354252019999871e-26
2.730000000000000000e+02 1.498390812000000143e-26
2.740000000000000000e+02 1.375164491190000004e-26
2.750000000000000000e+02 1.406243915030000050e-26
2.760000000000000000e+02 1.667027932809999958e-26
2.770000000000000000e+02 1.378267740690000096e-26
2.780000000000000000e+02 1.385938976370000024e-26
2.790000000000000000e+02 1.485255445270000035e-26
2.800000000000000000e+02 1.499469362450000100e-26
2.810000000000000000e+02 1.392234647940000094e-26
2.820000000000000000e+02 1.401878550569999925e-26
2.830000000000000000e+02 1.415298547149999872e-26
2.840000000000000000e+02 1.507888621300000067e-26
2.850000000000000000e+02 1.404753401359999904e-26
2.860000000000000000e+02 1.446398697390000078e-26
2.870000000000000000e+02 1.410140165769999907e-26
2.880000000000000000e+02 1.449564379219999929e-26
2.890000000000000000e+02 1.413813258340000032e-26
2.900000000000000000e+02 1.538093949310000047e-26
2.910000000000000000e+02 1.408188864560000019e-26
2.920000000000000000e+02 1.410790966270000107e-26
2.930000000000000000e+02 1.413695779130000116e-26
2.940000000000000000e+02 1.433139191729999945e-26
2.950000000000000000e+02 1.419102414109999923e-26
2.960000000000000000e+02 1.483777131229999928e-26
2.970000000000000000e+02 1.450588604819999886e-26
2.980000000000000000e+02 1.424806163810000018e-26
2.990000000000000000e+02 1.542318368289999875e-26
3.000000000000000000e+02 1.501666116520000123e-26
3.010000000000000000e+02 1.430049376789999998e-26
3.020000000000000000e+02 1.526252337370000060e-26
3.030000000000000000e+02 1.438669054909999968e-26
3.040000000000000000e+02 1.445576504990000023e-26
3.050000000000000000e+02 1.491424793279999965e-26
3.060000000000000000e+02 1.446280379119999977e-26
3.070000000000000000e+02 1.485114886020000078e-26
3.080000000000000000e+02 1.495525423240000108e-26
3.090000000000000000e+02 1.453364700830000015e-26
3.100000000000000000e+02 1.453363025019999870e-26
3.110000000000000000e+02 1.454473576800000038e-26
3.120000000000000000e+02 1.456347273579999998e-26
3.130000000000000000e+02 1.477253604199999947e-26
3.140000000000000000e+02 1.461895465880000107e-26
3.150000000000000000e+02 1.463792089499999875e-26
3.160000000000000000e+02 1.499273586340000132e-26
3.170000000000000000e+02 1.569779123709999876e-26
3.180000000000000000e+02 1.486471114929999911e-26
3.190000000000000000e+02 1.473611902379999966e-26
3.200000000000000000e+02 1.478874095169999941e-26
3.210000000000000000e+02 1.481949537310000060e-26
3.220000000000000000e+02 1.536810835639999935e-26
3.230000000000000000e+02 1.484396472580000072e-26
3.240000000000000000e+02 1.727898105609999898e-26
3.250000000000000000e+02 1.488992178970000099e-26
3.260000000000000000e+02 1.600272216370000109e-26
3.270000000000000000e+02 1.500328634580000070e-26
3.280000000000000000e+02 1.499649063629999989e-26
3.290000000000000000e+02 1.502089882689999871e-26
3.300000000000000000e+02 1.697019835519999900e-26
3.310000000000000000e+02 1.504127947519999879e-26
3.320000000000000000e+02 1.507330819830000023e-26
3.330000000000000000e+02 1.509075966799999908e-26
3.340000000000000000e+02 1.514363891040000011e-26
3.350000000000000000e+02 1.515129395340000103e-26
3.360000000000000000e+02 1.517421718849999917e-26
3.370000000000000000e+02 1.539380075040000002e-26
3.380000000000000000e+02 1.527190164759999872e-26
3.390000000000000000e+02 1.550554980529999975e-26
3.400000000000000000e+02 1.530011749910000059e-26
3.410000000000000000e+02 1.533044464229999958e-26
3.420000000000000000e+02 1.535153278559999919e-26
3.430000000000000000e+02 1.574156962750000131e-26
3.440000000000000000e+02 1.538979721489999948e-26
3.450000000000000000e+02 1.541222971290000074e-26
3.460000000000000000e+02 1.548352697709999898e-26
3.470000000000000000e+02 1.546767992079999959e-26
3.480000000000000000e+02 1.554102985400000058e-26
3.490000000000000000e+02 1.552618208439999882e-26
3.500000000000000000e+02 1.560419912880000015e-26
3.510000000000000000e+02 1.576146741749999993e-26
3.520000000000000000e+02 1.562778813500000055e-26
3.530000000000000000e+02 1.563925964249999961e-26
3.540000000000000000e+02 1.566293442259999963e-26
3.550000000000000000e+02 1.569152478099999902e-26
3.560000000000000000e+02 1.586960385299999879e-26
3.570000000000000000e+02 1.581020053979999945e-26
3.580000000000000000e+02 3.139641993760000114e-26
3.590000000000000000e+02 1.581013852899999896e-26
3.600000000000000000e+02 1.586463106540000008e-26
3.610000000000000000e+02 1.586104768130000034e-26
3.620000000000000000e+02 1.596275929379999863e-26
3.630000000000000000e+02 1.592184808220000088e-26
3.640000000000000000e+02 1.595069299589999975e-26
3.650000000000000000e+02 1.602120968540000084e-26
3.660000000000000000e+02 1.601976434869999873e-26
3.670000000000000000e+02 1.603476763510000000e-26
3.680000000000000000e+02 1.607808191940000110e-26
3.690000000000000000e+02 1.609863895140000001e-26
3.700000000000000000e+02 1.626048416239999922e-26
3.710000000000000000e+02 1.616371714830000066e-26
3.720000000000000000e+02 1.617982068040000090e-26
3.735000000000000000e+02 1.622761635064999944e-26
3.760000000000000000e+02 1.657359078456666546e-26
3.795000000000000000e+02 1.641748523465000268e-26
3.835000000000000000e+02 1.654183992584999809e-26
3.875000000000000000e+02 1.666960480322500055e-26
3.915000000000000000e+02 1.680417533524999884e-26
3.955000000000000000e+02 1.766812415794999840e-26
3.995000000000000000e+02 1.702852625485000108e-26
4.035000000000000000e+02 1.721521506454999964e-26
4.075000000000000000e+02 1.728991619012499989e-26
4.115000000000000000e+02 1.747456389319999799e-26
4.155000000000000000e+02 1.778531475277499883e-26
4.195000000000000000e+02 1.779497239159999804e-26
4.235000000000000000e+02 1.799767917644999797e-26
4.280000000000000000e+02 1.799040959007999874e-26
4.325000000000000000e+02 1.815312931247499999e-26
4.365000000000000000e+02 1.829717532662499789e-26
4.410000000000000000e+02 1.846365824009999846e-26
4.455000000000000000e+02 1.862597064802500009e-26
4.495000000000000000e+02 1.877774937917499934e-26
4.540000000000000000e+02 1.895022583918000082e-26
4.590000000000000000e+02 1.916332268708000228e-26
4.635000000000000000e+02 1.931645575249999955e-26
4.680000000000000000e+02 1.950356307250000113e-26
4.725000000000000000e+02 1.968426309647499962e-26
4.770000000000000000e+02 1.987055931662000084e-26
4.820000000000000000e+02 2.007501083322000111e-26
4.870000000000000000e+02 2.029245233800000028e-26
4.920000000000000000e+02 2.050433848634000089e-26
4.970000000000000000e+02 2.072480958797999968e-26
5.020000000000000000e+02 2.095182172123999991e-26
5.070000000000000000e+02 2.119350422703999527e-26
5.120000000000000000e+02 2.141247382180000055e-26
5.170000000000000000e+02 2.165016172010000054e-26
5.220000000000000000e+02 2.189000272925999941e-26
5.270000000000000000e+02 2.215345699020000108e-26
5.325000000000000000e+02 2.241955974725000303e-26
5.380000000000000000e+02 2.269726480382000022e-26
5.430000000000000000e+02 2.295495578600000258e-26
5.485000000000000000e+02 2.324809698918333293e-26
5.540000000000000000e+02 2.354974600998000281e-26
5.595000000000000000e+02 2.385816691071666602e-26
5.655000000000000000e+02 2.419711878865000074e-26
5.710000000000000000e+02 2.451333259849999827e-26
5.765000000000000000e+02 2.483950242375000088e-26
5.825000000000000000e+02 2.520436235893333658e-26
5.885000000000000000e+02 2.557741484556666875e-26
5.945000000000000000e+02 2.596045522536666713e-26
6.005000000000000000e+02 2.635166919106666431e-26
6.065000000000000000e+02 2.675350210576666402e-26
6.125000000000000000e+02 2.716563160926666533e-26
6.185000000000000000e+02 2.758769829923333349e-26
6.245000000000000000e+02 2.802117676543333039e-26
6.305000000000000000e+02 2.846570683765000512e-26
6.370000000000000000e+02 2.896034206422857046e-26
6.435000000000000000e+02 2.947264188241666982e-26
6.500000000000000000e+02 2.999480907929999534e-26
6.565000000000000000e+02 3.053132144658332517e-26
6.630000000000000000e+02 3.108925835822857206e-26
6.695000000000000000e+02 3.165775422876666720e-26
6.760000000000000000e+02 3.224820970401428079e-26
6.830000000000000000e+02 3.290656005975713968e-26
6.900000000000000000e+02 3.357758416464285602e-26
6.970000000000000000e+02 3.427679350625714190e-26
7.040000000000000000e+02 3.501726890434285921e-26
7.110000000000000000e+02 3.574851806670000091e-26
7.180000000000000000e+02 3.652433619392856587e-26
7.250000000000000000e+02 3.733430732115713762e-26
7.320000000000000000e+02 3.815735328592857013e-26
7.395000000000000000e+02 3.908814796295000313e-26
7.470000000000000000e+02 4.005034377307143083e-26
7.545000000000000000e+02 4.105893409803750341e-26
7.620000000000000000e+02 4.210083383415714193e-26
7.695000000000000000e+02 4.319236925973750276e-26
7.775000000000000000e+02 4.439189146568750043e-26
7.855000000000000000e+02 4.570784290610000668e-26
7.930000000000000000e+02 4.690602769711428834e-26
8.005000000000000000e+02 4.834185382933750794e-26
8.085000000000000000e+02 4.968905861197499861e-26
8.170000000000000000e+02 5.128287149888888810e-26
8.255000000000000000e+02 5.313797373339999620e-26
8.335000000000000000e+02 5.463996102525000278e-26
8.415000000000000000e+02 5.642001366008749692e-26
8.500000000000000000e+02 5.867867395667777836e-26
8.585000000000000000e+02 6.047601016066250422e-26
8.670000000000000000e+02 6.267029634683333377e-26
8.760000000000000000e+02 6.517547507014443799e-26
8.850000000000000000e+02 6.785775189651112189e-26
8.935000000000000000e+02 7.050789365361250275e-26
9.020000000000000000e+02 7.398871524857778017e-26
9.115000000000000000e+02 7.675084438526000443e-26
9.210000000000000000e+02 8.044979657373333396e-26
9.300000000000000000e+02 8.437430320476665760e-26
9.390000000000000000e+02 8.831447476632222664e-26
9.485000000000000000e+02 9.344128522908999607e-26
9.580000000000000000e+02 9.856080057422222534e-26
9.675000000000000000e+02 1.032650871926999950e-25
9.775000000000000000e+02 1.285358460849000155e-25
9.870000000000000000e+02 1.478716281425555453e-25
9.965000000000000000e+02 1.279109699486000062e-25
1.006500000000000000e+03 1.600690910755000195e-25
1.016500000000000000e+03 1.519423971035000241e-25
1.027000000000000000e+03 2.228663249537272738e-25
1.037500000000000000e+03 2.478386203778000078e-25
1.047500000000000000e+03 3.623807054912999753e-25
1.058000000000000000e+03 6.048890974949090742e-25
1.069000000000000000e+03 7.397748361134546320e-25
1.079500000000000000e+03 5.036261041686999826e-25
1.090000000000000000e+03 2.553675440851182142e-24
1.101000000000000000e+03 4.099852413186726720e-24
1.112000000000000000e+03 5.467566243030454876e-24
1.123000000000000000e+03 6.416817475619273564e-24
1.134500000000000000e+03 1.583304957460449964e-23
1.146000000000000000e+03 3.359074872944790644e-23
1.157500000000000000e+03 6.448545502886499893e-23
1.169000000000000000e+03 6.031877147955274084e-23
1.180500000000000000e+03 6.724419494531083174e-23
1.192500000000000000e+03 3.106964014871124218e-22
1.204500000000000000e+03 1.773777913893341571e-21
1.216500000000000000e+03 4.204353187731758123e-21
1.228500000000000000e+03 9.723192653178408081e-21
1.240500000000000000e+03 4.403177787905875593e-20
1.253000000000000000e+03 9.727979881884901002e-20
1.266000000000000000e+03 1.211096757908184390e-20
1.278500000000000000e+03 3.528062853436200361e-20
1.291000000000000000e+03 5.315068072570386019e-21
1.304000000000000000e+03 1.980293115819594531e-19
1.317000000000000000e+03 2.619315089768999719e-21
1.330000000000000000e+03 7.451415786396308538e-21
1.343500000000000000e+03 2.273104200611835618e-20
1.357000000000000000e+03 4.597725170102354739e-20
1.370500000000000000e+03 2.728053050779378791e-21
1.384500000000000000e+03 8.032716716657735151e-22
1.398500000000000000e+03 5.341254220166571739e-23
1.412500000000000000e+03 5.715261194280429264e-23
1.426500000000000000e+03 5.697996726473071631e-23
1.440500000000000000e+03 1.416063981268485870e-22
1.455000000000000000e+03 2.364375915472006790e-22
1.469500000000000000e+03 5.189684138538055726e-22
1.484000000000000000e+03 1.874834618281666666e-23
1.499000000000000000e+03 1.807684696085513974e-23
1.514000000000000000e+03 1.479186125239019887e-23
1.529000000000000000e+03 1.324116530345290467e-22
1.544500000000000000e+03 2.682683570767074525e-22
1.560000000000000000e+03 1.211838473529486562e-22
1.575500000000000000e+03 1.591359913074840695e-22
1.591500000000000000e+03 2.460461213748894853e-22
1.607500000000000000e+03 7.209208554746545258e-23
1.623500000000000000e+03 1.843771578153017532e-22
1.639500000000000000e+03 4.804577519881586110e-22
1.656000000000000000e+03 4.801220986094235110e-24
1.672500000000000000e+03 5.377000210500517350e-23
1.689000000000000000e+03 9.672840538070117326e-24
1.706000000000000000e+03 6.145220072505529772e-24
1.723000000000000000e+03 8.266267763406294370e-24
1.740500000000000000e+03 2.852625855367222446e-24
1.758000000000000000e+03 1.549128920782470563e-24
1.775500000000000000e+03 6.025187659535945318e-24
1.793500000000000000e+03 1.254323469589855330e-23
1.811500000000000000e+03 2.185915608859433192e-24
1.829500000000000000e+03 8.597531128352555868e-24
1.847500000000000000e+03 1.228735939998166475e-24
1.866000000000000000e+03 1.720106437815736796e-25
1.884500000000000000e+03 1.125484224401277747e-25
1.903000000000000000e+03 6.204930493124208983e-26
1.922000000000000000e+03 9.374416448848948428e-26
1.941500000000000000e+03 5.004669409678501103e-26
1.961000000000000000e+03 4.974672771802631755e-26
1.980500000000000000e+03 4.826726774006000653e-26
2.000500000000000000e+03 4.775415623563999736e-26
2.020500000000000000e+03 4.951229746694500093e-26
2.040500000000000000e+03 4.881794655344999363e-26
2.061000000000000000e+03 1.106717106136333311e-25
2.082000000000000000e+03 5.593175510401904931e-26
2.102500000000000000e+03 5.615904446994399095e-25
2.123500000000000000e+03 2.552019016528818774e-25
2.145000000000000000e+03 5.798913007374434340e-24
2.166500000000000000e+03 2.220995219205091300e-25
2.188000000000000000e+03 4.791121048144205315e-24
2.209500000000000000e+03 4.355944730817127334e-24
2.231500000000000000e+03 6.164434196981727574e-25
2.254000000000000000e+03 2.757844536770265344e-24
2.277000000000000000e+03 3.402669063378652807e-24
2.299500000000000000e+03 4.669838296902400444e-24
2.322500000000000000e+03 4.348704289351212527e-24
2.346000000000000000e+03 2.265098809309582348e-24
2.369000000000000000e+03 2.299581092515391532e-24
2.392500000000000000e+03 3.913577796570166458e-24
2.416500000000000000e+03 9.474532509497292283e-24
2.441000000000000000e+03 8.536809956349399416e-24
2.465500000000000000e+03 4.507670051915178198e-23
2.490000000000000000e+03 3.311401666152212065e-23
2.515000000000000000e+03 5.951963880482811529e-23
2.540000000000000000e+03 5.134040735923238565e-23
2.565500000000000000e+03 1.410342527924726959e-22
2.591500000000000000e+03 4.730257746593068943e-22
2.617500000000000000e+03 2.652320717759364802e-22
2.643500000000000000e+03 2.257970889363704256e-22
2.669500000000000000e+03 5.413200170389422274e-23
2.696000000000000000e+03 2.877266008536403862e-22
2.723000000000000000e+03 2.226664977639578352e-22
2.750500000000000000e+03 4.716039218684416483e-22
2.778000000000000000e+03 3.524543604802555735e-22
2.805500000000000000e+03 5.893288217043214648e-22
2.834000000000000000e+03 2.869554002139144320e-21
2.862500000000000000e+03 1.975537505296603578e-21
2.891000000000000000e+03 1.485516448134688105e-20
2.920000000000000000e+03 8.754786312056206174e-21
2.949000000000000000e+03 3.018021553935979943e-20
2.978500000000000000e+03 7.903870645475670164e-20
3.008500000000000000e+03 1.270462270713148076e-19
3.038500000000000000e+03 1.183802778423723433e-21
3.068500000000000000e+03 3.779779981161499459e-21
3.099000000000000000e+03 2.042575191329470540e-20
3.130000000000000000e+03 8.325943537110447904e-21
3.161500000000000000e+03 4.775750363017515844e-21
3.193500000000000000e+03 3.269286648985688130e-22
3.225500000000000000e+03 4.422258843461938271e-24
3.257500000000000000e+03 2.746303335412530975e-24
3.290000000000000000e+03 1.165473348076060429e-24
3.323000000000000000e+03 3.769053161167575124e-25
3.356000000000000000e+03 4.791074060577575386e-25
3.389500000000000000e+03 3.830411510305000338e-25
3.423500000000000000e+03 2.378351023357352914e-25
3.458000000000000000e+03 2.297590300266857368e-25
3.492500000000000000e+03 5.477584774120587238e-25
3.527000000000000000e+03 3.720196780747713942e-25
3.562500000000000000e+03 6.689800408556027675e-25
3.598500000000000000e+03 2.366405933777583535e-25
3.634500000000000000e+03 2.603954205229442753e-25
3.670500000000000000e+03 1.351988470867530761e-24
3.707000000000000000e+03 7.891851555101511211e-25
3.744500000000000000e+03 4.883475557686093917e-24
3.782000000000000000e+03 7.482434490410986144e-23
3.819500000000000000e+03 1.199769970021965838e-22
3.858000000000000000e+03 3.780191053354561017e-22
3.896500000000000000e+03 6.444959692813216432e-22
3.935000000000000000e+03 2.344393999973054119e-23
3.974500000000000000e+03 2.679597122316657877e-23
4.014500000000000000e+03 2.259950707639674951e-23
4.054500000000000000e+03 8.865838774209025166e-23
4.095000000000000000e+03 1.323410782532016682e-22
4.136000000000000000e+03 4.299410623205085000e-22
4.177500000000000000e+03 1.265485386371802366e-21
4.219500000000000000e+03 3.416419700818947880e-21
4.261500000000000000e+03 1.374822202799849608e-21
4.304000000000000000e+03 3.360907616874154659e-21
4.347000000000000000e+03 6.483668603074084818e-21
4.390500000000000000e+03 1.150121561687397601e-21
4.434500000000000000e+03 2.032008972312903629e-21
4.479000000000000000e+03 5.724759031879317112e-22
4.524000000000000000e+03 3.994319015650486170e-22
4.569000000000000000e+03 4.739790350105852849e-22
4.614500000000000000e+03 8.613694739959328958e-23
4.660500000000000000e+03 3.138943016228169290e-23
4.707000000000000000e+03 8.934385992586260823e-24
4.754500000000000000e+03 1.771903658883187254e-25
4.802000000000000000e+03 9.910375948472551970e-26
4.850000000000000000e+03 7.678396248134080262e-26
4.898500000000000000e+03 6.676570967582082005e-26
4.947500000000000000e+03 7.948194156173598852e-26
4.997000000000000000e+03 2.825420153884122550e-25
5.047000000000000000e+03 3.428183988064686878e-25
5.097500000000000000e+03 4.340258711128219318e-25
5.148000000000000000e+03 1.519742030322356382e-24
5.199500000000000000e+03 4.361215653083806898e-24
5.251500000000000000e+03 2.648641180701523146e-24
5.304000000000000000e+03 1.787341259408963722e-24
5.357500000000000000e+03 1.124652917334435339e-23
5.411000000000000000e+03 1.775178342708004401e-23
5.465000000000000000e+03 2.007883483295260061e-23
5.520000000000000000e+03 4.204277757720109722e-23
5.575000000000000000e+03 1.472494496129162277e-22
5.630500000000000000e+03 9.519436686657002393e-23
5.687000000000000000e+03 4.343526590115508060e-23
5.744000000000000000e+03 1.462357421243055079e-22
5.801500000000000000e+03 1.036034794132982573e-22
5.859500000000000000e+03 2.512641341005741403e-22
5.918000000000000000e+03 2.003245749197403011e-22
5.977000000000000000e+03 9.188033643623033978e-23
6.036500000000000000e+03 1.851190741494072141e-22
6.097000000000000000e+03 2.194779700070924966e-22
6.158000000000000000e+03 5.108850294489658802e-23
6.219500000000000000e+03 3.253564128564163976e-24
6.282000000000000000e+03 2.367755095615302114e-25
6.345000000000000000e+03 4.547836704181952647e-26
6.408500000000000000e+03 5.854312416127827656e-26
6.472500000000000000e+03 8.171459792071979385e-26
6.537000000000000000e+03 2.229740417340907528e-25
6.602500000000000000e+03 4.878953497216092151e-25
6.668500000000000000e+03 1.037592611832013959e-24
6.735000000000000000e+03 5.369461144586795761e-24
6.802500000000000000e+03 6.645235535486411296e-24
6.870500000000000000e+03 4.386294294372485562e-24
6.939000000000000000e+03 1.291503470074656407e-23
7.008500000000000000e+03 2.510058479808799732e-23
7.078500000000000000e+03 5.859668572881656254e-23
7.149500000000000000e+03 7.211445712141177091e-23
7.221000000000000000e+03 9.847775158754028050e-23
7.293000000000000000e+03 6.794893180700123364e-23
7.366000000000000000e+03 6.418743237648727485e-23
7.439500000000000000e+03 5.229079663474553393e-23
7.514000000000000000e+03 1.042311544569136467e-22
7.589500000000000000e+03 9.317777937895100632e-24
7.665500000000000000e+03 2.814518413547912109e-24
7.742000000000000000e+03 1.641228543277734107e-25
7.819500000000000000e+03 3.321019888268577042e-26
7.897500000000000000e+03 4.099746786218408498e-26
7.976500000000000000e+03 3.935184897490624018e-27
8.056500000000000000e+03 1.837711729236672943e-25
8.137000000000000000e+03 5.411794903867779448e-25
8.218000000000000000e+03 8.043668169846135503e-25
8.300000000000000000e+03 3.503878997197543026e-24
8.383500000000000000e+03 1.281279212565864317e-23
8.467500000000000000e+03 2.303641668630310045e-23
8.552000000000000000e+03 4.226920791219130237e-23
8.637500000000000000e+03 8.699444847365106863e-23
8.724000000000000000e+03 2.596030108921309547e-23
8.811000000000000000e+03 2.392371615555676959e-23
8.899000000000000000e+03 2.221317461519996338e-23
8.988000000000000000e+03 4.058062606642351130e-24
9.078000000000000000e+03 2.883625340769411585e-25
9.169000000000000000e+03 6.201150974785370378e-25
9.260500000000000000e+03 1.120649212672499393e-27
9.353000000000000000e+03 1.030586843264290400e-27
9.446500000000000000e+03 9.698694057476697981e-28
9.541000000000000000e+03 9.221716408243474155e-28
9.636500000000000000e+03 8.821755283057290976e-28
9.733000000000000000e+03 8.472843108722580248e-28
9.830000000000000000e+03 8.161985638110308207e-28
9.928000000000000000e+03 7.878719781216570670e-28
9.989000000000000000e+03 7.714222253166956935e-28
