1.000000000000000000e+01 9.370754274470000253e-26
1.100000000000000000e+01 9.362042014759999961e-26
1.200000000000000000e+01 9.363424469679999861e-26
1.300000000000000000e+01 9.387603359420000043e-26
1.400000000000000000e+01 9.411899126149999955e-26
1.500000000000000000e+01 9.645411078909999825e-26
1.600000000000000000e+01 9.429125879090000282e-26
1.700000000000000000e+01 9.437321973469999671e-26
1.800000000000000000e+01 9.466780323860000119e-26
1.900000000000000000e+01 9.845834612259999990e-26
2.000000000000000000e+01 9.508122198259999900e-26
2.100000000000000000e+01 9.531669636850000528e-26
2.200000000000000000e+01 9.854628099569999700e-26
2.300000000000000000e+01 1.028563351670000021e-25
2.400000000000000000e+01 1.028018426820000039e-25
2.500000000000000000e+01 9.806087101020000384e-26
2.600000000000000000e+01 1.076578225039999898e-25
2.700000000000000000e+01 9.750227843869999499e-26
2.800000000000000000e+01 9.795615075830000107e-26
2.900000000000000000e+01 1.022011030550000038e-25
3.000000000000000000e+01 1.004911009439999995e-25
3.100000000000000000e+01 1.037622363789999888e-25
3.200000000000000000e+01 9.693347329159999669e-26
3.300000000000000000e+01 1.028553876519999978e-25
3.400000000000000000e+01 1.199028232289999953e-25
3.500000000000000000e+01 1.269400808809999982e-25
3.600000000000000000e+01 1.006342173379999943e-25
3.700000000000000000e+01 9.986106294410000106e-26
3.800000000000000000e+01 1.050630792650000095e-25
3.900000000000000000e+01 1.174528711920000006e-25
4.000000000000000000e+01 1.150723246610000001e-25
4.100000000000000000e+01 1.122247256200000032e-25
4.200000000000000000e+01 1.353005917990000057e-25
4.300000000000000000e+01 1.016412386040000035e-25
4.400000000000000000e+01 1.041803530030000084e-25
4.500000000000000000e+01 1.181267090460000038e-25
4.600000000000000000e+01 1.000067354349999948e-25
4.700000000000000000e+01 1.038651277649999990e-25
4.800000000000000000e+01 1.026243448359999987e-25
4.900000000000000000e+01 1.257924069969999964e-25
5.000000000000000000e+01 1.069409250500000006e-25
5.100000000000000000e+01 1.082398726679999904e-25
5.200000000000000000e+01 1.106679646570000082e-25
5.300000000000000000e+01 1.132629460629999941e-25
5.400000000000000000e+01 1.407251655759999983e-25
5.500000000000000000e+01 1.018296797550000034e-25
5.600000000000000000e+01 1.081156461859999981e-25
5.700000000000000000e+01 1.037663822109999998e-25
5.800000000000000000e+01 1.071573702870000050e-25
5.900000000000000000e+01 1.907694460330000058e-25
6.000000000000000000e+01 1.028880335980000001e-25
6.100000000000000000e+01 1.029176283720000021e-25
6.200000000000000000e+01 1.217457893129999899e-25
6.300000000000000000e+01 1.698382653050000012e-25
6.400000000000000000e+01 1.280412182559999993e-25
6.500000000000000000e+01 1.106202327619999939e-25
6.600000000000000000e+01 1.177470966310000042e-25
6.700000000000000000e+01 1.105960735480000006e-25
6.800000000000000000e+01 1.111287804039999888e-25
6.900000000000000000e+01 1.136104108600000052e-25
7.000000000000000000e+01 1.285924571070000110e-25
7.100000000000000000e+01 1.081330758149999923e-25
7.200000000000000000e+01 1.288262631569999945e-25
7.300000000000000000e+01 3.567623910400000015e-25
7.400000000000000000e+01 1.957520703049999973e-25
7.500000000000000000e+01 1.077111604630000069e-25
7.600000000000000000e+01 1.135679250689999938e-25
7.700000000000000000e+01 1.132493519299999984e-25
7.800000000000000000e+01 1.134753776050000086e-25
7.900000000000000000e+01 2.086918969839999788e-25
8.000000000000000000e+01 1.240613973250000023e-25
8.100000000000000000e+01 1.239822120960000014e-25
8.200000000000000000e+01 1.775475431810000091e-25
8.300000000000000000e+01 1.723673032650000054e-25
8.400000000000000000e+01 2.587184968489999954e-25
8.500000000000000000e+01 1.250845519120000016e-25
8.600000000000000000e+01 1.102507367720000034e-25
8.700000000000000000e+01 1.082344690160000103e-25
8.800000000000000000e+01 1.077592301480000110e-25
8.900000000000000000e+01 1.122426263489999922e-25
9.000000000000000000e+01 1.275830995490000027e-25
9.100000000000000000e+01 1.119828478870000027e-25
9.200000000000000000e+01 1.225483808620000086e-25
9.300000000000000000e+01 1.850080630010000035e-25
9.400000000000000000e+01 3.142354168099999871e-24
9.500000000000000000e+01 1.544311859860000005e-25
9.600000000000000000e+01 1.186573778049999996e-25
9.700000000000000000e+01 1.313107117739999910e-25
9.800000000000000000e+01 4.467867436570000377e-25
9.900000000000000000e+01 1.918332928040000074e-25
1.000000000000000000e+02 1.455838668649999974e-25
1.010000000000000000e+02 1.372839411569999929e-25
1.020000000000000000e+02 1.189334897620000009e-25
1.030000000000000000e+02 1.420454696680000088e-25
1.040000000000000000e+02 5.330941192440000393e-25
1.050000000000000000e+02 1.846249010359999933e-25
1.060000000000000000e+02 1.215007914380000089e-25
1.070000000000000000e+02 1.252817938149999956e-25
1.080000000000000000e+02 1.196746354780000103e-25
1.090000000000000000e+02 1.169886418920000110e-25
1.100000000000000000e+02 1.222237380310000100e-25
1.110000000000000000e+02 1.280324217130000110e-25
1.120000000000000000e+02 1.362093678930000031e-25
1.130000000000000000e+02 1.309431087539999977e-25
1.140000000000000000e+02 2.345349934959999799e-25
1.150000000000000000e+02 8.483739013820000750e-25
1.160000000000000000e+02 1.372331993820000049e-25
1.170000000000000000e+02 2.612579550449999948e-25
1.180000000000000000e+02 3.471637039639999980e-25
1.190000000000000000e+02 7.196618049680000370e-25
1.200000000000000000e+02 1.181740543200000092e-25
1.210000000000000000e+02 1.174741797710000063e-25
1.220000000000000000e+02 1.839561175329999960e-25
1.230000000000000000e+02 1.321392301579999918e-25
1.240000000000000000e+02 1.616678772809999966e-25
1.250000000000000000e+02 2.855827067529999875e-24
1.260000000000000000e+02 1.667119767919999962e-25
1.270000000000000000e+02 1.227974563200000070e-25
1.280000000000000000e+02 1.156026151300000088e-25
1.290000000000000000e+02 1.159584829819999934e-25
1.300000000000000000e+02 1.147169369309999910e-25
1.310000000000000000e+02 1.234307859290000080e-25
1.320000000000000000e+02 1.295678895149999946e-25
1.330000000000000000e+02 1.242370129769999966e-25
1.340000000000000000e+02 1.411103470259999982e-25
1.350000000000000000e+02 2.724245925439999933e-24
1.360000000000000000e+02 4.793464612140000124e-25
1.370000000000000000e+02 3.228579731480000015e-25
1.380000000000000000e+02 2.716339336259999954e-25
1.390000000000000000e+02 1.269524264530000082e-25
1.400000000000000000e+02 1.228122593570000021e-25
1.410000000000000000e+02 1.156579529150000056e-25
1.420000000000000000e+02 1.181933946659999957e-25
1.430000000000000000e+02 1.195180056709999922e-25
1.440000000000000000e+02 1.296840948530000079e-25
1.450000000000000000e+02 6.633054381869999772e-25
1.460000000000000000e+02 3.059059826280000137e-25
1.470000000000000000e+02 1.755505383129999991e-25
1.480000000000000000e+02 1.311355930249999928e-25
1.490000000000000000e+02 1.402528559339999905e-25
1.500000000000000000e+02 1.238353032679999989e-25
1.510000000000000000e+02 1.497376805069999929e-25
1.520000000000000000e+02 1.241582572649999892e-25
1.530000000000000000e+02 1.461898494020000034e-25
1.540000000000000000e+02 1.462698275919999959e-25
1.550000000000000000e+02 4.725647599519999586e-25
1.560000000000000000e+02 5.447348491040000000e-25
1.570000000000000000e+02 1.393265196810000066e-25
1.580000000000000000e+02 2.734452434910000177e-25
1.590000000000000000e+02 1.212716894620000005e-25
1.600000000000000000e+02 1.190781679230000095e-25
1.610000000000000000e+02 1.382701349669999925e-25
1.620000000000000000e+02 1.180211504849999941e-25
1.630000000000000000e+02 1.215357966909999904e-25
1.640000000000000000e+02 1.239645614259999915e-25
1.650000000000000000e+02 1.731990210789999987e-25
1.660000000000000000e+02 3.232940449940000184e-25
1.670000000000000000e+02 1.488573154770000008e-25
1.680000000000000000e+02 1.223488446909999926e-25
1.690000000000000000e+02 1.227178291149999943e-25
1.700000000000000000e+02 1.210447576659999992e-25
1.710000000000000000e+02 1.202161441930000095e-25
1.720000000000000000e+02 1.213183733799999908e-25
1.730000000000000000e+02 4.756369345399999616e-25
1.740000000000000000e+02 3.440488559610000026e-25
1.750000000000000000e+02 1.512390526229999939e-25
1.760000000000000000e+02 1.129805316300000073e-24
1.770000000000000000e+02 1.738077691900000110e-25
1.780000000000000000e+02 1.539304250429999993e-25
1.790000000000000000e+02 1.238859117450000114e-25
1.800000000000000000e+02 1.201352991379999967e-25
1.810000000000000000e+02 1.205052447880000093e-25
1.820000000000000000e+02 1.211094773699999890e-25
1.830000000000000000e+02 3.097528537019999950e-25
1.840000000000000000e+02 1.222260067669999907e-25
1.850000000000000000e+02 1.492355723829999898e-25
1.860000000000000000e+02 3.004716531489999872e-25
1.870000000000000000e+02 1.521653971589999965e-25
1.880000000000000000e+02 1.248461536059999933e-25
1.890000000000000000e+02 1.248755482759999963e-25
1.900000000000000000e+02 1.246898637810000021e-25
1.910000000000000000e+02 2.453301277980000136e-25
1.920000000000000000e+02 2.172274702520000106e-25
1.930000000000000000e+02 1.274177416619999992e-25
1.940000000000000000e+02 1.369414389850000036e-25
1.950000000000000000e+02 2.368736800720000105e-25
1.960000000000000000e+02 2.844570329889999876e-25
1.970000000000000000e+02 5.516378834169999982e-25
1.980000000000000000e+02 1.328913622210000066e-25
1.990000000000000000e+02 1.308945921260000074e-25
2.000000000000000000e+02 1.285821510149999998e-25
2.010000000000000000e+02 1.444242157510000009e-25
2.020000000000000000e+02 1.324476097900000033e-25
2.030000000000000000e+02 1.320377408550000039e-25
2.040000000000000000e+02 1.479789479549999975e-25
2.050000000000000000e+02 1.338523964490000012e-25
2.060000000000000000e+02 1.307844665519999985e-25
2.070000000000000000e+02 1.383476044859999932e-25
2.080000000000000000e+02 1.320478652360000030e-25
2.090000000000000000e+02 4.202162485789999950e-25
2.100000000000000000e+02 2.869820912240000121e-25
2.110000000000000000e+02 1.295883124799999908e-25
2.120000000000000000e+02 1.267378676310000042e-25
2.130000000000000000e+02 1.386200959480000003e-25
2.140000000000000000e+02 1.462994718570000089e-25
2.150000000000000000e+02 1.296026742619999953e-25
2.160000000000000000e+02 1.956224607910000029e-25
2.170000000000000000e+02 1.262090163700000038e-25
2.180000000000000000e+02 1.376771419189999928e-25
2.190000000000000000e+02 1.257265760430000028e-25
2.200000000000000000e+02 1.256613646840000104e-25
2.210000000000000000e+02 1.258127513839999920e-25
2.220000000000000000e+02 1.265745989499999967e-25
2.230000000000000000e+02 1.261783047939999921e-25
2.240000000000000000e+02 1.263889244399999907e-25
2.250000000000000000e+02 1.265699530159999977e-25
2.260000000000000000e+02 1.270873605139999900e-25
2.270000000000000000e+02 1.273061105609999901e-25
2.280000000000000000e+02 1.401665547240000007e-25
2.290000000000000000e+02 1.350635940369999973e-25
2.300000000000000000e+02 1.544589231019999959e-25
2.310000000000000000e+02 1.411107578480000090e-25
2.320000000000000000e+02 1.354091147500000011e-25
2.330000000000000000e+02 1.534479214559999988e-25
2.340000000000000000e+02 1.340570018830000024e-25
2.350000000000000000e+02 1.345626056930000095e-25
2.360000000000000000e+02 1.339003690859999950e-25
2.370000000000000000e+02 1.310691127849999933e-25
2.380000000000000000e+02 1.348442340300000079e-25
2.390000000000000000e+02 1.417687085939999980e-25
2.400000000000000000e+02 1.304149226649999996e-25
2.410000000000000000e+02 1.338388648019999971e-25
2.420000000000000000e+02 1.338478747999999904e-25
2.430000000000000000e+02 1.309150481719999932e-25
2.440000000000000000e+02 1.360177771249999978e-25
2.450000000000000000e+02 1.381015016479999895e-25
2.460000000000000000e+02 1.331199786319999972e-25
2.470000000000000000e+02 1.311533598270000046e-25
2.480000000000000000e+02 1.428459524529999886e-25
2.490000000000000000e+02 1.346614843570000043e-25
2.500000000000000000e+02 1.354086522800000109e-25
2.510000000000000000e+02 1.581906564300000046e-25
2.520000000000000000e+02 1.340049727229999944e-25
2.530000000000000000e+02 1.331501377290000007e-25
2.540000000000000000e+02 1.351275883860000104e-25
2.550000000000000000e+02 1.343169162019999938e-25
2.560000000000000000e+02 1.339398427779999923e-25
2.570000000000000000e+02 1.370754095020000065e-25
2.580000000000000000e+02 1.378771040709999916e-25
2.590000000000000000e+02 1.342867800080000053e-25
2.600000000000000000e+02 1.355313405480000060e-25
2.610000000000000000e+02 1.352748311630000057e-25
2.620000000000000000e+02 1.345489673369999996e-25
2.630000000000000000e+02 1.351805501150000058e-25
2.640000000000000000e+02 1.394936037080000072e-25
2.650000000000000000e+02 1.362044867360000010e-25
2.660000000000000000e+02 1.355723754030000023e-25
2.670000000000000000e+02 1.389047197170000086e-25
2.680000000000000000e+02 1.358552251859999984e-25
2.690000000000000000e+02 1.417515426249999949e-25
2.700000000000000000e+02 1.466812768930000087e-25
2.710000000000000000e+02 1.505439493289999986e-25
2.720000000000000000e+02 1.436582257639999930e-25
2.730000000000000000e+02 1.387905891860000043e-25
2.740000000000000000e+02 1.373028419910000074e-25
2.750000000000000000e+02 1.394690175700000039e-25
2.760000000000000000e+02 1.508995743779999957e-25
2.770000000000000000e+02 1.377334561780000020e-25
2.780000000000000000e+02 1.377668331250000111e-25
2.790000000000000000e+02 1.401803093270000024e-25
2.800000000000000000e+02 1.392409967020000057e-25
2.810000000000000000e+02 1.390941526489999892e-25
2.820000000000000000e+02 1.399678373240000004e-25
2.830000000000000000e+02 1.410784265299999937e-25
2.840000000000000000e+02 1.415838914499999900e-25
2.850000000000000000e+02 1.394471886709999983e-25
2.860000000000000000e+02 1.396864856499999934e-25
2.870000000000000000e+02 1.403796796930000060e-25
2.880000000000000000e+02 1.420391400540000050e-25
2.890000000000000000e+02 1.412485000899999893e-25
2.900000000000000000e+02 1.412765041749999971e-25
2.910000000000000000e+02 1.407370156680000022e-25
2.920000000000000000e+02 1.410204971940000053e-25
2.930000000000000000e+02 1.413156917890000034e-25
2.940000000000000000e+02 1.430113352269999922e-25
2.950000000000000000e+02 1.418206127460000032e-25
2.960000000000000000e+02 1.454152180109999939e-25
2.970000000000000000e+02 1.421306612260000072e-25
2.980000000000000000e+02 1.422109682219999989e-25
2.990000000000000000e+02 1.449126464869999997e-25
3.000000000000000000e+02 1.447404310699999919e-25
3.010000000000000000e+02 1.429583818839999988e-25
3.020000000000000000e+02 1.440106737780000040e-25
3.030000000000000000e+02 1.437182486249999895e-25
3.040000000000000000e+02 1.444938124219999934e-25
3.050000000000000000e+02 1.471287091319999893e-25
3.060000000000000000e+02 1.444716278790000099e-25
3.070000000000000000e+02 1.452351532110000079e-25
3.080000000000000000e+02 1.473745111779999929e-25
3.090000000000000000e+02 1.450572460990000044e-25
3.100000000000000000e+02 1.451477514960000104e-25
3.110000000000000000e+02 1.453693372130000092e-25
3.120000000000000000e+02 1.456111838519999954e-25
3.130000000000000000e+02 1.468161366779999891e-25
3.140000000000000000e+02 1.461391701700000035e-25
3.150000000000000000e+02 1.463145395179999993e-25
3.160000000000000000e+02 1.487417943829999980e-25
3.170000000000000000e+02 1.497924336679999963e-25
3.180000000000000000e+02 1.482977045909999972e-25
3.190000000000000000e+02 1.473287085219999936e-25
3.200000000000000000e+02 1.475968629439999947e-25
3.210000000000000000e+02 1.480152920069999887e-25
3.220000000000000000e+02 1.492470388430000002e-25
3.230000000000000000e+02 1.484158740169999974e-25
3.240000000000000000e+02 1.491268540470000034e-25
3.250000000000000000e+02 1.488625165649999980e-25
3.260000000000000000e+02 1.496742034309999938e-25
3.270000000000000000e+02 1.494292217479999921e-25
3.280000000000000000e+02 1.499226586689999990e-25
3.290000000000000000e+02 1.501025999339999917e-25
3.300000000000000000e+02 1.517207865719999938e-25
3.310000000000000000e+02 1.503996330029999885e-25
3.320000000000000000e+02 1.506833644110000009e-25
3.330000000000000000e+02 1.508955067569999961e-25
3.340000000000000000e+02 1.512029390310000046e-25
3.350000000000000000e+02 1.514737212809999887e-25
3.360000000000000000e+02 1.517155051880000102e-25
3.370000000000000000e+02 1.522555060140000020e-25
3.380000000000000000e+02 1.523204793519999916e-25
3.390000000000000000e+02 1.534152716049999916e-25
3.400000000000000000e+02 1.529079782450000075e-25
3.410000000000000000e+02 1.530587838700000096e-25
3.420000000000000000e+02 1.533717917220000086e-25
3.430000000000000000e+02 1.540530427059999968e-25
3.440000000000000000e+02 1.538480975899999942e-25
3.450000000000000000e+02 1.541018852849999900e-25
3.460000000000000000e+02 1.544023845349999957e-25
3.470000000000000000e+02 1.546729064959999901e-25
3.480000000000000000e+02 1.551643414540000063e-25
3.490000000000000000e+02 1.552409071459999938e-25
3.500000000000000000e+02 1.558184676499999989e-25
3.510000000000000000e+02 1.561790994510000027e-25
3.520000000000000000e+02 1.560914001569999971e-25
3.530000000000000000e+02 1.563839404360000095e-25
3.540000000000000000e+02 1.566018767590000043e-25
3.550000000000000000e+02 1.569027020880000060e-25
3.560000000000000000e+02 1.573022705489999900e-25
3.570000000000000000e+02 1.579201967039999992e-25
3.580000000000000000e+02 1.625914623530000038e-25
3.590000000000000000e+02 1.580846349119999961e-25
3.600000000000000000e+02 1.583782373320000103e-25
3.610000000000000000e+02 1.585933675250000015e-25
3.620000000000000000e+02 1.589130993199999906e-25
3.630000000000000000e+02 1.591547116819999910e-25
3.640000000000000000e+02 1.594457668360000081e-25
3.650000000000000000e+02 1.598428317899999940e-25
3.660000000000000000e+02 1.601472715720000083e-25
3.670000000000000000e+02 1.603194693090000077e-25
3.680000000000000000e+02 1.606189388299999930e-25
3.690000000000000000e+02 1.609596993350000043e-25
3.700000000000000000e+02 1.612737813250000013e-25
3.710000000000000000e+02 1.615170298580000102e-25
3.720000000000000000e+02 1.617828049040000018e-25
3.735000000000000000e+02 1.622483081955000071e-25
3.760000000000000000e+02 1.648012982123333320e-25
3.795000000000000000e+02 1.640511326242499804e-25
3.835000000000000000e+02 1.652727519335000097e-25
3.875000000000000000e+02 1.665044393354999991e-25
3.915000000000000000e+02 1.679174818949999952e-25
3.955000000000000000e+02 1.704124443715000106e-25
3.995000000000000000e+02 1.702810195022499900e-25
4.035000000000000000e+02 1.716192530032500065e-25
4.075000000000000000e+02 1.728821195845000004e-25
4.115000000000000000e+02 1.746913691032499818e-25
4.155000000000000000e+02 1.774024313049999877e-25
4.195000000000000000e+02 1.769558613937499968e-25
4.235000000000000000e+02 1.783590879555000103e-25
4.280000000000000000e+02 1.798736861679999992e-25
4.325000000000000000e+02 1.814881941487500122e-25
4.365000000000000000e+02 1.829204269142500154e-25
4.410000000000000000e+02 1.845861942223999995e-25
4.455000000000000000e+02 1.862262756492500164e-25
4.495000000000000000e+02 1.877287643869999988e-25
4.540000000000000000e+02 1.894489080277999909e-25
4.590000000000000000e+02 1.913989934504000056e-25
4.635000000000000000e+02 1.931606322592500202e-25
4.680000000000000000e+02 1.949558461335999707e-25
4.725000000000000000e+02 1.967861061822500141e-25
4.770000000000000000e+02 1.986504821084000012e-25
4.820000000000000000e+02 2.007362894532000099e-25
4.870000000000000000e+02 2.028815334554000087e-25
4.920000000000000000e+02 2.050356080816000090e-25
4.970000000000000000e+02 2.072403534327999911e-25
5.020000000000000000e+02 2.094934235572000435e-25
5.070000000000000000e+02 2.117947993645999471e-25
5.120000000000000000e+02 2.141124714308000394e-25
5.170000000000000000e+02 2.164797296389999840e-25
5.220000000000000000e+02 2.188959265058000204e-25
5.270000000000000000e+02 2.213786552840000185e-25
5.325000000000000000e+02 2.241295567118333420e-25
5.380000000000000000e+02 2.269367438041999658e-25
5.430000000000000000e+02 2.295451189539999708e-25
5.485000000000000000e+02 2.324766450239999547e-25
5.540000000000000000e+02 2.354715969718000019e-25
5.595000000000000000e+02 2.385242080529999767e-25
5.655000000000000000e+02 2.419336940199999758e-25
5.710000000000000000e+02 2.451289388724000003e-25
5.765000000000000000e+02 2.483939816328333301e-25
5.825000000000000000e+02 2.520389349045000008e-25
5.885000000000000000e+02 2.557725069745000239e-25
5.945000000000000000e+02 2.595973302331666716e-25
6.005000000000000000e+02 2.635163600859999865e-25
6.065000000000000000e+02 2.675340965833333402e-25
6.125000000000000000e+02 2.716524676836666345e-25
6.185000000000000000e+02 2.758758242441666862e-25
6.245000000000000000e+02 2.802079507463333639e-25
6.305000000000000000e+02 2.846534583545000046e-25
6.370000000000000000e+02 2.895998482758571416e-25
6.435000000000000000e+02 2.946874391403333183e-25
6.500000000000000000e+02 2.999250508731429169e-25
6.565000000000000000e+02 3.053119754148333324e-25
6.630000000000000000e+02 3.108655642018571459e-25
6.695000000000000000e+02 3.165765233994999497e-25
6.760000000000000000e+02 3.224685279004285665e-25
6.830000000000000000e+02 3.290137272354285318e-25
6.900000000000000000e+02 3.357750632022856971e-25
6.970000000000000000e+02 3.427670615941428485e-25
7.040000000000000000e+02 3.500049815001429030e-25
7.110000000000000000e+02 3.574839013908571434e-25
7.180000000000000000e+02 3.652327414751428770e-25
7.250000000000000000e+02 3.732600829028570780e-25
7.320000000000000000e+02 3.815702617808571405e-25
7.395000000000000000e+02 3.908222481967499949e-25
7.470000000000000000e+02 4.004376615731428201e-25
7.545000000000000000e+02 4.104574899173750288e-25
7.620000000000000000e+02 4.208511655689999426e-25
7.695000000000000000e+02 4.317146678906250085e-25
7.775000000000000000e+02 4.438085533056249978e-25
7.855000000000000000e+02 4.564571559821249983e-25
7.930000000000000000e+02 4.687963057952857796e-25
8.005000000000000000e+02 4.817797110893750240e-25
8.085000000000000000e+02 4.962017616163749603e-25
8.170000000000000000e+02 5.123433208326666326e-25
8.255000000000000000e+02 5.293464186078749563e-25
8.335000000000000000e+02 5.461204088938749467e-25
8.415000000000000000e+02 5.637697735237499598e-25
8.500000000000000000e+02 5.837077690623333911e-25
8.585000000000000000e+02 6.045790718604999385e-25
8.670000000000000000e+02 6.266912532374444697e-25
8.760000000000000000e+02 6.516388657659999357e-25
8.850000000000000000e+02 6.782911761001110516e-25
8.935000000000000000e+02 7.049480301971249349e-25
9.020000000000000000e+02 7.335202680057777633e-25
9.115000000000000000e+02 7.674787134886999305e-25
9.210000000000000000e+02 8.041491838863333465e-25
9.300000000000000000e+02 8.415808393008889343e-25
9.390000000000000000e+02 8.820589793584446538e-25
9.485000000000000000e+02 9.283481506450999670e-25
9.580000000000000000e+02 9.788576461088888924e-25
9.675000000000000000e+02 1.032002840168000037e-24
9.775000000000000000e+02 1.103502344653000242e-24
9.870000000000000000e+02 1.166292176750000138e-24
9.965000000000000000e+02 1.240750643694000246e-24
1.006500000000000000e+03 1.367864042142000141e-24
1.016500000000000000e+03 1.447057258684999891e-24
1.027000000000000000e+03 1.625160933013636460e-24
1.037500000000000000e+03 1.842158924447000262e-24
1.047500000000000000e+03 2.042460480233999868e-24
1.058000000000000000e+03 2.486996693837273252e-24
1.069000000000000000e+03 3.729038985148182251e-24
1.079500000000000000e+03 3.379211453311000243e-24
1.090000000000000000e+03 6.836157798447271996e-24
1.101000000000000000e+03 7.495470926929091946e-24
1.112000000000000000e+03 1.165840961799090894e-23
1.123000000000000000e+03 1.355761543643181754e-23
1.134500000000000000e+03 1.785472914853666608e-23
1.146000000000000000e+03 4.553830912791726493e-23
1.157500000000000000e+03 4.150336155858332658e-23
1.169000000000000000e+03 5.889466417649999080e-23
1.180500000000000000e+03 1.246726409717916725e-22
1.192500000000000000e+03 3.709765624452749415e-22
1.204500000000000000e+03 7.289723798279667087e-22
1.216500000000000000e+03 1.984682067168499970e-21
1.228500000000000000e+03 3.707256307533250290e-21
1.240500000000000000e+03 2.003693980580500180e-20
1.253000000000000000e+03 1.601838332389723154e-20
1.266000000000000000e+03 2.618801802805538486e-20
1.278500000000000000e+03 3.492492005509166837e-20
1.291000000000000000e+03 1.814683499532769107e-20
1.304000000000000000e+03 1.300539906111469210e-19
1.317000000000000000e+03 1.703016706515000201e-20
1.330000000000000000e+03 4.021041552088693001e-20
1.343500000000000000e+03 8.134459583338712299e-20
1.357000000000000000e+03 4.005447546167384959e-20
1.370500000000000000e+03 6.522862872855072086e-21
1.384500000000000000e+03 1.309827762858621668e-21
1.398500000000000000e+03 2.179627710695928232e-22
1.412500000000000000e+03 1.699786272535214011e-22
1.426500000000000000e+03 2.328665295853356799e-22
1.440500000000000000e+03 3.036229886117500646e-22
1.455000000000000000e+03 3.396030120511399874e-22
1.469500000000000000e+03 4.665287106948286060e-22
1.484000000000000000e+03 6.022884385493999147e-23
1.499000000000000000e+03 5.008584202287066385e-23
1.514000000000000000e+03 1.270188257010066541e-23
1.529000000000000000e+03 2.284987764623153464e-22
1.544500000000000000e+03 5.775271784701311723e-22
1.560000000000000000e+03 9.730130248349333506e-23
1.575500000000000000e+03 4.721944429503937775e-23
1.591500000000000000e+03 1.414260864752431315e-22
1.607500000000000000e+03 1.923682002878931352e-22
1.623500000000000000e+03 1.271798908588312646e-22
1.639500000000000000e+03 1.218415822377068827e-22
1.656000000000000000e+03 1.610316145441647198e-23
1.672500000000000000e+03 5.129904501164062175e-23
1.689000000000000000e+03 1.174238449513647136e-23
1.706000000000000000e+03 1.036896876931941232e-23
1.723000000000000000e+03 7.056887198944707132e-24
1.740500000000000000e+03 5.095222368661110669e-24
1.758000000000000000e+03 3.403844207540000605e-24
1.775500000000000000e+03 5.753533403274444989e-24
1.793500000000000000e+03 6.353664331797110030e-24
1.811500000000000000e+03 4.020441927427610630e-24
1.829500000000000000e+03 3.307443411976500705e-24
1.847500000000000000e+03 1.880801710068000153e-24
1.866000000000000000e+03 1.116303874407789471e-24
1.884500000000000000e+03 8.776483590560001095e-25
1.903000000000000000e+03 5.917912956357369390e-25
1.922000000000000000e+03 5.244202708127894375e-25
1.941500000000000000e+03 4.991700457237498830e-25
1.961000000000000000e+03 4.923893796015262625e-25
1.980500000000000000e+03 4.810641166847498947e-25
2.000500000000000000e+03 4.758547902005500982e-25
2.020500000000000000e+03 4.739597154660999952e-25
2.040500000000000000e+03 4.774638006676000213e-25
2.061000000000000000e+03 5.095940922388095654e-25
2.082000000000000000e+03 5.375092925136668500e-25
2.102500000000000000e+03 1.049434306762849987e-24
2.123500000000000000e+03 1.178814644597181947e-24
2.145000000000000000e+03 3.175837463617476290e-24
2.166500000000000000e+03 1.154507185057454577e-24
2.188000000000000000e+03 2.533199840676571618e-24
2.209500000000000000e+03 5.306465853378500491e-24
2.231500000000000000e+03 2.362737003790181311e-24
2.254000000000000000e+03 5.730529172560825614e-24
2.277000000000000000e+03 5.171067847067869284e-24
2.299500000000000000e+03 3.954604969595863295e-24
2.322500000000000000e+03 4.534402672287541989e-24
2.346000000000000000e+03 3.548100166318087534e-24
2.369000000000000000e+03 1.033135775729565211e-23
2.392500000000000000e+03 1.928788670692874885e-23
2.416500000000000000e+03 2.463189875819833698e-23
2.441000000000000000e+03 5.384748564894239423e-23
2.465500000000000000e+03 7.172708787737291653e-23
2.490000000000000000e+03 8.347453300536639573e-23
2.515000000000000000e+03 1.294853567226763979e-22
2.540000000000000000e+03 1.019455204135484149e-22
2.565500000000000000e+03 2.492527648885192179e-22
2.591500000000000000e+03 2.983002145617269005e-22
2.617500000000000000e+03 1.805355103329584129e-22
2.643500000000000000e+03 3.300622851332461767e-22
2.669500000000000000e+03 2.263904231910307557e-22
2.696000000000000000e+03 4.406307530478814154e-22
2.723000000000000000e+03 5.699804319326036213e-22
2.750500000000000000e+03 7.327928305206213143e-22
2.778000000000000000e+03 8.582181553767037892e-22
2.805500000000000000e+03 1.166760847692428522e-21
2.834000000000000000e+03 2.018059017267068954e-21
2.862500000000000000e+03 3.012794079226892980e-21
2.891000000000000000e+03 7.064951786002275104e-21
2.920000000000000000e+03 1.693950704151299796e-20
2.949000000000000000e+03 3.662121814136162291e-20
2.978500000000000000e+03 5.313179245861385935e-20
3.008500000000000000e+03 8.884118380944199769e-20
3.038500000000000000e+03 9.734059352108399061e-21
3.068500000000000000e+03 2.306338967634366395e-20
3.099000000000000000e+03 7.069449904868838515e-20
3.130000000000000000e+03 8.834530645651709033e-21
3.161500000000000000e+03 2.879648150025896392e-21
3.193500000000000000e+03 2.431029050607594757e-22
3.225500000000000000e+03 1.486244072952218650e-23
3.257500000000000000e+03 7.912954282202188937e-24
3.290000000000000000e+03 4.579784243671818820e-24
3.323000000000000000e+03 3.357280789673636036e-24
3.356000000000000000e+03 2.738807466656060455e-24
3.389500000000000000e+03 2.218641388181175789e-24
3.423500000000000000e+03 1.835325818534705853e-24
3.458000000000000000e+03 1.643970272749142709e-24
3.492500000000000000e+03 1.639764652360000556e-24
3.527000000000000000e+03 1.339629867073428560e-24
3.562500000000000000e+03 1.388609031627750164e-24
3.598500000000000000e+03 1.036736349873472047e-24
3.634500000000000000e+03 1.150444456584139119e-24
3.670500000000000000e+03 1.640499400244805267e-24
3.707000000000000000e+03 2.371856384400432319e-24
3.744500000000000000e+03 4.355080877737026221e-24
3.782000000000000000e+03 2.960688918691648854e-23
3.819500000000000000e+03 1.301786652107089795e-22
3.858000000000000000e+03 2.860196851296050488e-22
3.896500000000000000e+03 3.186253978786578898e-22
3.935000000000000000e+03 4.719065593378460826e-23
3.974500000000000000e+03 4.317843871777551644e-23
4.014500000000000000e+03 3.917940649754225460e-23
4.054500000000000000e+03 8.055763811525051091e-23
4.095000000000000000e+03 2.206882791747195365e-22
4.136000000000000000e+03 5.212834116504902163e-22
4.177500000000000000e+03 1.496685778983071542e-21
4.219500000000000000e+03 3.394742977597928452e-21
4.261500000000000000e+03 2.817376999090238145e-21
4.304000000000000000e+03 2.443814574140905113e-21
4.347000000000000000e+03 2.994583388745509731e-21
4.390500000000000000e+03 1.525038013429749842e-21
4.434500000000000000e+03 1.308515822818568391e-21
4.479000000000000000e+03 7.963804097849132537e-22
4.524000000000000000e+03 5.380738842527355643e-22
4.569000000000000000e+03 1.703753948449519646e-22
4.614500000000000000e+03 1.450693608566986563e-22
4.660500000000000000e+03 5.556783652204696971e-23
4.707000000000000000e+03 4.930674057621297983e-24
4.754500000000000000e+03 4.234169107767707710e-25
4.802000000000000000e+03 2.372751291821701969e-25
4.850000000000000000e+03 2.013984185009796024e-25
4.898500000000000000e+03 2.100014608895000172e-25
4.947500000000000000e+03 2.792327482731799952e-25
4.997000000000000000e+03 5.454624138151634384e-25
5.047000000000000000e+03 1.076096325265470129e-24
5.097500000000000000e+03 1.142004557749539730e-24
5.148000000000000000e+03 2.147637225192353264e-24
5.199500000000000000e+03 4.446998410067557298e-24
5.251500000000000000e+03 3.181928774248250801e-24
5.304000000000000000e+03 2.329320938499452331e-24
5.357500000000000000e+03 8.780281239378702588e-24
5.411000000000000000e+03 1.746336637165887170e-23
5.465000000000000000e+03 2.847620472496418394e-23
5.520000000000000000e+03 4.767519260558781755e-23
5.575000000000000000e+03 1.383164200618530807e-22
5.630500000000000000e+03 1.109598498926321393e-22
5.687000000000000000e+03 5.769004653084561305e-23
5.744000000000000000e+03 1.156148517618649098e-22
5.801500000000000000e+03 2.019900234775965386e-22
5.859500000000000000e+03 2.450865507895775254e-22
5.918000000000000000e+03 2.244852344672627353e-22
5.977000000000000000e+03 3.104225495018813823e-22
6.036500000000000000e+03 4.273779875460607936e-22
6.097000000000000000e+03 5.311639724840177564e-22
6.158000000000000000e+03 6.203906249258280141e-23
6.219500000000000000e+03 3.456113395711419233e-24
6.282000000000000000e+03 2.686827756257920535e-25
6.345000000000000000e+03 1.013699626984428264e-25
6.408500000000000000e+03 1.414489876430155906e-25
6.472500000000000000e+03 1.241542211750843897e-25
6.537000000000000000e+03 2.324988515180446106e-25
6.602500000000000000e+03 5.131080689226364243e-25
6.668500000000000000e+03 7.974842339162727910e-25
6.735000000000000000e+03 3.809949632523491798e-24
6.802500000000000000e+03 5.500232439297352213e-24
6.870500000000000000e+03 4.996606680471472686e-24
6.939000000000000000e+03 1.252515638272116553e-23
7.008500000000000000e+03 2.797434136273613147e-23
7.078500000000000000e+03 5.636934060524030233e-23
7.149500000000000000e+03 7.329424240364166570e-23
7.221000000000000000e+03 9.479259894974226662e-23
7.293000000000000000e+03 6.791183123031505692e-23
7.366000000000000000e+03 6.272278096984109506e-23
7.439500000000000000e+03 6.220672125726460274e-23
7.514000000000000000e+03 7.989668218185079939e-23
7.589500000000000000e+03 2.497277256141255703e-23
7.665500000000000000e+03 3.095185088514869223e-24
7.742000000000000000e+03 1.533071437417337168e-25
7.819500000000000000e+03 5.227878281150768153e-26
7.897500000000000000e+03 6.748649938734997808e-26
7.976500000000000000e+03 2.680084264412749301e-26
8.056500000000000000e+03 1.940055298346587473e-25
8.137000000000000000e+03 5.292943326115157936e-25
8.218000000000000000e+03 7.878269478503754178e-25
8.300000000000000000e+03 3.879508023691769387e-24
8.383500000000000000e+03 1.368201954071059606e-23
8.467500000000000000e+03 2.345633973736892826e-23
8.552000000000000000e+03 5.501831153907527700e-23
8.637500000000000000e+03 8.087743645348834193e-23
8.724000000000000000e+03 2.897725699654609627e-23
8.811000000000000000e+03 2.927210572354572712e-23
8.899000000000000000e+03 2.685221509172360196e-23
8.988000000000000000e+03 5.338228204601560428e-24
9.078000000000000000e+03 3.753184187951340908e-25
9.169000000000000000e+03 4.670423096172958659e-25
9.260500000000000000e+03 1.120649194833912832e-26
9.353000000000000000e+03 1.030586841040074753e-26
9.446500000000000000e+03 9.698694046461066807e-27
9.541000000000000000e+03 9.221716401644001774e-27
9.636500000000000000e+03 8.821755278666349995e-27
9.733000000000000000e+03 8.472843105574328502e-27
9.830000000000000000e+03 8.161985635714226483e-27
9.928000000000000000e+03 7.878719779303534687e-27
9.989000000000000000e+03 7.714222251470435511e-27
