1.000000000000000000e+01 1.870450620829999961e-26
1.100000000000000000e+01 8.461853983379999894e-28
1.200000000000000000e+01 8.154329211930000556e-28
1.300000000000000000e+01 8.761436536820000620e-28
1.400000000000000000e+01 8.167467368299999569e-28
1.500000000000000000e+01 9.773690362450000749e-28
1.600000000000000000e+01 8.165146292179999304e-28
1.700000000000000000e+01 8.130362308619999220e-28
1.800000000000000000e+01 8.274446825110000391e-28
1.900000000000000000e+01 1.056136641650000052e-27
2.000000000000000000e+01 8.234051073160000236e-28
2.100000000000000000e+01 8.367525817319999190e-28
2.200000000000000000e+01 2.571714483510000094e-27
2.300000000000000000e+01 4.865904258529999935e-27
2.400000000000000000e+01 2.552014022789999966e-27
2.500000000000000000e+01 1.142756625099999983e-27
2.600000000000000000e+01 4.087160038350000285e-26
2.700000000000000000e+01 8.867879287409999941e-28
2.800000000000000000e+01 8.804432740390000497e-28
2.900000000000000000e+01 8.259529866579999759e-26
3.000000000000000000e+01 1.928239216519999972e-27
3.100000000000000000e+01 1.578524716370000034e-27
3.200000000000000000e+01 8.745246604960000305e-28
3.300000000000000000e+01 1.093679453540000057e-27
3.400000000000000000e+01 1.360328399279999947e-26
3.500000000000000000e+01 3.420113786950000041e-27
3.600000000000000000e+01 9.840330222100000206e-28
3.700000000000000000e+01 9.176583812460000659e-28
3.800000000000000000e+01 1.175849838080000059e-27
3.900000000000000000e+01 1.642775981910000075e-27
4.000000000000000000e+01 1.565806392220000060e-27
4.100000000000000000e+01 1.299511252789999993e-26
4.200000000000000000e+01 1.431773847789999922e-27
4.300000000000000000e+01 1.121383696359999990e-27
4.400000000000000000e+01 1.153061574510000051e-27
4.500000000000000000e+01 6.742970947130000403e-26
4.600000000000000000e+01 1.608224078159999893e-26
4.700000000000000000e+01 2.292416246549999925e-27
4.800000000000000000e+01 9.591681844380000151e-28
4.900000000000000000e+01 6.361374545960000321e-27
5.000000000000000000e+01 2.992381300819999855e-27
5.100000000000000000e+01 1.251556324579999950e-27
5.200000000000000000e+01 2.122616532729999875e-27
5.300000000000000000e+01 1.319865100439999971e-27
5.400000000000000000e+01 6.279505542670000021e-24
5.500000000000000000e+01 9.733250832150000688e-28
5.600000000000000000e+01 1.240009717359999969e-26
5.700000000000000000e+01 9.150549514800000392e-27
5.800000000000000000e+01 1.672721509610000041e-27
5.900000000000000000e+01 2.730752864219999943e-26
6.000000000000000000e+01 9.521446277989999761e-28
6.100000000000000000e+01 9.427576350530000339e-28
6.200000000000000000e+01 2.716613209119999837e-27
6.300000000000000000e+01 6.625931880279999566e-27
6.400000000000000000e+01 1.989492648580000029e-27
6.500000000000000000e+01 3.148761390109999962e-27
6.600000000000000000e+01 1.401234533889999945e-27
6.700000000000000000e+01 1.047033848860000002e-26
6.800000000000000000e+01 1.177369093719999944e-27
6.900000000000000000e+01 4.112087494549999800e-27
7.000000000000000000e+01 7.124822566590000114e-26
7.100000000000000000e+01 1.039818885859999952e-27
7.200000000000000000e+01 2.300751802370000060e-27
7.300000000000000000e+01 4.799501751260000262e-27
7.400000000000000000e+01 7.920265798989999638e-27
7.500000000000000000e+01 1.016657193670000075e-27
7.600000000000000000e+01 9.963073793810000559e-26
7.700000000000000000e+01 1.273339839570000024e-27
7.800000000000000000e+01 1.174770647890000053e-27
7.900000000000000000e+01 5.961578078849999904e-27
8.000000000000000000e+01 3.030457162190000163e-27
8.100000000000000000e+01 1.712844507299999987e-25
8.200000000000000000e+01 2.662711742039999946e-27
8.300000000000000000e+01 1.818352151399999879e-27
8.400000000000000000e+01 3.234418108110000338e-27
8.500000000000000000e+01 3.580543682960000100e-27
8.600000000000000000e+01 1.155360718379999979e-27
8.700000000000000000e+01 1.272237882729999933e-27
8.800000000000000000e+01 1.379285696250000044e-27
8.900000000000000000e+01 4.680292269740000310e-27
9.000000000000000000e+01 3.821602232290000331e-27
9.100000000000000000e+01 1.571909606970000070e-27
9.200000000000000000e+01 1.369880614679999970e-27
9.300000000000000000e+01 8.311418058899999690e-27
9.400000000000000000e+01 2.207058522579999901e-25
9.500000000000000000e+01 5.104754756980000135e-27
9.600000000000000000e+01 1.457473958450000070e-27
9.700000000000000000e+01 2.432069486889999829e-27
9.800000000000000000e+01 2.535899373339999914e-26
9.900000000000000000e+01 2.278983281469999904e-26
1.000000000000000000e+02 7.948545039160000381e-25
1.010000000000000000e+02 2.500886872229999978e-27
1.020000000000000000e+02 1.201081811950000030e-27
1.030000000000000000e+02 1.685522064019999974e-27
1.040000000000000000e+02 1.458353017850000013e-24
1.050000000000000000e+02 2.414773544259999902e-27
1.060000000000000000e+02 1.145385469510000002e-27
1.070000000000000000e+02 1.710845804519999862e-27
1.080000000000000000e+02 1.509165474320000070e-27
1.090000000000000000e+02 1.502489815140000064e-27
1.100000000000000000e+02 3.413560692839999943e-27
1.110000000000000000e+02 1.960323246480000032e-27
1.120000000000000000e+02 1.752966068999999864e-27
1.130000000000000000e+02 4.652899014310000212e-26
1.140000000000000000e+02 3.121726601839999895e-27
1.150000000000000000e+02 2.418583504999999906e-25
1.160000000000000000e+02 1.354638956209999975e-27
1.170000000000000000e+02 5.464982371920000172e-27
1.180000000000000000e+02 1.228436740100000018e-26
1.190000000000000000e+02 4.925660933679999710e-25
1.200000000000000000e+02 1.141950406660000021e-27
1.210000000000000000e+02 1.137745079350000030e-27
1.220000000000000000e+02 4.528011609409999962e-27
1.230000000000000000e+02 1.971829810640000007e-27
1.240000000000000000e+02 8.904877646110000537e-27
1.250000000000000000e+02 1.212207131329999946e-25
1.260000000000000000e+02 6.052614073729999796e-27
1.270000000000000000e+02 6.819977365289999947e-27
1.280000000000000000e+02 1.105257317129999921e-27
1.290000000000000000e+02 1.346908109530000083e-27
1.300000000000000000e+02 1.092063521540000056e-27
1.310000000000000000e+02 1.333598708459999941e-27
1.320000000000000000e+02 1.492052627669999996e-27
1.330000000000000000e+02 1.257629198050000017e-27
1.340000000000000000e+02 1.439720965529999987e-27
1.350000000000000000e+02 1.062821506499999982e-25
1.360000000000000000e+02 1.427737394070000041e-26
1.370000000000000000e+02 1.068983417710000054e-26
1.380000000000000000e+02 2.575576516500000140e-26
1.390000000000000000e+02 1.436809622870000004e-27
1.400000000000000000e+02 1.886791271819999963e-27
1.410000000000000000e+02 1.053225036710000009e-27
1.420000000000000000e+02 1.168905608629999990e-27
1.430000000000000000e+02 1.160895455599999991e-27
1.440000000000000000e+02 1.292712153979999974e-27
1.450000000000000000e+02 1.091921281389999930e-26
1.460000000000000000e+02 8.026330123310000589e-27
1.470000000000000000e+02 4.738211803360000130e-27
1.480000000000000000e+02 1.504050307039999933e-27
1.490000000000000000e+02 6.123345197699999986e-27
1.500000000000000000e+02 1.319950640790000010e-27
1.510000000000000000e+02 1.220983395289999975e-26
1.520000000000000000e+02 2.782656742600000085e-27
1.530000000000000000e+02 1.167268814999999954e-26
1.540000000000000000e+02 1.804286945449999827e-27
1.550000000000000000e+02 1.359870892459999894e-26
1.560000000000000000e+02 1.821151103970000020e-26
1.570000000000000000e+02 3.288198343080000150e-27
1.580000000000000000e+02 8.697420572489999685e-27
1.590000000000000000e+02 1.325295735909999944e-27
1.600000000000000000e+02 1.260771852219999939e-27
1.610000000000000000e+02 2.181654710830000109e-27
1.620000000000000000e+02 1.075744129159999977e-27
1.630000000000000000e+02 1.862109070060000146e-27
1.640000000000000000e+02 1.262157282009999948e-27
1.650000000000000000e+02 2.657926303250000067e-27
1.660000000000000000e+02 7.412659239510000497e-27
1.670000000000000000e+02 3.478310128859999728e-27
1.680000000000000000e+02 1.859553694790000164e-27
1.690000000000000000e+02 1.303618836090000049e-27
1.700000000000000000e+02 1.690284981870000005e-27
1.710000000000000000e+02 1.218430067319999914e-27
1.720000000000000000e+02 1.145126836100000052e-27
1.730000000000000000e+02 3.870309722620000247e-26
1.740000000000000000e+02 1.397467239239999909e-26
1.750000000000000000e+02 1.929361857860000107e-27
1.760000000000000000e+02 9.533999781149999824e-25
1.770000000000000000e+02 3.084156710620000111e-27
1.780000000000000000e+02 1.493987662919999937e-25
1.790000000000000000e+02 1.854454915250000038e-27
1.800000000000000000e+02 1.096976783950000034e-27
1.810000000000000000e+02 1.270012161539999949e-27
1.820000000000000000e+02 1.117623618750000080e-27
1.830000000000000000e+02 1.149847154040000009e-26
1.840000000000000000e+02 1.232436238929999940e-27
1.850000000000000000e+02 1.029769393859999948e-26
1.860000000000000000e+02 9.897068626350000699e-27
1.870000000000000000e+02 7.213268018539999690e-27
1.880000000000000000e+02 1.321410207979999950e-27
1.890000000000000000e+02 1.710016111739999886e-27
1.900000000000000000e+02 1.101966694679999965e-25
1.910000000000000000e+02 6.747534903419999420e-27
1.920000000000000000e+02 5.011967434200000319e-27
1.930000000000000000e+02 1.552870035899999938e-27
1.940000000000000000e+02 9.560856056940000222e-27
1.950000000000000000e+02 4.330123271109999846e-26
1.960000000000000000e+02 1.972565441590000051e-26
1.970000000000000000e+02 8.583017704519999982e-25
1.980000000000000000e+02 3.123462861539999840e-27
1.990000000000000000e+02 1.432888714899999912e-27
2.000000000000000000e+02 1.676113915340000163e-27
2.010000000000000000e+02 4.438716084229999753e-27
2.020000000000000000e+02 1.479228721149999976e-27
2.030000000000000000e+02 1.701724716579999978e-27
2.040000000000000000e+02 4.238994450170000254e-27
2.050000000000000000e+02 3.532619533459999955e-27
2.060000000000000000e+02 1.382603754979999949e-27
2.070000000000000000e+02 2.234146762659999880e-27
2.080000000000000000e+02 1.697576506309999884e-27
2.090000000000000000e+02 1.594989629019999990e-25
2.100000000000000000e+02 1.008651904480000039e-26
2.110000000000000000e+02 2.706364417620000127e-27
2.120000000000000000e+02 1.620290558609999878e-27
2.130000000000000000e+02 1.600267605069999911e-27
2.140000000000000000e+02 2.023200365920000010e-26
2.150000000000000000e+02 1.492329347469999945e-26
2.160000000000000000e+02 5.007495679469999876e-27
2.170000000000000000e+02 1.128833645540000073e-27
2.180000000000000000e+02 1.567238997810000103e-26
2.190000000000000000e+02 1.101730326210000061e-27
2.200000000000000000e+02 1.206209342669999929e-27
2.210000000000000000e+02 1.190215153310000000e-27
2.220000000000000000e+02 2.026439499909999927e-27
2.230000000000000000e+02 1.648043542939999917e-27
2.240000000000000000e+02 1.155855817230000000e-27
2.250000000000000000e+02 1.118027702169999953e-27
2.260000000000000000e+02 2.305266870540000152e-27
2.270000000000000000e+02 1.316466812670000008e-27
2.280000000000000000e+02 2.645427229230000150e-27
2.290000000000000000e+02 1.347476384490000030e-27
2.300000000000000000e+02 3.569666425069999958e-27
2.310000000000000000e+02 1.762125015699999914e-27
2.320000000000000000e+02 1.644625298010000058e-27
2.330000000000000000e+02 2.380004340580000138e-27
2.340000000000000000e+02 2.937597458119999942e-27
2.350000000000000000e+02 3.479800799939999977e-27
2.360000000000000000e+02 1.634037553539999953e-27
2.370000000000000000e+02 1.319912275899999994e-27
2.380000000000000000e+02 1.472644404360000024e-27
2.390000000000000000e+02 1.013301350320000031e-26
2.400000000000000000e+02 1.151705265900000017e-27
2.410000000000000000e+02 1.379271104059999979e-27
2.420000000000000000e+02 1.510492264000000071e-27
2.430000000000000000e+02 1.382407486640000065e-27
2.440000000000000000e+02 1.375770752600000008e-27
2.450000000000000000e+02 1.597002472869999989e-27
2.460000000000000000e+02 1.268917026490000043e-26
2.470000000000000000e+02 1.142007339750000065e-27
2.480000000000000000e+02 9.914385488329999690e-27
2.490000000000000000e+02 1.302497845519999941e-27
2.500000000000000000e+02 1.283137078980000002e-27
2.510000000000000000e+02 2.666686425030000133e-27
2.520000000000000000e+02 1.219857724669999938e-27
2.530000000000000000e+02 8.306907643879999932e-27
2.540000000000000000e+02 1.449624213590000045e-27
2.550000000000000000e+02 1.834190284180000082e-27
2.560000000000000000e+02 1.235703548629999961e-27
2.570000000000000000e+02 1.386416004340000064e-27
2.580000000000000000e+02 3.165318673530000155e-27
2.590000000000000000e+02 6.975397206659999830e-27
2.600000000000000000e+02 1.196756269139999948e-27
2.610000000000000000e+02 1.206620525359999911e-27
2.620000000000000000e+02 1.168125559870000069e-27
2.630000000000000000e+02 1.189644506099999928e-27
2.640000000000000000e+02 1.671372741939999944e-27
2.650000000000000000e+02 1.294767555900000036e-27
2.660000000000000000e+02 1.286703229609999936e-27
2.670000000000000000e+02 1.891176968700000019e-27
2.680000000000000000e+02 1.214612665560000019e-27
2.690000000000000000e+02 2.956327276870000223e-26
2.700000000000000000e+02 2.113645556020000169e-27
2.710000000000000000e+02 1.674475933960000054e-27
2.720000000000000000e+02 7.392921260219999546e-26
2.730000000000000000e+02 1.813684124110000121e-27
2.740000000000000000e+02 1.247855835399999929e-27
2.750000000000000000e+02 1.309356452719999961e-27
2.760000000000000000e+02 2.068262259270000031e-27
2.770000000000000000e+02 1.205569058000000075e-27
2.780000000000000000e+02 8.173262974879999412e-27
2.790000000000000000e+02 1.485163706229999937e-27
2.800000000000000000e+02 1.520193447220000033e-27
2.810000000000000000e+02 1.224142684079999933e-27
2.820000000000000000e+02 1.721283589499999949e-27
2.830000000000000000e+02 1.282437122440000051e-27
2.840000000000000000e+02 1.681318853769999893e-27
2.850000000000000000e+02 1.396945980250000081e-27
2.860000000000000000e+02 1.768726196410000027e-27
2.870000000000000000e+02 1.242149619499999933e-27
2.880000000000000000e+02 1.385029117140000045e-27
2.890000000000000000e+02 1.265260797419999980e-27
2.900000000000000000e+02 3.851057977820000000e-27
2.910000000000000000e+02 1.220740237949999960e-27
2.920000000000000000e+02 1.220883177070000041e-27
2.930000000000000000e+02 1.227377690310000061e-27
2.940000000000000000e+02 1.288651913729999987e-27
2.950000000000000000e+02 1.239714712210000055e-27
2.960000000000000000e+02 1.439975574280000060e-27
2.970000000000000000e+02 2.440890497239999855e-27
2.980000000000000000e+02 1.310061754549999989e-27
2.990000000000000000e+02 1.679912805819999997e-27
3.000000000000000000e+02 1.588650542479999921e-27
3.010000000000000000e+02 1.237209884519999967e-27
3.020000000000000000e+02 1.612873149680000042e-27
3.030000000000000000e+02 1.249270870130000037e-27
3.040000000000000000e+02 1.260958419290000010e-27
3.050000000000000000e+02 1.633792452779999873e-27
3.060000000000000000e+02 1.281987581050000019e-27
3.070000000000000000e+02 1.397005516590000032e-27
3.080000000000000000e+02 1.380731940799999973e-27
3.090000000000000000e+02 1.443179530030000011e-27
3.100000000000000000e+02 1.277499750430000006e-27
3.110000000000000000e+02 1.262147045289999980e-27
3.120000000000000000e+02 1.267521076830000019e-27
3.130000000000000000e+02 1.468072762780000022e-27
3.140000000000000000e+02 1.263366887500000048e-27
3.150000000000000000e+02 1.287898787020000061e-27
3.160000000000000000e+02 1.392545462470000064e-27
3.170000000000000000e+02 1.952778254490000055e-27
3.180000000000000000e+02 1.315974225569999969e-27
3.190000000000000000e+02 1.271336448420000079e-27
3.200000000000000000e+02 1.311836291829999918e-27
3.210000000000000000e+02 2.435823457209999898e-27
3.220000000000000000e+02 1.467937792400000060e-27
3.230000000000000000e+02 1.284876043629999912e-27
3.240000000000000000e+02 2.482550843989999884e-27
3.250000000000000000e+02 1.284111643360000003e-27
3.260000000000000000e+02 1.679635361969999878e-27
3.270000000000000000e+02 1.400205832330000078e-27
3.280000000000000000e+02 1.297515390190000067e-27
3.290000000000000000e+02 1.309048206940000065e-27
3.300000000000000000e+02 1.972807825509999826e-27
3.310000000000000000e+02 1.293963256699999947e-27
3.320000000000000000e+02 1.307212348099999975e-27
3.330000000000000000e+02 1.297263313520000071e-27
3.340000000000000000e+02 1.330914733110000078e-27
3.350000000000000000e+02 1.306461800259999954e-27
3.360000000000000000e+02 1.307156717309999929e-27
3.370000000000000000e+02 1.431687763520000079e-27
3.380000000000000000e+02 1.758499422610000062e-27
3.390000000000000000e+02 1.621396227359999884e-27
3.400000000000000000e+02 1.597690951950000044e-27
3.410000000000000000e+02 2.676377298710000008e-27
3.420000000000000000e+02 1.327857756489999960e-27
3.430000000000000000e+02 1.597183778240000019e-27
3.440000000000000000e+02 1.336181868380000087e-27
3.450000000000000000e+02 1.325689098020000017e-27
3.460000000000000000e+02 1.378886769169999947e-27
3.470000000000000000e+02 1.328657873149999989e-27
3.480000000000000000e+02 1.377232536700000035e-27
3.490000000000000000e+02 1.337713351869999978e-27
3.500000000000000000e+02 1.365169201589999963e-27
3.510000000000000000e+02 1.434169523429999976e-27
3.520000000000000000e+02 1.409676894720000057e-27
3.530000000000000000e+02 1.344916870440000082e-27
3.540000000000000000e+02 1.350815253590000063e-27
3.550000000000000000e+02 1.361360937970000045e-27
3.560000000000000000e+02 1.420357888719999949e-27
3.570000000000000000e+02 1.373679301139999957e-27
3.580000000000000000e+02 9.909447957980000485e-27
3.590000000000000000e+02 1.362901052489999987e-27
3.600000000000000000e+02 1.374056409189999924e-27
3.610000000000000000e+02 1.364350939069999943e-27
3.620000000000000000e+02 1.402421819310000016e-27
3.630000000000000000e+02 1.401237675719999985e-27
3.640000000000000000e+02 1.377252959459999912e-27
3.650000000000000000e+02 1.393922253280000038e-27
3.660000000000000000e+02 1.380919200729999943e-27
3.670000000000000000e+02 1.383443412560000001e-27
3.680000000000000000e+02 1.397010482339999960e-27
3.690000000000000000e+02 1.386860083039999942e-27
3.700000000000000000e+02 1.476628996740000082e-27
3.710000000000000000e+02 1.407643632469999925e-27
3.720000000000000000e+02 1.391062021169999931e-27
3.735000000000000000e+02 1.433359036075000068e-27
3.760000000000000000e+02 1.566870353489999923e-27
3.795000000000000000e+02 1.431113438017500194e-27
3.835000000000000000e+02 1.494186010357500087e-27
3.875000000000000000e+02 1.848385194230000100e-27
3.915000000000000000e+02 1.460948356499999996e-27
3.955000000000000000e+02 1.732288212147500085e-27
3.995000000000000000e+02 1.462806808634999985e-27
4.035000000000000000e+02 1.938914086792499987e-27
4.075000000000000000e+02 1.500430355279999955e-27
4.115000000000000000e+02 1.522156167734999862e-27
4.155000000000000000e+02 1.597922185902499881e-27
4.195000000000000000e+02 5.080167463545000124e-27
4.235000000000000000e+02 1.904445170675000209e-27
4.280000000000000000e+02 1.552831430651999852e-27
4.325000000000000000e+02 1.567088911157499983e-27
4.365000000000000000e+02 1.579032502742500005e-27
4.410000000000000000e+02 1.592396013056000023e-27
4.455000000000000000e+02 1.632071914362500169e-27
4.495000000000000000e+02 1.620932129557500175e-27
4.540000000000000000e+02 1.635656649421999944e-27
4.590000000000000000e+02 1.685351749630000026e-27
4.635000000000000000e+02 1.658930201452500056e-27
4.680000000000000000e+02 1.693115254698000333e-27
4.725000000000000000e+02 1.706107066077499968e-27
4.770000000000000000e+02 1.717741031874000377e-27
4.820000000000000000e+02 1.725282357357999766e-27
4.870000000000000000e+02 1.748126162790000046e-27
4.920000000000000000e+02 1.763152055365999824e-27
4.970000000000000000e+02 1.780731770966000098e-27
5.020000000000000000e+02 1.808637720404000240e-27
5.070000000000000000e+02 1.837637887812000049e-27
5.120000000000000000e+02 1.875385393690000274e-27
5.170000000000000000e+02 1.861396320280000180e-27
5.220000000000000000e+02 1.879432901553999873e-27
5.270000000000000000e+02 1.973856410326000179e-27
5.325000000000000000e+02 1.935046777538333067e-27
5.380000000000000000e+02 1.952958690955999816e-27
5.430000000000000000e+02 1.970866146870000071e-27
5.485000000000000000e+02 1.995859998809999878e-27
5.540000000000000000e+02 2.050989189278000094e-27
5.595000000000000000e+02 2.369403759009999857e-27
5.655000000000000000e+02 2.084272967154999935e-27
5.710000000000000000e+02 2.104313240991999728e-27
5.765000000000000000e+02 2.131800267999999658e-27
5.825000000000000000e+02 2.173010671408333189e-27
5.885000000000000000e+02 2.195318113309999956e-27
5.945000000000000000e+02 2.228990655941666527e-27
6.005000000000000000e+02 2.261652782378333270e-27
6.065000000000000000e+02 2.296505826564999654e-27
6.125000000000000000e+02 2.332231861668333466e-27
6.185000000000000000e+02 2.367952970911666544e-27
6.245000000000000000e+02 2.430647606429999718e-27
6.305000000000000000e+02 2.444040651884999465e-27
6.370000000000000000e+02 2.500510832307142487e-27
6.435000000000000000e+02 2.545686876351666553e-27
6.500000000000000000e+02 2.584739457775714344e-27
6.565000000000000000e+02 2.621140354251667383e-27
6.630000000000000000e+02 2.675390933271428325e-27
6.695000000000000000e+02 2.717852742653333303e-27
6.760000000000000000e+02 2.771689502608571503e-27
6.830000000000000000e+02 2.890967663304285678e-27
6.900000000000000000e+02 2.882942515965714052e-27
6.970000000000000000e+02 2.943170465701428245e-27
7.040000000000000000e+02 3.145967852535714383e-27
7.110000000000000000e+02 3.070008926292856620e-27
7.180000000000000000e+02 3.139739632702857156e-27
7.250000000000000000e+02 3.418509663145714386e-27
7.320000000000000000e+02 3.278241232647142742e-27
7.395000000000000000e+02 3.444233914741249705e-27
7.470000000000000000e+02 3.458139743195714129e-27
7.545000000000000000e+02 4.880822173574999240e-27
7.620000000000000000e+02 3.665203581514285062e-27
7.695000000000000000e+02 4.196616198487499275e-27
7.775000000000000000e+02 3.839726487825000092e-27
7.855000000000000000e+02 5.879856678952501253e-27
7.930000000000000000e+02 4.525533107727142393e-27
8.005000000000000000e+02 8.669007127823749605e-27
8.085000000000000000e+02 5.461447374526250198e-27
8.170000000000000000e+02 4.503901970095556149e-27
8.255000000000000000e+02 5.597935440293750399e-27
8.335000000000000000e+02 4.763036037285000814e-27
8.415000000000000000e+02 4.940771373498749590e-27
8.500000000000000000e+02 1.190569324706999935e-26
8.585000000000000000e+02 5.243593126339999723e-27
8.670000000000000000e+02 5.390761576684444263e-27
8.760000000000000000e+02 5.674754958749999153e-27
8.850000000000000000e+02 5.856703995425555973e-27
8.935000000000000000e+02 6.076986620026249863e-27
9.020000000000000000e+02 6.713628399084443968e-27
9.115000000000000000e+02 6.610386447953999173e-27
9.210000000000000000e+02 6.940161361472221318e-27
9.300000000000000000e+02 1.056643783116889059e-26
9.390000000000000000e+02 7.683257392278888358e-27
9.485000000000000000e+02 8.839172596252999638e-27
9.580000000000000000e+02 9.147223234578887442e-27
9.675000000000000000e+02 8.957521716822001406e-27
9.775000000000000000e+02 2.012193612857600199e-26
9.870000000000000000e+02 8.483141286069999001e-26
9.965000000000000000e+02 1.346207472301000296e-26
1.006500000000000000e+03 2.974370646301000174e-26
1.016500000000000000e+03 2.237046453124000192e-26
1.027000000000000000e+03 4.074496861767546094e-25
1.037500000000000000e+03 3.058189466835499816e-25
1.047500000000000000e+03 4.385771029914099756e-25
1.058000000000000000e+03 2.802916980530999765e-25
1.069000000000000000e+03 1.259696276661727408e-25
1.079500000000000000e+03 3.119738004339899793e-25
1.090000000000000000e+03 4.313572446644817929e-25
1.101000000000000000e+03 1.498036234505536351e-24
1.112000000000000000e+03 8.843022686787545066e-25
1.123000000000000000e+03 2.627672846253318359e-23
1.134500000000000000e+03 3.122863609781615632e-24
1.146000000000000000e+03 4.925588030945964232e-23
1.157500000000000000e+03 3.572573147347325001e-23
1.169000000000000000e+03 3.639325011153436661e-23
1.180500000000000000e+03 4.486838347719666985e-23
1.192500000000000000e+03 2.081901289883653204e-21
1.204500000000000000e+03 6.774600925832565090e-21
1.216500000000000000e+03 4.159197511700820637e-21
1.228500000000000000e+03 3.996018664154919128e-20
1.240500000000000000e+03 1.955342707541537802e-20
1.253000000000000000e+03 4.153528218591778435e-19
1.266000000000000000e+03 1.405023919785669217e-21
1.278500000000000000e+03 3.140666156814707910e-21
1.291000000000000000e+03 8.686255779767307686e-22
1.304000000000000000e+03 2.393243695535225916e-19
1.317000000000000000e+03 3.441578310239691936e-22
1.330000000000000000e+03 7.023505339747385982e-22
1.343500000000000000e+03 5.970030633206799255e-21
1.357000000000000000e+03 1.186960202091710969e-19
1.370500000000000000e+03 6.496149923357350792e-22
1.384500000000000000e+03 4.082923536863092669e-22
1.398500000000000000e+03 2.093972828516499973e-23
1.412500000000000000e+03 1.920095270641500159e-23
1.426500000000000000e+03 2.373068942669378684e-23
1.440500000000000000e+03 2.023292469766671488e-23
1.455000000000000000e+03 4.312874217926727489e-23
1.469500000000000000e+03 5.855955481620078299e-23
1.484000000000000000e+03 2.152749029003360453e-23
1.499000000000000000e+03 1.045379240031506067e-23
1.514000000000000000e+03 6.143985487107207154e-24
1.529000000000000000e+03 2.536792461176326865e-23
1.544500000000000000e+03 6.823249986188045025e-22
1.560000000000000000e+03 1.168189848412749769e-22
1.575500000000000000e+03 8.615524632344122067e-23
1.591500000000000000e+03 4.226569787092655617e-23
1.607500000000000000e+03 6.744988054236513288e-23
1.623500000000000000e+03 4.209852867312849144e-23
1.639500000000000000e+03 1.218314131710088531e-21
1.656000000000000000e+03 2.354262254429652804e-23
1.672500000000000000e+03 1.541860465218935360e-22
1.689000000000000000e+03 4.422230239332382355e-24
1.706000000000000000e+03 4.679249745678119210e-24
1.723000000000000000e+03 2.842859436639039939e-23
1.740500000000000000e+03 6.800129005260408183e-24
1.758000000000000000e+03 3.163952698073299554e-24
1.775500000000000000e+03 9.720378338209978559e-24
1.793500000000000000e+03 5.967337640091692976e-24
1.811500000000000000e+03 8.145020083875054795e-25
1.829500000000000000e+03 1.377000700291386216e-23
1.847500000000000000e+03 3.007638404519445798e-24
1.866000000000000000e+03 5.780248766476526057e-26
1.884500000000000000e+03 3.354886023230332800e-26
1.903000000000000000e+03 1.286236290204473824e-26
1.922000000000000000e+03 3.507365740289221351e-25
1.941500000000000000e+03 4.513329616686999953e-27
1.961000000000000000e+03 5.223051805938420006e-27
1.980500000000000000e+03 4.300627126252999024e-27
2.000500000000000000e+03 7.426489904279497548e-27
2.020500000000000000e+03 1.701966547547950095e-26
2.040500000000000000e+03 4.755551558754500518e-27
2.061000000000000000e+03 2.381644170526789881e-25
2.082000000000000000e+03 5.974349861089524283e-27
2.102500000000000000e+03 8.966343102051300109e-26
2.123500000000000000e+03 5.295563910830046122e-26
2.145000000000000000e+03 6.384294727076739480e-24
2.166500000000000000e+03 1.235303940244823057e-25
2.188000000000000000e+03 7.547615830587589937e-24
2.209500000000000000e+03 2.054695008985108078e-24
2.231500000000000000e+03 9.398656797760728283e-26
2.254000000000000000e+03 3.018478723876947548e-25
2.277000000000000000e+03 5.396145336022866244e-24
2.299500000000000000e+03 3.509413085684716337e-24
2.322500000000000000e+03 2.684252073869662466e-24
2.346000000000000000e+03 1.484874272942944077e-24
2.369000000000000000e+03 1.108445879071356816e-24
2.392500000000000000e+03 8.552460251990004007e-25
2.416500000000000000e+03 5.519382785522325151e-24
2.441000000000000000e+03 4.402076952403820025e-24
2.465500000000000000e+03 6.215679719633279703e-23
2.490000000000000000e+03 1.304713128310121560e-23
2.515000000000000000e+03 1.493550926613969484e-23
2.540000000000000000e+03 7.035516146088687331e-23
2.565500000000000000e+03 2.479663848275373123e-23
2.591500000000000000e+03 4.885162011727000638e-22
2.617500000000000000e+03 1.670431395111381228e-22
2.643500000000000000e+03 1.350489717461722582e-22
2.669500000000000000e+03 2.763916170388392353e-23
2.696000000000000000e+03 4.597700771650958710e-22
2.723000000000000000e+03 1.098642728536465547e-22
2.750500000000000000e+03 4.586408207324110450e-22
2.778000000000000000e+03 4.150546025774158983e-22
2.805500000000000000e+03 3.135940626776721476e-22
2.834000000000000000e+03 4.758163079105838629e-21
2.862500000000000000e+03 2.029017971785964821e-21
2.891000000000000000e+03 2.690015456219417475e-20
2.920000000000000000e+03 7.907338301411700748e-21
2.949000000000000000e+03 5.304406989279604179e-21
2.978500000000000000e+03 1.719527873241370062e-20
3.008500000000000000e+03 1.337463004035007658e-19
3.038500000000000000e+03 2.103116937829202936e-22
3.068500000000000000e+03 1.884332237760796421e-21
3.099000000000000000e+03 2.349737569666268340e-21
3.130000000000000000e+03 8.014241818937131539e-21
3.161500000000000000e+03 1.171472194950164798e-20
3.193500000000000000e+03 5.832478623549352946e-22
3.225500000000000000e+03 1.914744001554454342e-23
3.257500000000000000e+03 7.022330799311128464e-24
3.290000000000000000e+03 3.329991250374663771e-24
3.323000000000000000e+03 6.932337647788182384e-26
3.356000000000000000e+03 1.677521304100787804e-25
3.389500000000000000e+03 2.349853063808882176e-25
3.423500000000000000e+03 7.385775209138234285e-26
3.458000000000000000e+03 3.586511945156570573e-26
3.492500000000000000e+03 3.709209689936117557e-25
3.527000000000000000e+03 9.277386948550686606e-26
3.562500000000000000e+03 8.626101009803415850e-25
3.598500000000000000e+03 2.723209684507222749e-25
3.634500000000000000e+03 1.540479031914277272e-25
3.670500000000000000e+03 2.502160003706405288e-24
3.707000000000000000e+03 3.994085750533002274e-25
3.744500000000000000e+03 1.100735369547201897e-23
3.782000000000000000e+03 1.419396723474480845e-22
3.819500000000000000e+03 1.029918555430655340e-22
3.858000000000000000e+03 4.624468724290021889e-22
3.896500000000000000e+03 7.917640701161123519e-22
3.935000000000000000e+03 2.119106393989340352e-23
3.974500000000000000e+03 2.152880032874665537e-23
4.014500000000000000e+03 2.125361088394108042e-23
4.054500000000000000e+03 1.329819985300521938e-22
4.095000000000000000e+03 9.990138853498975831e-23
4.136000000000000000e+03 4.062866970863787913e-22
4.177500000000000000e+03 1.681690820007994702e-21
4.219500000000000000e+03 2.858983553359076995e-21
4.261500000000000000e+03 7.934595689634861059e-22
4.304000000000000000e+03 3.447269211891764796e-21
4.347000000000000000e+03 9.350045750494417384e-21
4.390500000000000000e+03 1.124038304813086255e-21
4.434500000000000000e+03 2.284157610466870987e-21
4.479000000000000000e+03 5.953917221787322774e-22
4.524000000000000000e+03 5.070789013250275560e-22
4.569000000000000000e+03 5.856753808901855074e-22
4.614500000000000000e+03 3.566048729624839162e-23
4.660500000000000000e+03 1.777965063981199031e-23
4.707000000000000000e+03 1.649026311798364075e-23
4.754500000000000000e+03 3.652433641317801841e-25
4.802000000000000000e+03 2.329122001618665258e-25
4.850000000000000000e+03 1.221757727634350980e-25
4.898500000000000000e+03 2.285975331649897155e-26
4.947500000000000000e+03 5.674178161357300602e-26
4.997000000000000000e+03 1.982845141670110269e-25
5.047000000000000000e+03 2.656281454691237368e-25
5.097500000000000000e+03 3.202572222501869582e-25
5.148000000000000000e+03 1.568883466187716171e-24
5.199500000000000000e+03 3.551129200957554997e-24
5.251500000000000000e+03 1.742500076401266286e-24
5.304000000000000000e+03 1.815326019321399232e-24
5.357500000000000000e+03 1.190174099297905710e-23
5.411000000000000000e+03 1.765697153106878529e-23
5.465000000000000000e+03 1.633306781003013429e-23
5.520000000000000000e+03 2.525508413013626344e-23
5.575000000000000000e+03 1.368056721682368298e-22
5.630500000000000000e+03 7.545656679536155957e-23
5.687000000000000000e+03 4.540372773142656692e-23
5.744000000000000000e+03 1.638744658879567482e-22
5.801500000000000000e+03 5.920055126994308978e-23
5.859500000000000000e+03 2.412616445976224573e-22
5.918000000000000000e+03 2.398964382794979824e-22
5.977000000000000000e+03 8.741700978545779045e-23
6.036500000000000000e+03 9.289868741767751066e-23
6.097000000000000000e+03 1.240489736503639592e-22
6.158000000000000000e+03 5.871907938374670069e-23
6.219500000000000000e+03 5.041547629490252141e-24
6.282000000000000000e+03 3.647324366931208707e-25
6.345000000000000000e+03 4.805331455832999645e-26
6.408500000000000000e+03 4.558838460770381025e-26
6.472500000000000000e+03 9.510325731470731720e-26
6.537000000000000000e+03 2.286309821801437496e-25
6.602500000000000000e+03 5.199432003054356276e-25
6.668500000000000000e+03 1.381277230463619168e-24
6.735000000000000000e+03 6.172093988758051734e-24
6.802500000000000000e+03 6.111618684046008660e-24
6.870500000000000000e+03 4.234783544446087898e-24
6.939000000000000000e+03 1.423264859924170290e-23
7.008500000000000000e+03 2.394772814163146803e-23
7.078500000000000000e+03 6.373713980138350280e-23
7.149500000000000000e+03 7.274698865000735316e-23
7.221000000000000000e+03 9.593182786948001250e-23
7.293000000000000000e+03 7.387550085313628552e-23
7.366000000000000000e+03 6.494466074152507781e-23
7.439500000000000000e+03 5.115750024601994312e-23
7.514000000000000000e+03 1.028455361776449090e-22
7.589500000000000000e+03 4.630558200501482483e-24
7.665500000000000000e+03 3.502705225094859256e-24
7.742000000000000000e+03 2.344648357030544986e-25
7.819500000000000000e+03 3.717118002667056811e-26
7.897500000000000000e+03 3.846867046107984796e-26
7.976500000000000000e+03 3.836885776560625031e-28
8.056500000000000000e+03 1.937802906619564689e-25
8.137000000000000000e+03 5.758759638645874789e-25
8.218000000000000000e+03 8.449060550989619628e-25
8.300000000000000000e+03 3.564752668169359840e-24
8.383500000000000000e+03 1.305977994108458541e-23
8.467500000000000000e+03 2.343843059158395456e-23
8.552000000000000000e+03 4.126639492923224138e-23
8.637500000000000000e+03 9.073008543310298522e-23
8.724000000000000000e+03 2.677724625665885953e-23
8.811000000000000000e+03 2.356148526043283409e-23
8.899000000000000000e+03 2.175534358438923722e-23
8.988000000000000000e+03 4.076455437639722250e-24
9.078000000000000000e+03 2.388743956837973675e-25
9.169000000000000000e+03 7.623193834360923866e-25
9.260500000000000000e+03 9.728867601542717636e-29
9.353000000000000000e+03 8.925631434393870223e-29
9.446500000000000000e+03 8.388172317454149976e-29
9.541000000000000000e+03 7.967932980922528604e-29
9.636500000000000000e+03 7.616848787135104182e-29
9.733000000000000000e+03 7.311469903586702999e-29
9.830000000000000000e+03 7.040012262478142708e-29
9.928000000000000000e+03 6.793066496010506622e-29
9.989000000000000000e+03 6.649796170043913223e-29
