1.000000000000000000e+01 1.148452313030000040e-26
1.100000000000000000e+01 1.127988482690000017e-26
1.200000000000000000e+01 1.127187518070000031e-26
1.300000000000000000e+01 1.129623198700000060e-26
1.400000000000000000e+01 1.130870100140000019e-26
1.500000000000000000e+01 1.148478451789999935e-26
1.600000000000000000e+01 1.133709223260000033e-26
1.700000000000000000e+01 1.134884601409999966e-26
1.800000000000000000e+01 1.136803301760000041e-26
1.900000000000000000e+01 1.160200035410000052e-26
2.000000000000000000e+01 1.140299606730000047e-26
2.100000000000000000e+01 1.147443693049999998e-26
2.200000000000000000e+01 1.284036426029999993e-26
2.300000000000000000e+01 1.431148447309999901e-26
2.400000000000000000e+01 1.266441277680000017e-26
2.500000000000000000e+01 1.181460398509999969e-26
2.600000000000000000e+01 2.837334029660000248e-26
2.700000000000000000e+01 1.155914817589999929e-26
2.800000000000000000e+01 1.157389292979999944e-26
2.900000000000000000e+01 1.428070679740000061e-26
3.000000000000000000e+01 1.217947899550000063e-26
3.100000000000000000e+01 1.996618476129999933e-26
3.200000000000000000e+01 1.160493668959999962e-26
3.300000000000000000e+01 1.181496302230000069e-26
3.400000000000000000e+01 1.713302048519999914e-26
3.500000000000000000e+01 1.523587053219999929e-26
3.600000000000000000e+01 1.176056571599999946e-26
3.700000000000000000e+01 1.172938352010000046e-26
3.800000000000000000e+01 1.193839572830000041e-26
3.900000000000000000e+01 1.250811244570000015e-26
4.000000000000000000e+01 1.227812646569999979e-26
4.100000000000000000e+01 1.443857673939999882e-26
4.200000000000000000e+01 2.038669759830000002e-26
4.300000000000000000e+01 1.209398383299999984e-26
4.400000000000000000e+01 1.197711466200000021e-26
4.500000000000000000e+01 2.620012138729999947e-26
4.600000000000000000e+01 1.188576714070000061e-26
4.700000000000000000e+01 1.261631641589999940e-26
4.800000000000000000e+01 1.195128058949999963e-26
4.900000000000000000e+01 1.418890531980000099e-26
5.000000000000000000e+01 1.248989193949999941e-26
5.100000000000000000e+01 1.234255189379999966e-26
5.200000000000000000e+01 1.336025793950000011e-26
5.300000000000000000e+01 1.261663203719999936e-26
5.400000000000000000e+01 7.901689905130000494e-26
5.500000000000000000e+01 1.204339093920000018e-26
5.600000000000000000e+01 1.369245116239999993e-26
5.700000000000000000e+01 1.441581031029999993e-26
5.800000000000000000e+01 1.236666134319999988e-26
5.900000000000000000e+01 1.911768006599999881e-26
6.000000000000000000e+01 1.214628806460000030e-26
6.100000000000000000e+01 1.223597864989999993e-26
6.200000000000000000e+01 1.872678060950000084e-26
6.300000000000000000e+01 2.260497830570000073e-26
6.400000000000000000e+01 1.334525588309999946e-26
6.500000000000000000e+01 1.301499120719999863e-26
6.600000000000000000e+01 1.267717777489999929e-26
6.700000000000000000e+01 1.391878552490000080e-26
6.800000000000000000e+01 1.245685325929999953e-26
6.900000000000000000e+01 1.428410010180000003e-26
7.000000000000000000e+01 1.357118058019999918e-26
7.100000000000000000e+01 1.264019989370000000e-26
7.200000000000000000e+01 1.445318190579999896e-26
7.300000000000000000e+01 5.175726788159999836e-26
7.400000000000000000e+01 2.013152903720000042e-26
7.500000000000000000e+01 1.283630190609999979e-26
7.600000000000000000e+01 1.767026743390000053e-26
7.700000000000000000e+01 1.274139759049999938e-26
7.800000000000000000e+01 1.270533807840000045e-26
7.900000000000000000e+01 1.720751672989999881e-26
8.000000000000000000e+01 1.320155192500000112e-26
8.100000000000000000e+01 2.390756054849999901e-26
8.200000000000000000e+01 1.527509748690000094e-26
8.300000000000000000e+01 1.959487029520000044e-26
8.400000000000000000e+01 2.812300883470000071e-26
8.500000000000000000e+01 1.681980445749999957e-26
8.600000000000000000e+01 1.297859851669999926e-26
8.700000000000000000e+01 1.279049698459999930e-26
8.800000000000000000e+01 1.287164751539999968e-26
8.900000000000000000e+01 1.295103921890000076e-26
9.000000000000000000e+01 1.417766774910000124e-26
9.100000000000000000e+01 1.304014096319999860e-26
9.200000000000000000e+01 1.357692793960000044e-26
9.300000000000000000e+01 1.800084254969999933e-26
9.400000000000000000e+01 2.524533536730000104e-24
9.500000000000000000e+01 1.659920074630000084e-26
9.600000000000000000e+01 1.350480452460000051e-26
9.700000000000000000e+01 1.374523215110000100e-26
9.800000000000000000e+01 3.327592968609999782e-26
9.900000000000000000e+01 2.337590469110000133e-26
1.000000000000000000e+02 3.937829034029999879e-26
1.010000000000000000e+02 1.425119908919999885e-26
1.020000000000000000e+02 1.351943739519999881e-26
1.030000000000000000e+02 1.505046945859999959e-26
1.040000000000000000e+02 9.537709660200000431e-26
1.050000000000000000e+02 2.025777879450000116e-26
1.060000000000000000e+02 1.407853060420000006e-26
1.070000000000000000e+02 1.368849698269999949e-26
1.080000000000000000e+02 1.342691992749999930e-26
1.090000000000000000e+02 1.325184707089999941e-26
1.100000000000000000e+02 1.398695187360000111e-26
1.110000000000000000e+02 1.354079505909999899e-26
1.120000000000000000e+02 1.388094769399999957e-26
1.130000000000000000e+02 1.485405098669999919e-26
1.140000000000000000e+02 2.218161358030000027e-26
1.150000000000000000e+02 4.383149503410000296e-25
1.160000000000000000e+02 1.493775784170000040e-26
1.170000000000000000e+02 1.813451881880000074e-26
1.180000000000000000e+02 2.441984331849999993e-26
1.190000000000000000e+02 3.530618221149999859e-25
1.200000000000000000e+02 1.342140671379999985e-26
1.210000000000000000e+02 1.343282597169999914e-26
1.220000000000000000e+02 1.560224716189999879e-26
1.230000000000000000e+02 1.431543273210000021e-26
1.240000000000000000e+02 1.696204645060000051e-26
1.250000000000000000e+02 5.991007173800000288e-25
1.260000000000000000e+02 1.788282830860000096e-26
1.270000000000000000e+02 1.426894670339999921e-26
1.280000000000000000e+02 1.352002868229999925e-26
1.290000000000000000e+02 1.348240138360000098e-26
1.300000000000000000e+02 1.344331502799999993e-26
1.310000000000000000e+02 1.365070593330000037e-26
1.320000000000000000e+02 1.379882485850000142e-26
1.330000000000000000e+02 1.383887364020000088e-26
1.340000000000000000e+02 1.483463101380000017e-26
1.350000000000000000e+02 4.519213321050000253e-25
1.360000000000000000e+02 2.758873708189999874e-26
1.370000000000000000e+02 2.216083599979999931e-26
1.380000000000000000e+02 2.948010619140000155e-26
1.390000000000000000e+02 1.381745234500000138e-26
1.400000000000000000e+02 1.398556206979999992e-26
1.410000000000000000e+02 1.358779362239999861e-26
1.420000000000000000e+02 1.369816702930000069e-26
1.430000000000000000e+02 1.378026080690000029e-26
1.440000000000000000e+02 1.426790760440000100e-26
1.450000000000000000e+02 4.446036825659999973e-26
1.460000000000000000e+02 3.332915393649999891e-26
1.470000000000000000e+02 1.564073011999999995e-26
1.480000000000000000e+02 1.401873745309999885e-26
1.490000000000000000e+02 1.542453967560000128e-26
1.500000000000000000e+02 1.387578877139999980e-26
1.510000000000000000e+02 1.710343554869999880e-26
1.520000000000000000e+02 1.494867259329999939e-26
1.530000000000000000e+02 1.433273125639999903e-26
1.540000000000000000e+02 1.445135509870000034e-26
1.550000000000000000e+02 2.549388850799999857e-26
1.560000000000000000e+02 3.198086121179999892e-26
1.570000000000000000e+02 1.489503209869999929e-26
1.580000000000000000e+02 1.928400235809999940e-26
1.590000000000000000e+02 1.395366958289999956e-26
1.600000000000000000e+02 1.390072138420000020e-26
1.610000000000000000e+02 1.432669836109999871e-26
1.620000000000000000e+02 1.391473288260000076e-26
1.630000000000000000e+02 1.402377257050000136e-26
1.640000000000000000e+02 1.411388027740000083e-26
1.650000000000000000e+02 1.558316302040000076e-26
1.660000000000000000e+02 2.169364277959999905e-26
1.670000000000000000e+02 1.600085821220000033e-26
1.680000000000000000e+02 1.410408129200000019e-26
1.690000000000000000e+02 1.410306940480000120e-26
1.700000000000000000e+02 1.419380531039999942e-26
1.710000000000000000e+02 1.418446539149999943e-26
1.720000000000000000e+02 1.413242136030000060e-26
1.730000000000000000e+02 3.030555122639999760e-26
1.740000000000000000e+02 2.125091799319999939e-26
1.750000000000000000e+02 1.488530595589999908e-26
1.760000000000000000e+02 3.758674356960000006e-25
1.770000000000000000e+02 1.547887573169999995e-26
1.780000000000000000e+02 2.508784662910000107e-26
1.790000000000000000e+02 1.459553717909999925e-26
1.800000000000000000e+02 1.425023361530000116e-26
1.810000000000000000e+02 1.426956782069999906e-26
1.820000000000000000e+02 1.429215168550000118e-26
1.830000000000000000e+02 1.777537393589999903e-26
1.840000000000000000e+02 1.435386010730000098e-26
1.850000000000000000e+02 1.511963992420000032e-26
1.860000000000000000e+02 2.009853522249999944e-26
1.870000000000000000e+02 1.762953301810000124e-26
1.880000000000000000e+02 1.453921539029999996e-26
1.890000000000000000e+02 1.457217860820000033e-26
1.900000000000000000e+02 1.498535889440000111e-26
1.910000000000000000e+02 1.695501353470000135e-26
1.920000000000000000e+02 1.642048445839999893e-26
1.930000000000000000e+02 1.463260268150000045e-26
1.940000000000000000e+02 1.765926729550000036e-26
1.950000000000000000e+02 2.818957961159999819e-26
1.960000000000000000e+02 2.055317507550000005e-26
1.970000000000000000e+02 2.288042577830000021e-25
1.980000000000000000e+02 1.516371349819999924e-26
1.990000000000000000e+02 1.481306600850000046e-26
2.000000000000000000e+02 1.480707469810000021e-26
2.010000000000000000e+02 1.618867551310000032e-26
2.020000000000000000e+02 1.490418406280000039e-26
2.030000000000000000e+02 1.505216868059999916e-26
2.040000000000000000e+02 1.574960832499999928e-26
2.050000000000000000e+02 1.544284133260000126e-26
2.060000000000000000e+02 1.501085965219999921e-26
2.070000000000000000e+02 1.560376895259999944e-26
2.080000000000000000e+02 1.495291424679999995e-26
2.090000000000000000e+02 6.374041411850000284e-26
2.100000000000000000e+02 1.804161843379999914e-26
2.110000000000000000e+02 1.504254196800000007e-26
2.120000000000000000e+02 1.500700148559999998e-26
2.130000000000000000e+02 1.514242274539999953e-26
2.140000000000000000e+02 1.674678116589999964e-26
2.150000000000000000e+02 1.594637933320000054e-26
2.160000000000000000e+02 1.640944524700000120e-26
2.170000000000000000e+02 1.505498666309999977e-26
2.180000000000000000e+02 1.682262279559999872e-26
2.190000000000000000e+02 1.508041721849999955e-26
2.200000000000000000e+02 1.509917529570000032e-26
2.210000000000000000e+02 1.512195952619999880e-26
2.220000000000000000e+02 1.516313943489999958e-26
2.230000000000000000e+02 1.516891728710000131e-26
2.240000000000000000e+02 1.519135287599999871e-26
2.250000000000000000e+02 1.521490090339999900e-26
2.260000000000000000e+02 1.525054318529999954e-26
2.270000000000000000e+02 1.527468631310000092e-26
2.280000000000000000e+02 1.686566784289999879e-26
2.290000000000000000e+02 1.553359721649999912e-26
2.300000000000000000e+02 1.756650272479999909e-26
2.310000000000000000e+02 1.570703763959999999e-26
2.320000000000000000e+02 1.555961022509999868e-26
2.330000000000000000e+02 1.628516582890000097e-26
2.340000000000000000e+02 1.606156296150000122e-26
2.350000000000000000e+02 1.576105413710000042e-26
2.360000000000000000e+02 1.564241910119999975e-26
2.370000000000000000e+02 1.554330279030000026e-26
2.380000000000000000e+02 1.566990996050000101e-26
2.390000000000000000e+02 1.769020806370000077e-26
2.400000000000000000e+02 1.559435700769999970e-26
2.410000000000000000e+02 1.569554572059999859e-26
2.420000000000000000e+02 1.568874002529999901e-26
2.430000000000000000e+02 1.570431812050000094e-26
2.440000000000000000e+02 1.591983350569999979e-26
2.450000000000000000e+02 1.597597354480000094e-26
2.460000000000000000e+02 1.589401160550000010e-26
2.470000000000000000e+02 1.575434325809999979e-26
2.480000000000000000e+02 1.730871384760000000e-26
2.490000000000000000e+02 1.589471651750000034e-26
2.500000000000000000e+02 1.592960768740000118e-26
2.510000000000000000e+02 1.741769669710000007e-26
2.520000000000000000e+02 1.594204324840000008e-26
2.530000000000000000e+02 1.696815470870000119e-26
2.540000000000000000e+02 1.600928467779999928e-26
2.550000000000000000e+02 1.599534696420000138e-26
2.560000000000000000e+02 1.600515915150000039e-26
2.570000000000000000e+02 1.612279728100000108e-26
2.580000000000000000e+02 1.750009296020000012e-26
2.590000000000000000e+02 1.676294681070000110e-26
2.600000000000000000e+02 1.613039704839999912e-26
2.610000000000000000e+02 1.614100017699999999e-26
2.620000000000000000e+02 1.614229547979999930e-26
2.630000000000000000e+02 1.617741660710000102e-26
2.640000000000000000e+02 1.630916593469999985e-26
2.650000000000000000e+02 1.630945809259999959e-26
2.660000000000000000e+02 1.631583524320000135e-26
2.670000000000000000e+02 1.670695101049999958e-26
2.680000000000000000e+02 1.630066274969999875e-26
2.690000000000000000e+02 2.161672033360000062e-26
2.700000000000000000e+02 1.698469532459999867e-26
2.710000000000000000e+02 1.688788730650000121e-26
2.720000000000000000e+02 1.674187844619999877e-26
2.730000000000000000e+02 1.661731768679999869e-26
2.740000000000000000e+02 1.646133909079999886e-26
2.750000000000000000e+02 1.654148793110000071e-26
2.760000000000000000e+02 1.699816919409999897e-26
2.770000000000000000e+02 1.653680332739999936e-26
2.780000000000000000e+02 1.656231505970000081e-26
2.790000000000000000e+02 1.681961895819999947e-26
2.800000000000000000e+02 1.688579515340000085e-26
2.810000000000000000e+02 1.665484676250000069e-26
2.820000000000000000e+02 1.669848742920000014e-26
2.830000000000000000e+02 1.674225573049999975e-26
2.840000000000000000e+02 1.691926174709999860e-26
2.850000000000000000e+02 1.675647924880000005e-26
2.860000000000000000e+02 1.682820747560000007e-26
2.870000000000000000e+02 1.683441479519999984e-26
2.880000000000000000e+02 1.690504707079999878e-26
2.890000000000000000e+02 1.687667944869999960e-26
2.900000000000000000e+02 1.704697462270000116e-26
2.910000000000000000e+02 1.692053915409999880e-26
2.920000000000000000e+02 1.695134274490000122e-26
2.930000000000000000e+02 1.697933855840000141e-26
2.940000000000000000e+02 1.704382211179999876e-26
2.950000000000000000e+02 1.703595156520000098e-26
2.960000000000000000e+02 1.716692153320000110e-26
2.970000000000000000e+02 1.709737884139999971e-26
2.980000000000000000e+02 1.711649558669999990e-26
2.990000000000000000e+02 1.730646183899999981e-26
3.000000000000000000e+02 1.728120724270000009e-26
3.010000000000000000e+02 1.720299209339999914e-26
3.020000000000000000e+02 1.734927636080000058e-26
3.030000000000000000e+02 1.726832770070000141e-26
3.040000000000000000e+02 1.730846471749999895e-26
3.050000000000000000e+02 1.739796280749999995e-26
3.060000000000000000e+02 1.735538769240000056e-26
3.070000000000000000e+02 1.743014217870000109e-26
3.080000000000000000e+02 1.750338381320000137e-26
3.090000000000000000e+02 1.744268825089999927e-26
3.100000000000000000e+02 1.746830134120000105e-26
3.110000000000000000e+02 1.749668127170000124e-26
3.120000000000000000e+02 1.752665777010000120e-26
3.130000000000000000e+02 1.758874759250000106e-26
3.140000000000000000e+02 1.758690374580000086e-26
3.150000000000000000e+02 1.761602160139999907e-26
3.160000000000000000e+02 1.770075737789999929e-26
3.170000000000000000e+02 1.784441824989999918e-26
3.180000000000000000e+02 1.773373605089999904e-26
3.190000000000000000e+02 1.773735776120000075e-26
3.200000000000000000e+02 1.776833344090000051e-26
3.210000000000000000e+02 1.780258262860000135e-26
3.220000000000000000e+02 1.794646516320000036e-26
3.230000000000000000e+02 1.786159797059999998e-26
3.240000000000000000e+02 1.826144681219999928e-26
3.250000000000000000e+02 1.792236562299999864e-26
3.260000000000000000e+02 1.813513336920000042e-26
3.270000000000000000e+02 1.799204652179999980e-26
3.280000000000000000e+02 1.802038671569999890e-26
3.290000000000000000e+02 1.805106668420000008e-26
3.300000000000000000e+02 1.848047266990000006e-26
3.310000000000000000e+02 1.810972348909999979e-26
3.320000000000000000e+02 1.814095330279999975e-26
3.330000000000000000e+02 1.817243686009999909e-26
3.340000000000000000e+02 1.820507743710000038e-26
3.350000000000000000e+02 1.823714905710000026e-26
3.360000000000000000e+02 1.826864771109999930e-26
3.370000000000000000e+02 1.832911777309999908e-26
3.380000000000000000e+02 1.833482647159999952e-26
3.390000000000000000e+02 1.838930112930000050e-26
3.400000000000000000e+02 1.839993707400000004e-26
3.410000000000000000e+02 1.843024549620000108e-26
3.420000000000000000e+02 1.846527023190000130e-26
3.430000000000000000e+02 1.854468967430000114e-26
3.440000000000000000e+02 1.852781673430000039e-26
3.450000000000000000e+02 1.856013513580000121e-26
3.460000000000000000e+02 1.859451400399999891e-26
3.470000000000000000e+02 1.862651054779999960e-26
3.480000000000000000e+02 1.866610346539999876e-26
3.490000000000000000e+02 1.869286405790000084e-26
3.500000000000000000e+02 1.873146416579999972e-26
3.510000000000000000e+02 1.878129030360000101e-26
3.520000000000000000e+02 1.879397269750000088e-26
3.530000000000000000e+02 1.882738566060000025e-26
3.540000000000000000e+02 1.886024529399999889e-26
3.550000000000000000e+02 1.889429079619999863e-26
3.560000000000000000e+02 1.894485742669999956e-26
3.570000000000000000e+02 1.897334750529999929e-26
3.580000000000000000e+02 2.142614448470000047e-26
3.590000000000000000e+02 1.903135580730000044e-26
3.600000000000000000e+02 1.906861075629999877e-26
3.610000000000000000e+02 1.909933991150000064e-26
3.620000000000000000e+02 1.914166821180000049e-26
3.630000000000000000e+02 1.916838329720000114e-26
3.640000000000000000e+02 1.920313843530000097e-26
3.650000000000000000e+02 1.924311179889999905e-26
3.660000000000000000e+02 1.927558596750000031e-26
3.670000000000000000e+02 1.930797911919999990e-26
3.680000000000000000e+02 1.934353617590000035e-26
3.690000000000000000e+02 1.937918060280000004e-26
3.700000000000000000e+02 1.943125368449999933e-26
3.710000000000000000e+02 1.944960404339999966e-26
3.720000000000000000e+02 1.948483120350000143e-26
3.735000000000000000e+02 1.953880008980000133e-26
3.760000000000000000e+02 1.967014178366666757e-26
3.795000000000000000e+02 1.975576367880000234e-26
3.835000000000000000e+02 1.990280544435000001e-26
3.875000000000000000e+02 2.005219587072500199e-26
3.915000000000000000e+02 2.020384179867500184e-26
3.955000000000000000e+02 2.045924438979999952e-26
3.995000000000000000e+02 2.050762939132500003e-26
4.035000000000000000e+02 2.066526841859999886e-26
4.075000000000000000e+02 2.082187329839999835e-26
4.115000000000000000e+02 2.098817295527499985e-26
4.155000000000000000e+02 2.117165823702499882e-26
4.195000000000000000e+02 2.131043604457500001e-26
4.235000000000000000e+02 2.147900833092499984e-26
4.280000000000000000e+02 2.166452933671999939e-26
4.325000000000000000e+02 2.185712893872499899e-26
4.365000000000000000e+02 2.203058612747500121e-26
4.410000000000000000e+02 2.222871162870000104e-26
4.455000000000000000e+02 2.242936949185000026e-26
4.495000000000000000e+02 2.261052141874999876e-26
4.540000000000000000e+02 2.281720076833999802e-26
4.590000000000000000e+02 2.305112014862000067e-26
4.635000000000000000e+02 2.326370071967500312e-26
4.680000000000000000e+02 2.348047567487999762e-26
4.725000000000000000e+02 2.370036110702499870e-26
4.770000000000000000e+02 2.392380270441999876e-26
4.820000000000000000e+02 2.417599373344000064e-26
4.870000000000000000e+02 2.443279083776000174e-26
4.920000000000000000e+02 2.469387094326000023e-26
4.970000000000000000e+02 2.495969435493999821e-26
5.020000000000000000e+02 2.523034508080000363e-26
5.070000000000000000e+02 2.550609656262000160e-26
5.120000000000000000e+02 2.578618116105999838e-26
5.170000000000000000e+02 2.607172888659999519e-26
5.220000000000000000e+02 2.636246673528000089e-26
5.270000000000000000e+02 2.665894040110000118e-26
5.325000000000000000e+02 2.699098485220000023e-26
5.380000000000000000e+02 2.732979577204000275e-26
5.430000000000000000e+02 2.764398351550000211e-26
5.485000000000000000e+02 2.799671173938333112e-26
5.540000000000000000e+02 2.835669523569999516e-26
5.595000000000000000e+02 2.872456117309999728e-26
5.655000000000000000e+02 2.913471616671667123e-26
5.710000000000000000e+02 2.951900964821999893e-26
5.765000000000000000e+02 2.991199844813333674e-26
5.825000000000000000e+02 3.035046373985000416e-26
5.885000000000000000e+02 3.079954474748333245e-26
5.945000000000000000e+02 3.125963044459999559e-26
6.005000000000000000e+02 3.173104389621666695e-26
6.065000000000000000e+02 3.221422364656667001e-26
6.125000000000000000e+02 3.270956054661666603e-26
6.185000000000000000e+02 3.321746259620000048e-26
6.245000000000000000e+02 3.373839121316667083e-26
6.305000000000000000e+02 3.427279864871666698e-26
6.370000000000000000e+02 3.486772736544286205e-26
6.435000000000000000e+02 3.547928076451667069e-26
6.500000000000000000e+02 3.610895084528571434e-26
6.565000000000000000e+02 3.675656003915000108e-26
6.630000000000000000e+02 3.742387405224285969e-26
6.695000000000000000e+02 3.811055500289999706e-26
6.760000000000000000e+02 3.881858493922856831e-26
6.830000000000000000e+02 3.960503807378571181e-26
6.900000000000000000e+02 4.041765517041428370e-26
6.970000000000000000e+02 4.125777088712856886e-26
7.040000000000000000e+02 4.212679101165714246e-26
7.110000000000000000e+02 4.302557767615715318e-26
7.180000000000000000e+02 4.395607695954285771e-26
7.250000000000000000e+02 4.491970148418570774e-26
7.320000000000000000e+02 4.591788380361428657e-26
7.395000000000000000e+02 4.702844349203750530e-26
7.470000000000000000e+02 4.818206453492857712e-26
7.545000000000000000e+02 4.938324067277499368e-26
7.620000000000000000e+02 5.063246441367142384e-26
7.695000000000000000e+02 5.193462529392500411e-26
7.775000000000000000e+02 5.338343959705000453e-26
7.855000000000000000e+02 5.489949055683750160e-26
7.930000000000000000e+02 5.638235162812858302e-26
8.005000000000000000e+02 5.793472834261249409e-26
8.085000000000000000e+02 5.966433932541251184e-26
8.170000000000000000e+02 6.159608842152221653e-26
8.255000000000000000e+02 6.363080532788750902e-26
8.335000000000000000e+02 6.564236288691250340e-26
8.415000000000000000e+02 6.776078661557499898e-26
8.500000000000000000e+02 7.014510513628890044e-26
8.585000000000000000e+02 7.264240806343750420e-26
8.670000000000000000e+02 7.529886223026666740e-26
8.760000000000000000e+02 7.828381065888888429e-26
8.850000000000000000e+02 8.146331181930000443e-26
8.935000000000000000e+02 8.465429958158749873e-26
9.020000000000000000e+02 8.819352327017777120e-26
9.115000000000000000e+02 9.211894705986999614e-26
9.210000000000000000e+02 9.649306239419999583e-26
9.300000000000000000e+02 1.009486705067555382e-25
9.390000000000000000e+02 1.057373605395555273e-25
9.485000000000000000e+02 1.112328722832000273e-25
9.580000000000000000e+02 1.171216963168889136e-25
9.675000000000000000e+02 1.235295608486000099e-25
9.775000000000000000e+02 1.363418396139999989e-25
9.870000000000000000e+02 1.445008230357778066e-25
9.965000000000000000e+02 1.477385695549000235e-25
1.006500000000000000e+03 1.656756870373000431e-25
1.016500000000000000e+03 1.716094458634999690e-25
1.027000000000000000e+03 1.955804561549999972e-25
1.037500000000000000e+03 2.181631902160000059e-25
1.047500000000000000e+03 3.018903279944999896e-25
1.058000000000000000e+03 3.947737474466363465e-25
1.069000000000000000e+03 5.885310372787272374e-25
1.079500000000000000e+03 4.768471446866998708e-25
1.090000000000000000e+03 1.814130590470545384e-24
1.101000000000000000e+03 3.938854937846727079e-24
1.112000000000000000e+03 5.480693302013909624e-24
1.123000000000000000e+03 4.330704743884999546e-24
1.134500000000000000e+03 1.649698409078666986e-23
1.146000000000000000e+03 1.195726018364909094e-23
1.157500000000000000e+03 6.156233373794749905e-23
1.169000000000000000e+03 4.401168315818454177e-23
1.180500000000000000e+03 4.877820601149833284e-23
1.192500000000000000e+03 7.011912328404999495e-23
1.204500000000000000e+03 4.074849244528174810e-22
1.216500000000000000e+03 1.293052200594886322e-21
1.228500000000000000e+03 3.074779590955266251e-21
1.240500000000000000e+03 2.491214518270489617e-20
1.253000000000000000e+03 6.345371719005991759e-20
1.266000000000000000e+03 1.402300918601761581e-20
1.278500000000000000e+03 4.674638029572217075e-20
1.291000000000000000e+03 6.877549372437615814e-21
1.304000000000000000e+03 2.005999758401861999e-19
1.317000000000000000e+03 4.076842797537923038e-21
1.330000000000000000e+03 1.051626858201392145e-20
1.343500000000000000e+03 2.645372841479678636e-20
1.357000000000000000e+03 2.992948245365346383e-20
1.370500000000000000e+03 1.180172609623557120e-21
1.384500000000000000e+03 5.221793568417050487e-22
1.398500000000000000e+03 3.330201657755999623e-23
1.412500000000000000e+03 3.239151548269642483e-23
1.426500000000000000e+03 4.028755750905499079e-23
1.440500000000000000e+03 1.085713831683571555e-22
1.455000000000000000e+03 1.904291690622420018e-22
1.469500000000000000e+03 5.361116866807972266e-22
1.484000000000000000e+03 1.814147953322733366e-23
1.499000000000000000e+03 1.300810945609173196e-23
1.514000000000000000e+03 5.194586574461333303e-24
1.529000000000000000e+03 1.615439890466561965e-22
1.544500000000000000e+03 1.681120289938206152e-22
1.560000000000000000e+03 3.885716340467240562e-23
1.575500000000000000e+03 1.757270160768813739e-22
1.591500000000000000e+03 2.913933562468207190e-22
1.607500000000000000e+03 8.084888994001285252e-23
1.623500000000000000e+03 1.831340803382337992e-22
1.639500000000000000e+03 2.848945009278760689e-22
1.656000000000000000e+03 1.454689132159529318e-24
1.672500000000000000e+03 2.466449650233812436e-23
1.689000000000000000e+03 3.315376928624235161e-24
1.706000000000000000e+03 1.826809944665941289e-24
1.723000000000000000e+03 1.968876857543587631e-24
1.740500000000000000e+03 6.047712686442222651e-25
1.758000000000000000e+03 2.959885490603529057e-25
1.775500000000000000e+03 1.249176037344622281e-24
1.793500000000000000e+03 2.427302858555793661e-24
1.811500000000000000e+03 4.756040454770555643e-25
1.829500000000000000e+03 1.251335243503622169e-24
1.847500000000000000e+03 2.061139991211555218e-25
1.866000000000000000e+03 8.024564343665788906e-26
1.884500000000000000e+03 7.093966683571111161e-26
1.903000000000000000e+03 6.358322214471052219e-26
1.922000000000000000e+03 6.607777531527368125e-26
1.941500000000000000e+03 5.964368631574499656e-26
1.961000000000000000e+03 5.865482265157367849e-26
1.980500000000000000e+03 5.776093079885000000e-26
2.000500000000000000e+03 5.714496073286000124e-26
2.020500000000000000e+03 5.696589485892999771e-26
2.040500000000000000e+03 5.687788287868500775e-26
2.061000000000000000e+03 7.040099512334287202e-26
2.082000000000000000e+03 6.056616076031904239e-26
2.102500000000000000e+03 3.760734883296899600e-25
2.123500000000000000e+03 2.266834519876000367e-25
2.145000000000000000e+03 5.577971567999258107e-24
2.166500000000000000e+03 2.424129233068454442e-25
2.188000000000000000e+03 4.123310779472961306e-24
2.209500000000000000e+03 4.798514860204698641e-24
2.231500000000000000e+03 7.069519587570864034e-25
2.254000000000000000e+03 3.133618970012913513e-24
2.277000000000000000e+03 2.167836265945739090e-24
2.299500000000000000e+03 1.532499993127391073e-24
2.322500000000000000e+03 1.167393868909925079e-24
2.346000000000000000e+03 2.360854658489826103e-24
2.369000000000000000e+03 1.680625527859826150e-24
2.392500000000000000e+03 2.176829337430291671e-24
2.416500000000000000e+03 5.990324430216627281e-24
2.441000000000000000e+03 6.612500002214841213e-24
2.465500000000000000e+03 3.338743392360904151e-23
2.490000000000000000e+03 2.730918982424280159e-23
2.515000000000000000e+03 5.764453456149043854e-23
2.540000000000000000e+03 3.568531630048028888e-23
2.565500000000000000e+03 1.706151173297373159e-22
2.591500000000000000e+03 5.060301182224842308e-22
2.617500000000000000e+03 3.038866316952200583e-22
2.643500000000000000e+03 2.652912261353069405e-22
2.669500000000000000e+03 4.625794799468616147e-23
2.696000000000000000e+03 2.244075073301984947e-22
2.723000000000000000e+03 2.013517521895277604e-22
2.750500000000000000e+03 4.492514769832941713e-22
2.778000000000000000e+03 2.779539386023963136e-22
2.805500000000000000e+03 6.196908332281071192e-22
2.834000000000000000e+03 3.066602680161860705e-21
2.862500000000000000e+03 1.424230638387549922e-21
2.891000000000000000e+03 6.481490171377819562e-21
2.920000000000000000e+03 8.045322309816722463e-21
2.949000000000000000e+03 3.291073099342458316e-20
2.978500000000000000e+03 9.793774709045042326e-20
3.008500000000000000e+03 1.320228866782979760e-19
3.038500000000000000e+03 1.778817235363986685e-21
3.068500000000000000e+03 4.598844501441633385e-21
3.099000000000000000e+03 2.329411058806709744e-20
3.130000000000000000e+03 3.799648487672680706e-21
3.161500000000000000e+03 1.731581026207985536e-21
3.193500000000000000e+03 1.377206069516359829e-22
3.225500000000000000e+03 2.025969001105030729e-24
3.257500000000000000e+03 1.241052985321124848e-24
3.290000000000000000e+03 6.008853742177270119e-25
3.323000000000000000e+03 4.010569034050606842e-25
3.356000000000000000e+03 5.325393854392121487e-25
3.389500000000000000e+03 4.013096801635587613e-25
3.423500000000000000e+03 2.520492849722941382e-25
3.458000000000000000e+03 2.798422814431143302e-25
3.492500000000000000e+03 5.580307135700000601e-25
3.527000000000000000e+03 4.609618012409142796e-25
3.562500000000000000e+03 5.251015697756665186e-25
3.598500000000000000e+03 1.663264415219166599e-25
3.634500000000000000e+03 2.048102066559611808e-25
3.670500000000000000e+03 7.901260028494499565e-25
3.707000000000000000e+03 5.302534661142569688e-25
3.744500000000000000e+03 2.765737843980462874e-24
3.782000000000000000e+03 4.609289265398231733e-23
3.819500000000000000e+03 1.077711761240733898e-22
3.858000000000000000e+03 3.766592573916600140e-22
3.896500000000000000e+03 6.349265600698218178e-22
3.935000000000000000e+03 2.158394115484484258e-23
3.974500000000000000e+03 2.528732965220689833e-23
4.014500000000000000e+03 1.970080876651715019e-23
4.054500000000000000e+03 7.236893853647975676e-23
4.095000000000000000e+03 1.025096328911509925e-22
4.136000000000000000e+03 2.653258169470780329e-22
4.177500000000000000e+03 1.014533929102437927e-21
4.219500000000000000e+03 3.482807322709433493e-21
4.261500000000000000e+03 1.209944414418978532e-21
4.304000000000000000e+03 3.664953485757301429e-21
4.347000000000000000e+03 6.901076023899221208e-21
4.390500000000000000e+03 1.107841939750738756e-21
4.434500000000000000e+03 1.815015688279152123e-21
4.479000000000000000e+03 4.078413316262029714e-22
4.524000000000000000e+03 3.460806055027254951e-22
4.569000000000000000e+03 5.733810480969339757e-22
4.614500000000000000e+03 8.856556094464440272e-23
4.660500000000000000e+03 2.040985340252313859e-23
4.707000000000000000e+03 4.100337774439509100e-24
4.754500000000000000e+03 7.517295481796247312e-26
4.802000000000000000e+03 4.129506412802978205e-26
4.850000000000000000e+03 6.150968965050817345e-26
4.898500000000000000e+03 6.021091107197499926e-26
4.947500000000000000e+03 7.080012086795399659e-26
4.997000000000000000e+03 2.523523661467306141e-25
5.047000000000000000e+03 3.368953541110568935e-25
5.097500000000000000e+03 4.171909448220019754e-25
5.148000000000000000e+03 1.412578519014052756e-24
5.199500000000000000e+03 4.081496691281392197e-24
5.251500000000000000e+03 2.410905547418288712e-24
5.304000000000000000e+03 1.565199739796273286e-24
5.357500000000000000e+03 9.661593936800964071e-24
5.411000000000000000e+03 1.538735303219174085e-23
5.465000000000000000e+03 1.769551143498280157e-23
5.520000000000000000e+03 4.755479778555341183e-23
5.575000000000000000e+03 1.340204812583760862e-22
5.630500000000000000e+03 1.002488396630042934e-22
5.687000000000000000e+03 4.134963193815997946e-23
5.744000000000000000e+03 1.401756917526152555e-22
5.801500000000000000e+03 1.118329879533897796e-22
5.859500000000000000e+03 2.434136902115020387e-22
5.918000000000000000e+03 1.722433792194278295e-22
5.977000000000000000e+03 8.669125070939189595e-23
6.036500000000000000e+03 2.301033132207393206e-22
6.097000000000000000e+03 2.166137844974412401e-22
6.158000000000000000e+03 3.775265985953641053e-23
6.219500000000000000e+03 1.789681896653522457e-24
6.282000000000000000e+03 1.309563420059364815e-25
6.345000000000000000e+03 3.781620512220792840e-26
6.408500000000000000e+03 5.680606287690315829e-26
6.472500000000000000e+03 7.491843968923763344e-26
6.537000000000000000e+03 2.175743942643384539e-25
6.602500000000000000e+03 4.420152714666377726e-25
6.668500000000000000e+03 8.633667658858666062e-25
6.735000000000000000e+03 5.029259432593053605e-24
6.802500000000000000e+03 7.094467028219502082e-24
6.870500000000000000e+03 4.496426366981806840e-24
6.939000000000000000e+03 1.065285995364438609e-23
7.008500000000000000e+03 2.220833575884242967e-23
7.078500000000000000e+03 5.893218796926387118e-23
7.149500000000000000e+03 7.573165218064025276e-23
7.221000000000000000e+03 9.688641115720916722e-23
7.293000000000000000e+03 6.304433703598644051e-23
7.366000000000000000e+03 6.588125768726960061e-23
7.439500000000000000e+03 5.130210589541376183e-23
7.514000000000000000e+03 1.191812317395813675e-22
7.589500000000000000e+03 1.009050657836607489e-23
7.665500000000000000e+03 1.772487432852222857e-24
7.742000000000000000e+03 9.900308120237648043e-26
7.819500000000000000e+03 2.680911488705281925e-26
7.897500000000000000e+03 3.972823186110269501e-26
7.976500000000000000e+03 4.237137740529876111e-27
8.056500000000000000e+03 1.591089526238087207e-25
8.137000000000000000e+03 4.693891809218898231e-25
8.218000000000000000e+03 6.957722986653117799e-25
8.300000000000000000e+03 3.044693199592736310e-24
8.383500000000000000e+03 1.112696372059809625e-23
8.467500000000000000e+03 2.000148171978024027e-23
8.552000000000000000e+03 3.692001452277553094e-23
8.637500000000000000e+03 7.486352085851535466e-23
8.724000000000000000e+03 2.257363008597391084e-23
8.811000000000000000e+03 2.089370655482758689e-23
8.899000000000000000e+03 1.937609850380538266e-23
8.988000000000000000e+03 3.646480348274405559e-24
9.078000000000000000e+03 3.314758862682000645e-25
9.169000000000000000e+03 4.802368220496468005e-25
9.260500000000000000e+03 1.313985576657826304e-27
9.353000000000000000e+03 1.216058673152366069e-27
9.446500000000000000e+03 1.148685601141488852e-27
9.541000000000000000e+03 1.095015482984842247e-27
9.636500000000000000e+03 1.049510474213853912e-27
9.733000000000000000e+03 1.009464614203453252e-27
9.830000000000000000e+03 9.735419395692063240e-28
9.928000000000000000e+03 9.406346197822527806e-28
9.989000000000000000e+03 9.214645788404781526e-28
