1.000000000000000000e+01 1.124727037889999990e-25
1.100000000000000000e+01 1.125970427760000056e-25
1.200000000000000000e+01 1.127185086460000054e-25
1.300000000000000000e+01 1.128782769309999944e-25
1.400000000000000000e+01 1.130770597959999887e-25
1.500000000000000000e+01 1.137959712849999943e-25
1.600000000000000000e+01 1.133657827659999998e-25
1.700000000000000000e+01 1.134874370700000080e-25
1.800000000000000000e+01 1.136775323749999945e-25
1.900000000000000000e+01 1.148057310469999923e-25
2.000000000000000000e+01 1.140253109979999962e-25
2.100000000000000000e+01 1.142855190139999957e-25
2.200000000000000000e+01 1.149731241539999953e-25
2.300000000000000000e+01 1.161968386779999966e-25
2.400000000000000000e+01 1.163279237869999971e-25
2.500000000000000000e+01 1.152354395969999912e-25
2.600000000000000000e+01 1.175030886709999987e-25
2.700000000000000000e+01 1.153821238030000001e-25
2.800000000000000000e+01 1.156646199680000033e-25
2.900000000000000000e+01 1.166205160710000109e-25
3.000000000000000000e+01 1.164420180589999968e-25
3.100000000000000000e+01 1.226567126540000089e-25
3.200000000000000000e+01 1.160397983479999964e-25
3.300000000000000000e+01 1.172081508830000088e-25
3.400000000000000000e+01 1.203272788199999921e-25
3.500000000000000000e+01 1.231994506109999928e-25
3.600000000000000000e+01 1.171898220480000095e-25
3.700000000000000000e+01 1.172618787090000104e-25
3.800000000000000000e+01 1.184075327239999973e-25
3.900000000000000000e+01 1.225874281969999945e-25
4.000000000000000000e+01 1.206233660829999887e-25
4.100000000000000000e+01 1.212241541019999909e-25
4.200000000000000000e+01 1.714194344110000043e-25
4.300000000000000000e+01 1.188966346720000096e-25
4.400000000000000000e+01 1.191103021930000051e-25
4.500000000000000000e+01 1.207639409140000016e-25
4.600000000000000000e+01 1.187139294819999933e-25
4.700000000000000000e+01 1.194056232619999925e-25
4.800000000000000000e+01 1.193780263580000079e-25
4.900000000000000000e+01 1.231027719250000028e-25
5.000000000000000000e+01 1.201026519340000025e-25
5.100000000000000000e+01 1.215736185430000051e-25
5.200000000000000000e+01 1.326012319270000027e-25
5.300000000000000000e+01 1.256795702219999929e-25
5.400000000000000000e+01 1.292169349190000107e-25
5.500000000000000000e+01 1.203456669370000074e-25
5.600000000000000000e+01 1.212655097529999899e-25
5.700000000000000000e+01 1.206728215729999966e-25
5.800000000000000000e+01 1.216824136280000033e-25
5.900000000000000000e+01 1.420654174659999974e-25
6.000000000000000000e+01 1.214419892649999955e-25
6.100000000000000000e+01 1.223372283519999956e-25
6.200000000000000000e+01 1.397613928630000018e-25
6.300000000000000000e+01 2.099628836949999842e-25
6.400000000000000000e+01 1.293737063149999968e-25
6.500000000000000000e+01 1.240202896480000074e-25
6.600000000000000000e+01 1.262575270659999958e-25
6.700000000000000000e+01 1.239636173389999968e-25
6.800000000000000000e+01 1.242576699329999990e-25
6.900000000000000000e+01 1.249185330960000050e-25
7.000000000000000000e+01 1.296656572329999980e-25
7.100000000000000000e+01 1.263559878210000073e-25
7.200000000000000000e+01 1.367142629960000084e-25
7.300000000000000000e+01 4.642160382359999593e-25
7.400000000000000000e+01 1.602649066099999913e-25
7.500000000000000000e+01 1.283015277400000111e-25
7.600000000000000000e+01 1.264920391010000076e-25
7.700000000000000000e+01 1.269939169019999953e-25
7.800000000000000000e+01 1.269522455959999939e-25
7.900000000000000000e+01 1.500542735460000053e-25
8.000000000000000000e+01 1.298608960129999977e-25
8.100000000000000000e+01 1.306543887300000055e-25
8.200000000000000000e+01 1.497151684610000037e-25
8.300000000000000000e+01 1.943004979879999942e-25
8.400000000000000000e+01 2.716400558469999790e-25
8.500000000000000000e+01 1.407017986710000015e-25
8.600000000000000000e+01 1.295810255770000023e-25
8.700000000000000000e+01 1.277122391559999895e-25
8.800000000000000000e+01 1.272419043960000105e-25
8.900000000000000000e+01 1.280346658720000072e-25
9.000000000000000000e+01 1.307056767969999909e-25
9.100000000000000000e+01 1.294172375679999991e-25
9.200000000000000000e+01 1.349351518119999913e-25
9.300000000000000000e+01 1.612136452219999988e-25
9.400000000000000000e+01 2.791313564020000085e-24
9.500000000000000000e+01 1.544659521620000017e-25
9.600000000000000000e+01 1.344613127160000005e-25
9.700000000000000000e+01 1.340420102299999993e-25
9.800000000000000000e+01 2.021521197399999903e-25
9.900000000000000000e+01 1.437306982149999989e-25
1.000000000000000000e+02 1.345818433209999999e-25
1.010000000000000000e+02 1.351589965100000083e-25
1.020000000000000000e+02 1.350315168570000035e-25
1.030000000000000000e+02 1.498361760680000029e-25
1.040000000000000000e+02 5.071901686280000046e-25
1.050000000000000000e+02 2.011140862939999950e-25
1.060000000000000000e+02 1.406736246009999950e-25
1.070000000000000000e+02 1.359744863129999987e-25
1.080000000000000000e+02 1.333886772600000009e-25
1.090000000000000000e+02 1.321148523860000063e-25
1.100000000000000000e+02 1.329587160019999933e-25
1.110000000000000000e+02 1.347096056399999911e-25
1.120000000000000000e+02 1.385380275400000045e-25
1.130000000000000000e+02 1.432787208670000070e-25
1.140000000000000000e+02 2.179483365549999770e-25
1.150000000000000000e+02 5.266345529969999869e-25
1.160000000000000000e+02 1.493129774169999941e-25
1.170000000000000000e+02 1.685314118100000036e-25
1.180000000000000000e+02 1.813905584700000063e-25
1.190000000000000000e+02 2.402423019309999904e-25
1.200000000000000000e+02 1.341759963809999992e-25
1.210000000000000000e+02 1.342283376839999889e-25
1.220000000000000000e+02 1.460205935019999967e-25
1.230000000000000000e+02 1.406384764249999930e-25
1.240000000000000000e+02 1.639994731980000112e-25
1.250000000000000000e+02 1.735413982709999990e-24
1.260000000000000000e+02 1.574695641289999922e-25
1.270000000000000000e+02 1.384501751629999907e-25
1.280000000000000000e+02 1.351859734230000058e-25
1.290000000000000000e+02 1.345364232539999965e-25
1.300000000000000000e+02 1.343488820729999965e-25
1.310000000000000000e+02 1.362156055589999937e-25
1.320000000000000000e+02 1.378633058790000068e-25
1.330000000000000000e+02 1.383242063820000054e-25
1.340000000000000000e+02 1.482851953250000024e-25
1.350000000000000000e+02 1.420847889790000064e-24
1.360000000000000000e+02 2.259348353929999890e-25
1.370000000000000000e+02 1.769780119939999954e-25
1.380000000000000000e+02 1.608958597209999951e-25
1.390000000000000000e+02 1.380554083399999974e-25
1.400000000000000000e+02 1.368249812789999906e-25
1.410000000000000000e+02 1.358695503179999960e-25
1.420000000000000000e+02 1.366434514090000051e-25
1.430000000000000000e+02 1.376718690599999911e-25
1.440000000000000000e+02 1.426329808280000072e-25
1.450000000000000000e+02 3.806836326870000082e-25
1.460000000000000000e+02 2.158512456119999854e-25
1.470000000000000000e+02 1.475574735630000067e-25
1.480000000000000000e+02 1.400294766580000087e-25
1.490000000000000000e+02 1.410334501049999979e-25
1.500000000000000000e+02 1.384420912759999911e-25
1.510000000000000000e+02 1.426122189409999945e-25
1.520000000000000000e+02 1.387398289570000001e-25
1.530000000000000000e+02 1.420587094539999937e-25
1.540000000000000000e+02 1.444247791809999948e-25
1.550000000000000000e+02 2.185099367400000063e-25
1.560000000000000000e+02 2.357811978859999930e-25
1.570000000000000000e+02 1.440748424329999986e-25
1.580000000000000000e+02 1.652978818999999919e-25
1.590000000000000000e+02 1.393146169530000062e-25
1.600000000000000000e+02 1.389651501280000110e-25
1.610000000000000000e+02 1.414673696949999959e-25
1.620000000000000000e+02 1.391399686660000077e-25
1.630000000000000000e+02 1.401356606569999887e-25
1.640000000000000000e+02 1.409706600609999957e-25
1.650000000000000000e+02 1.549584220140000057e-25
1.660000000000000000e+02 1.942642733630000032e-25
1.670000000000000000e+02 1.464009697709999950e-25
1.680000000000000000e+02 1.408761956590000043e-25
1.690000000000000000e+02 1.408882874199999984e-25
1.700000000000000000e+02 1.407528154889999949e-25
1.710000000000000000e+02 1.409667335390000112e-25
1.720000000000000000e+02 1.413192978530000008e-25
1.730000000000000000e+02 1.919531235129999895e-25
1.740000000000000000e+02 1.750784262510000096e-25
1.750000000000000000e+02 1.485409464759999933e-25
1.760000000000000000e+02 2.958208833489999805e-25
1.770000000000000000e+02 1.520193169940000047e-25
1.780000000000000000e+02 1.480157249409999935e-25
1.790000000000000000e+02 1.430414195159999955e-25
1.800000000000000000e+02 1.424850583390000033e-25
1.810000000000000000e+02 1.426065159540000072e-25
1.820000000000000000e+02 1.429060381960000085e-25
1.830000000000000000e+02 1.641633140869999906e-25
1.840000000000000000e+02 1.434717189989999886e-25
1.850000000000000000e+02 1.484648035509999999e-25
1.860000000000000000e+02 1.733401999010000092e-25
1.870000000000000000e+02 1.484958795530000004e-25
1.880000000000000000e+02 1.448132071660000007e-25
1.890000000000000000e+02 1.447124111749999908e-25
1.900000000000000000e+02 1.448804799269999896e-25
1.910000000000000000e+02 1.618935086180000040e-25
1.920000000000000000e+02 1.587737343869999976e-25
1.930000000000000000e+02 1.459288546810000033e-25
1.940000000000000000e+02 1.471947192700000014e-25
1.950000000000000000e+02 1.594671162839999938e-25
1.960000000000000000e+02 1.684081500500000037e-25
1.970000000000000000e+02 1.949797632380000102e-25
1.980000000000000000e+02 1.477262793199999925e-25
1.990000000000000000e+02 1.476836953240000032e-25
2.000000000000000000e+02 1.476019266569999904e-25
2.010000000000000000e+02 1.494712235210000048e-25
2.020000000000000000e+02 1.486862739689999946e-25
2.030000000000000000e+02 1.485826150749999949e-25
2.040000000000000000e+02 1.507808805380000026e-25
2.050000000000000000e+02 1.492201487849999958e-25
2.060000000000000000e+02 1.492804585980000074e-25
2.070000000000000000e+02 1.510029641529999916e-25
2.080000000000000000e+02 1.494243721789999898e-25
2.090000000000000000e+02 1.785895478040000086e-25
2.100000000000000000e+02 1.686891783840000012e-25
2.110000000000000000e+02 1.498562268250000001e-25
2.120000000000000000e+02 1.495584371620000061e-25
2.130000000000000000e+02 1.512789731780000104e-25
2.140000000000000000e+02 1.535297981889999943e-25
2.150000000000000000e+02 1.506209405309999996e-25
2.160000000000000000e+02 1.582541777229999917e-25
2.170000000000000000e+02 1.504691513340000029e-25
2.180000000000000000e+02 1.531669519520000086e-25
2.190000000000000000e+02 1.508026657760000090e-25
2.200000000000000000e+02 1.509860165820000009e-25
2.210000000000000000e+02 1.512079699759999936e-25
2.220000000000000000e+02 1.515817865140000083e-25
2.230000000000000000e+02 1.516715810129999950e-25
2.240000000000000000e+02 1.519062807300000040e-25
2.250000000000000000e+02 1.521449349609999999e-25
2.260000000000000000e+02 1.524494867269999937e-25
2.270000000000000000e+02 1.526944770730000066e-25
2.280000000000000000e+02 1.555920670550000063e-25
2.290000000000000000e+02 1.549134654099999932e-25
2.300000000000000000e+02 1.584479550580000090e-25
2.310000000000000000e+02 1.564106006780000104e-25
2.320000000000000000e+02 1.553308010289999915e-25
2.330000000000000000e+02 1.586201686969999982e-25
2.340000000000000000e+02 1.551292242300000025e-25
2.350000000000000000e+02 1.554348271170000092e-25
2.360000000000000000e+02 1.556775914970000035e-25
2.370000000000000000e+02 1.553450353160000060e-25
2.380000000000000000e+02 1.562692613359999972e-25
2.390000000000000000e+02 1.572502730240000113e-25
2.400000000000000000e+02 1.559208216140000092e-25
2.410000000000000000e+02 1.565776108650000018e-25
2.420000000000000000e+02 1.566199863950000031e-25
2.430000000000000000e+02 1.566051347969999981e-25
2.440000000000000000e+02 1.578972096510000052e-25
2.450000000000000000e+02 1.586428959679999913e-25
2.460000000000000000e+02 1.576702047859999896e-25
2.470000000000000000e+02 1.575369798680000046e-25
2.480000000000000000e+02 1.587051917870000007e-25
2.490000000000000000e+02 1.587937700660000095e-25
2.500000000000000000e+02 1.591458363249999962e-25
2.510000000000000000e+02 1.637957979860000099e-25
2.520000000000000000e+02 1.592081437359999996e-25
2.530000000000000000e+02 1.592006828140000060e-25
2.540000000000000000e+02 1.599615620660000076e-25
2.550000000000000000e+02 1.599040377939999887e-25
2.560000000000000000e+02 1.600225421200000056e-25
2.570000000000000000e+02 1.608823133359999918e-25
2.580000000000000000e+02 1.611197873029999987e-25
2.590000000000000000e+02 1.607113862729999918e-25
2.600000000000000000e+02 1.612674275729999954e-25
2.610000000000000000e+02 1.613557667810000041e-25
2.620000000000000000e+02 1.614202332120000031e-25
2.630000000000000000e+02 1.617656411539999932e-25
2.640000000000000000e+02 1.628282328050000025e-25
2.650000000000000000e+02 1.623733843900000019e-25
2.660000000000000000e+02 1.624669018210000058e-25
2.670000000000000000e+02 1.632128344199999936e-25
2.680000000000000000e+02 1.629863113209999986e-25
2.690000000000000000e+02 1.640540771440000066e-25
2.700000000000000000e+02 1.651466400760000029e-25
2.710000000000000000e+02 1.669489650499999988e-25
2.720000000000000000e+02 1.655024640989999887e-25
2.730000000000000000e+02 1.645602723599999935e-25
2.740000000000000000e+02 1.646043413810000079e-25
2.750000000000000000e+02 1.651809595949999974e-25
2.760000000000000000e+02 1.669826826269999972e-25
2.770000000000000000e+02 1.653632046249999948e-25
2.780000000000000000e+02 1.656032999959999941e-25
2.790000000000000000e+02 1.662545282879999958e-25
2.800000000000000000e+02 1.663301212619999945e-25
2.810000000000000000e+02 1.665302210259999974e-25
2.820000000000000000e+02 1.669553847369999942e-25
2.830000000000000000e+02 1.673357808549999987e-25
2.840000000000000000e+02 1.677635053620000080e-25
2.850000000000000000e+02 1.675386974590000014e-25
2.860000000000000000e+02 1.678044227970000055e-25
2.870000000000000000e+02 1.682260642050000057e-25
2.880000000000000000e+02 1.686341949830000084e-25
2.890000000000000000e+02 1.687565973160000023e-25
2.900000000000000000e+02 1.690145159610000004e-25
2.910000000000000000e+02 1.691944957939999952e-25
2.920000000000000000e+02 1.694998686950000053e-25
2.930000000000000000e+02 1.697881785220000015e-25
2.940000000000000000e+02 1.703769536470000029e-25
2.950000000000000000e+02 1.703522553470000074e-25
2.960000000000000000e+02 1.711802287410000076e-25
2.970000000000000000e+02 1.708901611219999949e-25
2.980000000000000000e+02 1.711583236009999989e-25
2.990000000000000000e+02 1.717240193809999973e-25
3.000000000000000000e+02 1.719772642560000101e-25
3.010000000000000000e+02 1.720282674929999948e-25
3.020000000000000000e+02 1.724122104430000002e-25
3.030000000000000000e+02 1.726497158209999910e-25
3.040000000000000000e+02 1.730707312850000058e-25
3.050000000000000000e+02 1.737952229779999936e-25
3.060000000000000000e+02 1.735473062779999985e-25
3.070000000000000000e+02 1.738702272919999990e-25
3.080000000000000000e+02 1.745424289109999972e-25
3.090000000000000000e+02 1.744040769279999975e-25
3.100000000000000000e+02 1.746708424440000026e-25
3.110000000000000000e+02 1.749639970499999966e-25
3.120000000000000000e+02 1.752652635329999990e-25
3.130000000000000000e+02 1.757597835839999915e-25
3.140000000000000000e+02 1.758656766510000024e-25
3.150000000000000000e+02 1.761593127600000080e-25
3.160000000000000000e+02 1.768086604520000012e-25
3.170000000000000000e+02 1.771786763959999991e-25
3.180000000000000000e+02 1.772681374790000113e-25
3.190000000000000000e+02 1.773726792879999945e-25
3.200000000000000000e+02 1.776766173580000018e-25
3.210000000000000000e+02 1.780178888919999968e-25
3.220000000000000000e+02 1.785003867610000083e-25
3.230000000000000000e+02 1.786145180519999975e-25
3.240000000000000000e+02 1.789780958490000035e-25
3.250000000000000000e+02 1.792218391820000006e-25
3.260000000000000000e+02 1.796033501299999901e-25
3.270000000000000000e+02 1.798496035909999950e-25
3.280000000000000000e+02 1.801966995409999955e-25
3.290000000000000000e+02 1.805015973099999979e-25
3.300000000000000000e+02 1.810510874100000033e-25
3.310000000000000000e+02 1.810967813880000083e-25
3.320000000000000000e+02 1.814080136469999893e-25
3.330000000000000000e+02 1.817239460320000012e-25
3.340000000000000000e+02 1.820440410270000085e-25
3.350000000000000000e+02 1.823689875989999933e-25
3.360000000000000000e+02 1.826855168180000076e-25
3.370000000000000000e+02 1.830387903719999945e-25
3.380000000000000000e+02 1.833356213670000071e-25
3.390000000000000000e+02 1.837528321119999990e-25
3.400000000000000000e+02 1.839933122209999890e-25
3.410000000000000000e+02 1.842982563919999937e-25
3.420000000000000000e+02 1.846300508970000068e-25
3.430000000000000000e+02 1.849970578539999926e-25
3.440000000000000000e+02 1.852751497060000069e-25
3.450000000000000000e+02 1.856008437680000018e-25
3.460000000000000000e+02 1.859313642300000075e-25
3.470000000000000000e+02 1.862648131570000001e-25
3.480000000000000000e+02 1.866347123230000041e-25
3.490000000000000000e+02 1.869280161269999930e-25
3.500000000000000000e+02 1.872911799189999895e-25
3.510000000000000000e+02 1.876371832009999956e-25
3.520000000000000000e+02 1.879350122699999961e-25
3.530000000000000000e+02 1.882727009320000014e-25
3.540000000000000000e+02 1.886020244699999910e-25
3.550000000000000000e+02 1.889423630210000028e-25
3.560000000000000000e+02 1.892932766370000038e-25
3.570000000000000000e+02 1.896994561250000040e-25
3.580000000000000000e+02 1.906795410230000031e-25
3.590000000000000000e+02 1.903129565400000089e-25
3.600000000000000000e+02 1.906546606009999900e-25
3.610000000000000000e+02 1.909925160260000086e-25
3.620000000000000000e+02 1.913406044100000045e-25
3.630000000000000000e+02 1.916824963719999987e-25
3.640000000000000000e+02 1.920297740490000046e-25
3.650000000000000000e+02 1.923904474840000030e-25
3.660000000000000000e+02 1.927471084039999953e-25
3.670000000000000000e+02 1.930791888380000064e-25
3.680000000000000000e+02 1.934304546129999908e-25
3.690000000000000000e+02 1.937898433049999986e-25
3.700000000000000000e+02 1.941446613699999998e-25
3.710000000000000000e+02 1.944926287519999993e-25
3.720000000000000000e+02 1.948479326650000078e-25
3.735000000000000000e+02 1.953874140585000024e-25
3.760000000000000000e+02 1.965538026956666597e-25
3.795000000000000000e+02 1.975547602212499866e-25
3.835000000000000000e+02 1.990234988649999895e-25
3.875000000000000000e+02 2.005074551022499775e-25
3.915000000000000000e+02 2.020339743622499882e-25
3.955000000000000000e+02 2.037034769100000317e-25
3.995000000000000000e+02 2.050761616612500181e-25
4.035000000000000000e+02 2.066402277159999931e-25
4.075000000000000000e+02 2.082183832765000234e-25
4.115000000000000000e+02 2.098764288824999925e-25
4.155000000000000000e+02 2.116533731552500181e-25
4.195000000000000000e+02 2.130848400054999926e-25
4.235000000000000000e+02 2.147485160069999973e-25
4.280000000000000000e+02 2.166447275807999663e-25
4.325000000000000000e+02 2.185699305705000343e-25
4.365000000000000000e+02 2.203048056532500318e-25
4.410000000000000000e+02 2.222854457489999975e-25
4.455000000000000000e+02 2.242931714475000082e-25
4.495000000000000000e+02 2.261041341290000167e-25
4.540000000000000000e+02 2.281711541886000246e-25
4.590000000000000000e+02 2.305043109716000029e-25
4.635000000000000000e+02 2.326368662457500240e-25
4.680000000000000000e+02 2.348033950011999658e-25
4.725000000000000000e+02 2.370024525677500061e-25
4.770000000000000000e+02 2.392367940863999806e-25
4.820000000000000000e+02 2.417595240369999967e-25
4.870000000000000000e+02 2.443267402204000075e-25
4.920000000000000000e+02 2.469384922322000114e-25
4.970000000000000000e+02 2.495968055360000132e-25
5.020000000000000000e+02 2.523027885908000172e-25
5.070000000000000000e+02 2.550575096787999520e-25
5.120000000000000000e+02 2.578615621599999959e-25
5.170000000000000000e+02 2.607168100243999889e-25
5.220000000000000000e+02 2.636245592764000121e-25
5.270000000000000000e+02 2.665863649402000057e-25
5.325000000000000000e+02 2.699084600188333336e-25
5.380000000000000000e+02 2.732970658510000342e-25
5.430000000000000000e+02 2.764397293532000176e-25
5.485000000000000000e+02 2.799669924298333132e-25
5.540000000000000000e+02 2.835664855395999943e-25
5.595000000000000000e+02 2.872447880380000301e-25
5.655000000000000000e+02 2.913463723699999859e-25
5.710000000000000000e+02 2.951899746609999772e-25
5.765000000000000000e+02 2.991199548009999409e-25
5.825000000000000000e+02 3.035045311266666374e-25
5.885000000000000000e+02 3.079954024508333336e-25
5.945000000000000000e+02 3.125961264419999559e-25
6.005000000000000000e+02 3.173104289336666634e-25
6.065000000000000000e+02 3.221422163620000213e-25
6.125000000000000000e+02 3.270955281543332954e-25
6.185000000000000000e+02 3.321745987426666853e-25
6.245000000000000000e+02 3.373838551228333861e-25
6.305000000000000000e+02 3.427279239353333122e-25
6.370000000000000000e+02 3.486772110502857299e-25
6.435000000000000000e+02 3.547924643761666668e-25
6.500000000000000000e+02 3.610893103138571002e-25
6.565000000000000000e+02 3.675655833933333440e-25
6.630000000000000000e+02 3.742384133927143299e-25
6.695000000000000000e+02 3.811055320035000288e-25
6.760000000000000000e+02 3.881857154171428526e-25
6.830000000000000000e+02 3.960499297801428093e-25
6.900000000000000000e+02 4.041765352572857413e-25
6.970000000000000000e+02 4.125776960894285821e-25
7.040000000000000000e+02 4.212662925739999970e-25
7.110000000000000000e+02 4.302557538021428862e-25
7.180000000000000000e+02 4.395606741941428559e-25
7.250000000000000000e+02 4.491962988541428547e-25
7.320000000000000000e+02 4.591787863104286245e-25
7.395000000000000000e+02 4.702839055328749577e-25
7.470000000000000000e+02 4.818199695022857726e-25
7.545000000000000000e+02 4.938314692402500568e-25
7.620000000000000000e+02 5.063225486205714523e-25
7.695000000000000000e+02 5.193440917533750489e-25
7.775000000000000000e+02 5.338328529648749456e-25
7.855000000000000000e+02 5.489844470201250287e-25
7.930000000000000000e+02 5.638203007918572388e-25
8.005000000000000000e+02 5.793285211487500557e-25
8.085000000000000000e+02 5.966315363413749110e-25
8.170000000000000000e+02 6.159531949317778447e-25
8.255000000000000000e+02 6.362788864182499616e-25
8.335000000000000000e+02 6.564192294803750451e-25
8.415000000000000000e+02 6.776009072146250275e-25
8.500000000000000000e+02 7.013467907798888898e-25
8.585000000000000000e+02 7.264199688099999064e-25
8.670000000000000000e+02 7.529876195561111258e-25
8.760000000000000000e+02 7.828324725091111814e-25
8.850000000000000000e+02 8.146138807958888635e-25
8.935000000000000000e+02 8.465344232727497962e-25
9.020000000000000000e+02 8.805563785293333030e-25
9.115000000000000000e+02 9.211855831827998750e-25
9.210000000000000000e+02 9.648662795208886716e-25
9.300000000000000000e+02 1.009347065488333193e-24
9.390000000000000000e+02 1.057256908365555585e-24
9.485000000000000000e+02 1.111863242166999881e-24
9.580000000000000000e+02 1.170913473682222214e-24
9.675000000000000000e+02 1.235179028511999975e-24
9.775000000000000000e+02 1.310896848349999925e-24
9.870000000000000000e+02 1.387107049951111086e-24
9.965000000000000000e+02 1.472434151531000155e-24
1.006500000000000000e+03 1.580037834597999737e-24
1.016500000000000000e+03 1.690445065037000020e-24
1.027000000000000000e+03 1.836751988059091259e-24
1.037500000000000000e+03 2.024761587479000233e-24
1.047500000000000000e+03 2.240121975801999859e-24
1.058000000000000000e+03 2.525159127055454612e-24
1.069000000000000000e+03 3.317981306074545145e-24
1.079500000000000000e+03 3.500702463355000748e-24
1.090000000000000000e+03 5.501599529485454244e-24
1.101000000000000000e+03 6.950062149210908400e-24
1.112000000000000000e+03 1.039163897000000133e-23
1.123000000000000000e+03 1.233387728546727280e-23
1.134500000000000000e+03 1.554829889218250148e-23
1.146000000000000000e+03 2.519646944585181985e-23
1.157500000000000000e+03 3.555641642190833507e-23
1.169000000000000000e+03 3.680167152976362921e-23
1.180500000000000000e+03 6.533370736223333985e-23
1.192500000000000000e+03 1.040483131423916524e-22
1.204500000000000000e+03 2.130922996674166565e-22
1.216500000000000000e+03 7.392178792134250476e-22
1.228500000000000000e+03 1.421318001083166843e-21
1.240500000000000000e+03 1.049338334914091307e-20
1.253000000000000000e+03 1.134264500576730472e-20
1.266000000000000000e+03 2.598529662629769411e-20
1.278500000000000000e+03 3.768966210578415780e-20
1.291000000000000000e+03 2.141158866142230490e-20
1.304000000000000000e+03 1.311878084132184523e-19
1.317000000000000000e+03 2.420235000651769098e-20
1.330000000000000000e+03 5.237955680619846594e-20
1.343500000000000000e+03 8.095751758342284344e-20
1.357000000000000000e+03 2.991304385584769231e-20
1.370500000000000000e+03 3.115746277776000189e-21
1.384500000000000000e+03 4.378659653071500000e-22
1.398500000000000000e+03 1.465893878209928587e-22
1.412500000000000000e+03 9.496282093403571081e-23
1.426500000000000000e+03 1.423393678903357374e-22
1.440500000000000000e+03 1.977333791857357122e-22
1.455000000000000000e+03 2.644932889887599901e-22
1.469500000000000000e+03 3.984372366653571919e-22
1.484000000000000000e+03 6.596372953636998127e-23
1.499000000000000000e+03 6.020952914806198550e-23
1.514000000000000000e+03 8.610049367564666472e-24
1.529000000000000000e+03 2.530029123203267215e-22
1.544500000000000000e+03 4.640210202606937163e-22
1.560000000000000000e+03 4.203796107279000382e-23
1.575500000000000000e+03 5.050606112910936933e-23
1.591500000000000000e+03 1.446594918213487380e-22
1.607500000000000000e+03 1.887664917849493650e-22
1.623500000000000000e+03 1.053056809787899852e-22
1.639500000000000000e+03 8.456909408100126011e-23
1.656000000000000000e+03 9.607452171485294537e-24
1.672500000000000000e+03 2.548010274780124906e-23
1.689000000000000000e+03 4.623597707355882443e-24
1.706000000000000000e+03 3.361297344023528503e-24
1.723000000000000000e+03 2.210341028132352750e-24
1.740500000000000000e+03 1.722982081796666710e-24
1.758000000000000000e+03 1.314480805400823185e-24
1.775500000000000000e+03 1.670152199819055858e-24
1.793500000000000000e+03 1.706578000094611291e-24
1.811500000000000000e+03 1.272262335258500046e-24
1.829500000000000000e+03 1.070632737958777869e-24
1.847500000000000000e+03 8.466754663962222389e-25
1.866000000000000000e+03 7.279317587764737075e-25
1.884500000000000000e+03 6.786885308858333250e-25
1.903000000000000000e+03 6.318358847121578801e-25
1.922000000000000000e+03 6.109053996192630944e-25
1.941500000000000000e+03 5.963250921480498997e-25
1.961000000000000000e+03 5.859836549460001094e-25
1.980500000000000000e+03 5.774664843126999842e-25
2.000500000000000000e+03 5.714069066501000602e-25
2.020500000000000000e+03 5.677523260009498854e-25
2.040500000000000000e+03 5.670964822614999230e-25
2.061000000000000000e+03 5.758100235924286270e-25
2.082000000000000000e+03 5.959076417798095494e-25
2.102500000000000000e+03 8.889472425233502031e-25
2.123500000000000000e+03 1.133239708304636044e-24
2.145000000000000000e+03 3.153666291504857649e-24
2.166500000000000000e+03 1.422268589920727115e-24
2.188000000000000000e+03 2.223732490317523807e-24
2.209500000000000000e+03 5.910110399858226152e-24
2.231500000000000000e+03 2.934569073377590456e-24
2.254000000000000000e+03 6.149750788807477340e-24
2.277000000000000000e+03 4.241863727163695538e-24
2.299500000000000000e+03 1.816322606818727346e-24
2.322500000000000000e+03 2.235187757317207693e-24
2.346000000000000000e+03 2.512213639720999620e-24
2.369000000000000000e+03 5.757927881351737440e-24
2.392500000000000000e+03 9.757450748141250436e-24
2.416500000000000000e+03 1.459766388751874627e-23
2.441000000000000000e+03 4.194498134385759893e-23
2.465500000000000000e+03 5.893787067093707684e-23
2.490000000000000000e+03 7.768618438336280030e-23
2.515000000000000000e+03 1.146889262079456110e-22
2.540000000000000000e+03 9.917254621966722680e-23
2.565500000000000000e+03 2.733067617046692182e-22
2.591500000000000000e+03 3.169977861742500341e-22
2.617500000000000000e+03 2.020589391998769134e-22
2.643500000000000000e+03 3.610218082305807720e-22
2.669500000000000000e+03 2.114651448020346211e-22
2.696000000000000000e+03 3.546877287927333032e-22
2.723000000000000000e+03 4.878049880607665218e-22
2.750500000000000000e+03 7.328144087966034665e-22
2.778000000000000000e+03 8.313156657677739202e-22
2.805500000000000000e+03 1.254994933815714441e-21
2.834000000000000000e+03 2.203580315542792817e-21
2.862500000000000000e+03 2.563694722399857610e-21
2.891000000000000000e+03 3.921875378608483012e-21
2.920000000000000000e+03 1.209749994751306774e-20
2.949000000000000000e+03 3.511312595084652133e-20
2.978500000000000000e+03 6.063302037212098583e-20
3.008500000000000000e+03 9.103631449434007425e-20
3.038500000000000000e+03 1.441883890339083663e-20
3.068500000000000000e+03 3.136466288365666437e-20
3.099000000000000000e+03 6.927202023195581265e-20
3.130000000000000000e+03 4.703950798444613223e-21
3.161500000000000000e+03 1.001060652894674667e-21
3.193500000000000000e+03 7.956379764300310070e-23
3.225500000000000000e+03 1.173325795176561824e-23
3.257500000000000000e+03 7.169789727777815159e-24
3.290000000000000000e+03 4.863303388140302135e-24
3.323000000000000000e+03 3.802727088819999588e-24
3.356000000000000000e+03 3.144399502912424070e-24
3.389500000000000000e+03 2.552519905953529825e-24
3.423500000000000000e+03 2.115849137175294507e-24
3.458000000000000000e+03 1.936714703428571691e-24
3.492500000000000000e+03 1.873804451942353317e-24
3.527000000000000000e+03 1.578906530562285832e-24
3.562500000000000000e+03 1.440928758877499680e-24
3.598500000000000000e+03 1.092955415742944365e-24
3.634500000000000000e+03 1.098401521316555611e-24
3.670500000000000000e+03 1.352187826339139393e-24
3.707000000000000000e+03 1.883917042956567967e-24
3.744500000000000000e+03 2.968367816239236973e-24
3.782000000000000000e+03 1.784858074159189159e-23
3.819500000000000000e+03 1.205684100933671352e-22
3.858000000000000000e+03 3.021942346171538078e-22
3.896500000000000000e+03 3.142383525401763500e-22
3.935000000000000000e+03 4.670301459154513315e-23
3.974500000000000000e+03 4.487453115099674085e-23
4.014500000000000000e+03 3.740722707891050626e-23
4.054500000000000000e+03 5.671381227853800941e-23
4.095000000000000000e+03 1.725682691763561187e-22
4.136000000000000000e+03 3.749937853265390059e-22
4.177500000000000000e+03 1.315227837221880656e-21
4.219500000000000000e+03 3.531436793865333995e-21
4.261500000000000000e+03 2.780798047441856634e-21
4.304000000000000000e+03 2.515830420566713440e-21
4.347000000000000000e+03 3.266350596992702949e-21
4.390500000000000000e+03 1.616375966084749891e-21
4.434500000000000000e+03 1.093184388135568098e-21
4.479000000000000000e+03 6.510865418317910267e-22
4.524000000000000000e+03 5.467784822825843660e-22
4.569000000000000000e+03 1.763077769076444556e-22
4.614500000000000000e+03 1.495496515302141449e-22
4.660500000000000000e+03 3.718275311759312405e-23
4.707000000000000000e+03 2.232577272701489230e-24
4.754500000000000000e+03 3.225657532215207788e-25
4.802000000000000000e+03 2.359329760758935897e-25
4.850000000000000000e+03 2.189638316051224492e-25
4.898500000000000000e+03 2.156162377094999766e-25
4.947500000000000000e+03 2.644088244841400324e-25
4.997000000000000000e+03 5.020985633541632247e-25
5.047000000000000000e+03 1.145073096533176522e-24
5.097500000000000000e+03 1.291831595420059456e-24
5.148000000000000000e+03 2.255834007231862613e-24
5.199500000000000000e+03 4.174775134591096479e-24
5.251500000000000000e+03 2.843789085128578187e-24
5.304000000000000000e+03 2.077675668808717558e-24
5.357500000000000000e+03 7.458971113495925627e-24
5.411000000000000000e+03 1.513523398392283093e-23
5.465000000000000000e+03 2.505712416903072658e-23
5.520000000000000000e+03 5.102935071407619213e-23
5.575000000000000000e+03 1.404707619754768965e-22
5.630500000000000000e+03 1.245820441958035629e-22
5.687000000000000000e+03 5.832088662414386846e-23
5.744000000000000000e+03 1.059818870465105318e-22
5.801500000000000000e+03 2.258657106053362152e-22
5.859500000000000000e+03 2.479190192992223855e-22
5.918000000000000000e+03 2.006627106279525740e-22
5.977000000000000000e+03 3.666824903220118987e-22
6.036500000000000000e+03 5.081750454860644246e-22
6.097000000000000000e+03 5.093394204451442916e-22
6.158000000000000000e+03 4.173205643565752705e-23
6.219500000000000000e+03 1.931355103264144530e-24
6.282000000000000000e+03 1.922520960356285865e-25
6.345000000000000000e+03 1.051785286755460287e-25
6.408500000000000000e+03 1.508784938711593817e-25
6.472500000000000000e+03 1.280719487084687709e-25
6.537000000000000000e+03 2.166946188122738891e-25
6.602500000000000000e+03 4.591210091826513705e-25
6.668500000000000000e+03 6.730237645673329672e-25
6.735000000000000000e+03 3.624484940660880170e-24
6.802500000000000000e+03 5.483061900084485714e-24
6.870500000000000000e+03 5.056310604037941336e-24
6.939000000000000000e+03 1.046136913469826639e-23
7.008500000000000000e+03 2.464207318737543097e-23
7.078500000000000000e+03 5.727764545581743487e-23
7.149500000000000000e+03 7.686711972050280406e-23
7.221000000000000000e+03 9.199086615456194715e-23
7.293000000000000000e+03 6.584533943426848712e-23
7.366000000000000000e+03 6.410690220095205283e-23
7.439500000000000000e+03 6.107487260275757184e-23
7.514000000000000000e+03 8.547421408656961264e-23
7.589500000000000000e+03 2.697039031216071357e-23
7.665500000000000000e+03 1.980383282602959986e-24
7.742000000000000000e+03 1.039835124508740276e-25
7.819500000000000000e+03 4.874272623519486810e-26
7.897500000000000000e+03 7.078658509008207071e-26
7.976500000000000000e+03 2.923541119147999685e-26
8.056500000000000000e+03 1.760135230865250328e-25
8.137000000000000000e+03 4.643267697879803573e-25
8.218000000000000000e+03 6.859604247531543162e-25
8.300000000000000000e+03 3.387371734150481456e-24
8.383500000000000000e+03 1.188795373646535699e-23
8.467500000000000000e+03 2.027773714887523413e-23
8.552000000000000000e+03 4.865952604577293568e-23
8.637500000000000000e+03 6.999992913713372035e-23
8.724000000000000000e+03 2.537594198842459258e-23
8.811000000000000000e+03 2.567471422873448320e-23
8.899000000000000000e+03 2.392530467969741832e-23
8.988000000000000000e+03 4.849351561746583788e-24
9.078000000000000000e+03 4.172931649876107562e-25
9.169000000000000000e+03 3.773487256185936386e-25
9.260500000000000000e+03 1.313985551193478035e-26
9.353000000000000000e+03 1.216058669891075482e-26
9.446500000000000000e+03 1.148685599510851253e-26
9.541000000000000000e+03 1.095015481997788594e-26
9.636500000000000000e+03 1.049510473550312678e-26
9.733000000000000000e+03 1.009464613721236793e-26
9.830000000000000000e+03 9.735419391973913049e-27
9.928000000000000000e+03 9.406346194810208738e-27
9.989000000000000000e+03 9.214645785709999111e-27
