1.000000000000000000e+01 1.845360381219999852e-27
1.100000000000000000e+01 1.128895142019999959e-27
1.200000000000000000e+01 1.127205957420000043e-27
1.300000000000000000e+01 1.129846544519999913e-27
1.400000000000000000e+01 1.130872892419999958e-27
1.500000000000000000e+01 1.148942394000000025e-27
1.600000000000000000e+01 1.133712108539999925e-27
1.700000000000000000e+01 1.134884774259999949e-27
1.800000000000000000e+01 1.136825681740000031e-27
1.900000000000000000e+01 1.169171824239999927e-27
2.000000000000000000e+01 1.140300323830000035e-27
2.100000000000000000e+01 1.147694746549999957e-27
2.200000000000000000e+01 1.376544471819999925e-27
2.300000000000000000e+01 1.666178013430000152e-27
2.400000000000000000e+01 1.283250616939999958e-27
2.500000000000000000e+01 1.183555004010000004e-27
2.600000000000000000e+01 6.985063255209999812e-27
2.700000000000000000e+01 1.155949835400000083e-27
2.800000000000000000e+01 1.157398432000000003e-27
2.900000000000000000e+01 8.852861223879999733e-27
3.000000000000000000e+01 1.262355659730000063e-27
3.100000000000000000e+01 2.126877179290000054e-27
3.200000000000000000e+01 1.162064702629999960e-27
3.300000000000000000e+01 1.181716128740000058e-27
3.400000000000000000e+01 2.049554135960000091e-27
3.500000000000000000e+01 1.540854467450000007e-27
3.600000000000000000e+01 1.176241342620000062e-27
3.700000000000000000e+01 1.172947783939999921e-27
3.800000000000000000e+01 1.194093123909999958e-27
3.900000000000000000e+01 1.251885440559999919e-27
4.000000000000000000e+01 1.228308468679999987e-27
4.100000000000000000e+01 1.852266261879999830e-27
4.200000000000000000e+01 2.044244885360000173e-27
4.300000000000000000e+01 1.211246485110000071e-27
4.400000000000000000e+01 1.198337941639999996e-27
4.500000000000000000e+01 5.281909628349999881e-27
4.600000000000000000e+01 1.244433511829999914e-27
4.700000000000000000e+01 1.274768178000000057e-27
4.800000000000000000e+01 1.195147249819999993e-27
4.900000000000000000e+01 1.440973928300000026e-27
5.000000000000000000e+01 1.259479907159999955e-27
5.100000000000000000e+01 1.235925415130000060e-27
5.200000000000000000e+01 1.396499431340000062e-27
5.300000000000000000e+01 1.261833938890000034e-27
5.400000000000000000e+01 4.780693158950000256e-25
5.500000000000000000e+01 1.204409615099999959e-27
5.600000000000000000e+01 1.834123860049999906e-27
5.700000000000000000e+01 1.980946765070000142e-27
5.800000000000000000e+01 1.243208087960000063e-27
5.900000000000000000e+01 3.643045552780000142e-27
6.000000000000000000e+01 1.214637538669999973e-27
6.100000000000000000e+01 1.223621474549999929e-27
6.200000000000000000e+01 1.917322189039999832e-27
6.300000000000000000e+01 2.274558507920000074e-27
6.400000000000000000e+01 1.335660495110000029e-27
6.500000000000000000e+01 1.309923625430000046e-27
6.600000000000000000e+01 1.267971789070000065e-27
6.700000000000000000e+01 2.111126680099999918e-27
6.800000000000000000e+01 1.245736108140000084e-27
6.900000000000000000e+01 1.469530975870000022e-27
7.000000000000000000e+01 3.175848034650000019e-27
7.100000000000000000e+01 1.264036173659999913e-27
7.200000000000000000e+01 1.448151418500000089e-27
7.300000000000000000e+01 5.189071187260000133e-27
7.400000000000000000e+01 2.032292868600000152e-27
7.500000000000000000e+01 1.283663146229999925e-27
7.600000000000000000e+01 4.441924168789999923e-27
7.700000000000000000e+01 1.274257513049999984e-27
7.800000000000000000e+01 1.270558001630000083e-27
7.900000000000000000e+01 1.726692571329999955e-27
8.000000000000000000e+01 1.323718814849999981e-27
8.100000000000000000e+01 1.434698111140000048e-26
8.200000000000000000e+01 1.527889006319999959e-27
8.300000000000000000e+01 1.959818759120000005e-27
8.400000000000000000e+01 2.813722976669999863e-27
8.500000000000000000e+01 1.767167987830000037e-27
8.600000000000000000e+01 1.301533904480000058e-27
8.700000000000000000e+01 1.279827385239999995e-27
8.800000000000000000e+01 1.293704725050000024e-27
8.900000000000000000e+01 1.499427874110000083e-27
9.000000000000000000e+01 1.436929176569999933e-27
9.100000000000000000e+01 1.304780017450000082e-27
9.200000000000000000e+01 1.357824218029999979e-27
9.300000000000000000e+01 1.947486832010000100e-27
9.400000000000000000e+01 2.933055974280000140e-25
9.500000000000000000e+01 1.667603614979999958e-27
9.600000000000000000e+01 1.350814193659999986e-27
9.700000000000000000e+01 1.376280203879999951e-27
9.800000000000000000e+01 3.423287768790000247e-27
9.900000000000000000e+01 2.632953734770000120e-27
1.000000000000000000e+02 3.183323260820000111e-26
1.010000000000000000e+02 1.429530969890000076e-27
1.020000000000000000e+02 1.351983232980000008e-27
1.030000000000000000e+02 1.505151055380000043e-27
1.040000000000000000e+02 1.211324940079999911e-25
1.050000000000000000e+02 2.030897628129999978e-27
1.060000000000000000e+02 1.407888194590000084e-27
1.070000000000000000e+02 1.369395947720000079e-27
1.080000000000000000e+02 1.343144853480000030e-27
1.090000000000000000e+02 1.325623992700000053e-27
1.100000000000000000e+02 1.413124628850000072e-27
1.110000000000000000e+02 1.354543143369999956e-27
1.120000000000000000e+02 1.388312167940000040e-27
1.130000000000000000e+02 2.263552691230000150e-27
1.140000000000000000e+02 2.218934609890000051e-27
1.150000000000000000e+02 1.572479419100000059e-25
1.160000000000000000e+02 1.493782962189999916e-27
1.170000000000000000e+02 1.815365753340000155e-27
1.180000000000000000e+02 2.461875329270000118e-27
1.190000000000000000e+02 5.246434091670000124e-26
1.200000000000000000e+02 1.342147444820000024e-27
1.210000000000000000e+02 1.343297254409999981e-27
1.220000000000000000e+02 1.562626114430000063e-27
1.230000000000000000e+02 1.434820563070000016e-27
1.240000000000000000e+02 2.085955586340000103e-27
1.250000000000000000e+02 7.204254598189999937e-26
1.260000000000000000e+02 1.811115376500000144e-27
1.270000000000000000e+02 1.479523490739999916e-27
1.280000000000000000e+02 1.352021343370000070e-27
1.290000000000000000e+02 1.348507640539999978e-27
1.300000000000000000e+02 1.344472331170000029e-27
1.310000000000000000e+02 1.365122987110000079e-27
1.320000000000000000e+02 1.379917868860000041e-27
1.330000000000000000e+02 1.383913994799999921e-27
1.340000000000000000e+02 1.483469879640000026e-27
1.350000000000000000e+02 4.708071111429999798e-26
1.360000000000000000e+02 2.768377031089999860e-27
1.370000000000000000e+02 2.226582615249999851e-27
1.380000000000000000e+02 3.199912430109999969e-27
1.390000000000000000e+02 1.381871581409999973e-27
1.400000000000000000e+02 1.399945179670000043e-27
1.410000000000000000e+02 1.358782576000000021e-27
1.420000000000000000e+02 1.369896373439999935e-27
1.430000000000000000e+02 1.378060473969999988e-27
1.440000000000000000e+02 1.426800942350000048e-27
1.450000000000000000e+02 4.454994363870000256e-27
1.460000000000000000e+02 3.404921174840000252e-27
1.470000000000000000e+02 1.566705327849999943e-27
1.480000000000000000e+02 1.401988278269999925e-27
1.490000000000000000e+02 1.575634246570000024e-27
1.500000000000000000e+02 1.387685670109999966e-27
1.510000000000000000e+02 1.741441553539999996e-27
1.520000000000000000e+02 1.519258464770000028e-27
1.530000000000000000e+02 1.441404425670000046e-27
1.540000000000000000e+02 1.445144971469999961e-27
1.550000000000000000e+02 2.556574182379999882e-27
1.560000000000000000e+02 3.256540081519999997e-27
1.570000000000000000e+02 1.552756200830000068e-27
1.580000000000000000e+02 1.934758898289999832e-27
1.590000000000000000e+02 1.396671146580000038e-27
1.600000000000000000e+02 1.390170697020000060e-27
1.610000000000000000e+02 1.435649836269999921e-27
1.620000000000000000e+02 1.391475352670000000e-27
1.630000000000000000e+02 1.403024996220000059e-27
1.640000000000000000e+02 1.411442860409999997e-27
1.650000000000000000e+02 1.558785877610000041e-27
1.660000000000000000e+02 2.173998830860000121e-27
1.670000000000000000e+02 1.611086578590000003e-27
1.680000000000000000e+02 1.410907634379999957e-27
1.690000000000000000e+02 1.410491347530000000e-27
1.700000000000000000e+02 1.421529072760000053e-27
1.710000000000000000e+02 1.418967366540000009e-27
1.720000000000000000e+02 1.413245959119999941e-27
1.730000000000000000e+02 3.089558230720000037e-27
1.740000000000000000e+02 2.134647683109999836e-27
1.750000000000000000e+02 1.488585534230000042e-27
1.760000000000000000e+02 6.062829231420000520e-26
1.770000000000000000e+02 1.556733641900000023e-27
1.780000000000000000e+02 1.017685148340000038e-26
1.790000000000000000e+02 1.468175111370000072e-27
1.800000000000000000e+02 1.425033622489999995e-27
1.810000000000000000e+02 1.426987782639999977e-27
1.820000000000000000e+02 1.429218336940000030e-27
1.830000000000000000e+02 1.780168258609999905e-27
1.840000000000000000e+02 1.435536922430000085e-27
1.850000000000000000e+02 1.755052126249999977e-27
1.860000000000000000e+02 2.016321504550000067e-27
1.870000000000000000e+02 1.810434802160000061e-27
1.880000000000000000e+02 1.454101202329999926e-27
1.890000000000000000e+02 1.458193348130000049e-27
1.900000000000000000e+02 5.589141762399999959e-27
1.910000000000000000e+02 1.697091936819999881e-27
1.920000000000000000e+02 1.644001952270000126e-27
1.930000000000000000e+02 1.465480402709999978e-27
1.940000000000000000e+02 1.865513082649999954e-27
1.950000000000000000e+02 3.186111999210000177e-27
1.960000000000000000e+02 2.303144732090000094e-27
1.970000000000000000e+02 4.091409028250000154e-26
1.980000000000000000e+02 1.549210047529999912e-27
1.990000000000000000e+02 1.481648865470000014e-27
2.000000000000000000e+02 1.481431056819999921e-27
2.010000000000000000e+02 1.627037439879999847e-27
2.020000000000000000e+02 1.490535980390000020e-27
2.030000000000000000e+02 1.509819700899999975e-27
2.040000000000000000e+02 1.579124877890000086e-27
2.050000000000000000e+02 1.550520729580000012e-27
2.060000000000000000e+02 1.501469446559999998e-27
2.070000000000000000e+02 1.563573938319999968e-27
2.080000000000000000e+02 1.495861315319999979e-27
2.090000000000000000e+02 7.343568812599999666e-27
2.100000000000000000e+02 1.806547839019999905e-27
2.110000000000000000e+02 1.507415698409999938e-27
2.120000000000000000e+02 1.503710803579999912e-27
2.130000000000000000e+02 1.514262949409999937e-27
2.140000000000000000e+02 3.224101667580000169e-27
2.150000000000000000e+02 2.930297819140000030e-27
2.160000000000000000e+02 1.642023162639999978e-27
2.170000000000000000e+02 1.505527917629999911e-27
2.180000000000000000e+02 2.061393058100000141e-27
2.190000000000000000e+02 1.508042004230000082e-27
2.200000000000000000e+02 1.510055289529999935e-27
2.210000000000000000e+02 1.512265662689999981e-27
2.220000000000000000e+02 1.517603968830000002e-27
2.230000000000000000e+02 1.517379113599999957e-27
2.240000000000000000e+02 1.519193977409999935e-27
2.250000000000000000e+02 1.521494973360000073e-27
2.260000000000000000e+02 1.526469351609999954e-27
2.270000000000000000e+02 1.527701145209999920e-27
2.280000000000000000e+02 1.696118444949999841e-27
2.290000000000000000e+02 1.553426749260000034e-27
2.300000000000000000e+02 1.766282223909999843e-27
2.310000000000000000e+02 1.571300003929999965e-27
2.320000000000000000e+02 1.556353869250000056e-27
2.330000000000000000e+02 1.630395729660000140e-27
2.340000000000000000e+02 1.618607129019999917e-27
2.350000000000000000e+02 1.584337840159999916e-27
2.360000000000000000e+02 1.565498121360000056e-27
2.370000000000000000e+02 1.554547846669999917e-27
2.380000000000000000e+02 1.567337420510000058e-27
2.390000000000000000e+02 1.853133676270000150e-27
2.400000000000000000e+02 1.559449528220000067e-27
2.410000000000000000e+02 1.570996652990000089e-27
2.420000000000000000e+02 1.569215502509999932e-27
2.430000000000000000e+02 1.571431185910000022e-27
2.440000000000000000e+02 1.592291859290000085e-27
2.450000000000000000e+02 1.597962880169999955e-27
2.460000000000000000e+02 1.627679471250000137e-27
2.470000000000000000e+02 1.575437532529999915e-27
2.480000000000000000e+02 1.779851052209999868e-27
2.490000000000000000e+02 1.589508234899999961e-27
2.500000000000000000e+02 1.592990897359999968e-27
2.510000000000000000e+02 1.745082949169999956e-27
2.520000000000000000e+02 1.594249920829999974e-27
2.530000000000000000e+02 2.390790899589999926e-27
2.540000000000000000e+02 1.601598202399999949e-27
2.550000000000000000e+02 1.599743972209999995e-27
2.560000000000000000e+02 1.600623212100000080e-27
2.570000000000000000e+02 1.612584178619999922e-27
2.580000000000000000e+02 1.792453891180000131e-27
2.590000000000000000e+02 2.202994652320000022e-27
2.600000000000000000e+02 1.613044180459999955e-27
2.610000000000000000e+02 1.614109111070000054e-27
2.620000000000000000e+02 1.614229951200000085e-27
2.630000000000000000e+02 1.617749348990000005e-27
2.640000000000000000e+02 1.631544367839999963e-27
2.650000000000000000e+02 1.631944287230000062e-27
2.660000000000000000e+02 1.632265083460000096e-27
2.670000000000000000e+02 1.675640436160000038e-27
2.680000000000000000e+02 1.630102065410000122e-27
2.690000000000000000e+02 3.537243028270000190e-27
2.700000000000000000e+02 1.701050045029999965e-27
2.710000000000000000e+02 1.689469999960000086e-27
2.720000000000000000e+02 1.892937264320000132e-27
2.730000000000000000e+02 1.663591262099999892e-27
2.740000000000000000e+02 1.646240560309999855e-27
2.750000000000000000e+02 1.654219438300000117e-27
2.760000000000000000e+02 1.700649918479999836e-27
2.770000000000000000e+02 1.653683619680000130e-27
2.780000000000000000e+02 1.665785232169999874e-27
2.790000000000000000e+02 1.684247494399999974e-27
2.800000000000000000e+02 1.694899573640000075e-27
2.810000000000000000e+02 1.665490593799999891e-27
2.820000000000000000e+02 1.670321177030000024e-27
2.830000000000000000e+02 1.674244565629999854e-27
2.840000000000000000e+02 1.701221660429999969e-27
2.850000000000000000e+02 1.675832630339999835e-27
2.860000000000000000e+02 1.685078910759999893e-27
2.870000000000000000e+02 1.683629603039999864e-27
2.880000000000000000e+02 1.690897122499999915e-27
2.890000000000000000e+02 1.687676186539999943e-27
2.900000000000000000e+02 1.802612256040000167e-27
2.910000000000000000e+02 1.692056547349999978e-27
2.920000000000000000e+02 1.695138063470000125e-27
2.930000000000000000e+02 1.697936165429999896e-27
2.940000000000000000e+02 1.704418343050000000e-27
2.950000000000000000e+02 1.703596573320000149e-27
2.960000000000000000e+02 1.717115385440000167e-27
2.970000000000000000e+02 1.713423298909999857e-27
2.980000000000000000e+02 1.711829300700000032e-27
2.990000000000000000e+02 1.733484299370000143e-27
3.000000000000000000e+02 1.728559730780000018e-27
3.010000000000000000e+02 1.720300106769999828e-27
3.020000000000000000e+02 1.737006345080000148e-27
3.030000000000000000e+02 1.726859791280000088e-27
3.040000000000000000e+02 1.730848545370000138e-27
3.050000000000000000e+02 1.740085391860000141e-27
3.060000000000000000e+02 1.735552472370000113e-27
3.070000000000000000e+02 1.743299745640000062e-27
3.080000000000000000e+02 1.750443105299999957e-27
3.090000000000000000e+02 1.744379415189999962e-27
3.100000000000000000e+02 1.746859652739999879e-27
3.110000000000000000e+02 1.749685242519999870e-27
3.120000000000000000e+02 1.752675332240000149e-27
3.130000000000000000e+02 1.758962534489999861e-27
3.140000000000000000e+02 1.758691288779999885e-27
3.150000000000000000e+02 1.761624112349999932e-27
3.160000000000000000e+02 1.770154435179999992e-27
3.170000000000000000e+02 1.786238269100000173e-27
3.180000000000000000e+02 1.773392889509999983e-27
3.190000000000000000e+02 1.773736382840000127e-27
3.200000000000000000e+02 1.776851617270000136e-27
3.210000000000000000e+02 1.782348653930000055e-27
3.220000000000000000e+02 1.795677973770000101e-27
3.230000000000000000e+02 1.786163023119999892e-27
3.240000000000000000e+02 1.863152023029999933e-27
3.250000000000000000e+02 1.792240633790000027e-27
3.260000000000000000e+02 1.818690528850000124e-27
3.270000000000000000e+02 1.803402921980000136e-27
3.280000000000000000e+02 1.802039562699999964e-27
3.290000000000000000e+02 1.805117357630000170e-27
3.300000000000000000e+02 1.857112244170000102e-27
3.310000000000000000e+02 1.810973613710000091e-27
3.320000000000000000e+02 1.814097013340000144e-27
3.330000000000000000e+02 1.817244100229999867e-27
3.340000000000000000e+02 1.820524862890000156e-27
3.350000000000000000e+02 1.823717027210000121e-27
3.360000000000000000e+02 1.826866811190000046e-27
3.370000000000000000e+02 1.833272168070000087e-27
3.380000000000000000e+02 1.835103704530000142e-27
3.390000000000000000e+02 1.839807701629999829e-27
3.400000000000000000e+02 1.840211780670000059e-27
3.410000000000000000e+02 1.844790586110000154e-27
3.420000000000000000e+02 1.846546634959999852e-27
3.430000000000000000e+02 1.855296251280000158e-27
3.440000000000000000e+02 1.852797142370000140e-27
3.450000000000000000e+02 1.856014689439999926e-27
3.460000000000000000e+02 1.859508387569999885e-27
3.470000000000000000e+02 1.862651124710000115e-27
3.480000000000000000e+02 1.866644633609999922e-27
3.490000000000000000e+02 1.869286614820000118e-27
3.500000000000000000e+02 1.873151125090000173e-27
3.510000000000000000e+02 1.878279670409999962e-27
3.520000000000000000e+02 1.879432415340000140e-27
3.530000000000000000e+02 1.882738713120000165e-27
3.540000000000000000e+02 1.886026495819999938e-27
3.550000000000000000e+02 1.889438195729999945e-27
3.560000000000000000e+02 1.894798515690000040e-27
3.570000000000000000e+02 1.897349574170000093e-27
3.580000000000000000e+02 2.452698304439999885e-27
3.590000000000000000e+02 1.903136276550000150e-27
3.600000000000000000e+02 1.906880015860000112e-27
3.610000000000000000e+02 1.909935320099999831e-27
3.620000000000000000e+02 1.914448426960000162e-27
3.630000000000000000e+02 1.916903308580000159e-27
3.640000000000000000e+02 1.920318210959999989e-27
3.650000000000000000e+02 1.924365037769999966e-27
3.660000000000000000e+02 1.927560060579999997e-27
3.670000000000000000e+02 1.930801619090000061e-27
3.680000000000000000e+02 1.934360652980000004e-27
3.690000000000000000e+02 1.937918454430000148e-27
3.700000000000000000e+02 1.943634935410000030e-27
3.710000000000000000e+02 1.944984803020000052e-27
3.720000000000000000e+02 1.948484233440000097e-27
3.735000000000000000e+02 1.953927779875000063e-27
3.760000000000000000e+02 1.967223973846666675e-27
3.795000000000000000e+02 1.975595822237500063e-27
3.835000000000000000e+02 1.990347739510000003e-27
3.875000000000000000e+02 2.005666400624999733e-27
3.915000000000000000e+02 2.020389945030000263e-27
3.955000000000000000e+02 2.046948918179999984e-27
3.995000000000000000e+02 2.050762999672500258e-27
4.035000000000000000e+02 2.067503965945000191e-27
4.075000000000000000e+02 2.082219241747500203e-27
4.115000000000000000e+02 2.098826847652499774e-27
4.155000000000000000e+02 2.117182221239999933e-27
4.195000000000000000e+02 2.137152480102500001e-27
4.235000000000000000e+02 2.148696426235000111e-27
4.280000000000000000e+02 2.166458192174000335e-27
4.325000000000000000e+02 2.185720096850000086e-27
4.365000000000000000e+02 2.203062811122500136e-27
4.410000000000000000e+02 2.222872559765999815e-27
4.455000000000000000e+02 2.242990243450000135e-27
4.495000000000000000e+02 2.261062064952499985e-27
4.540000000000000000e+02 2.281721779178000078e-27
4.590000000000000000e+02 2.305169917088000240e-27
4.635000000000000000e+02 2.326370385982500119e-27
4.680000000000000000e+02 2.348062805920000070e-27
4.725000000000000000e+02 2.370058230667499879e-27
4.770000000000000000e+02 2.392392098556000433e-27
4.820000000000000000e+02 2.417600379068000205e-27
4.870000000000000000e+02 2.443280878363999979e-27
4.920000000000000000e+02 2.469390304026000036e-27
4.970000000000000000e+02 2.495971831639999692e-27
5.020000000000000000e+02 2.523040741797999902e-27
5.070000000000000000e+02 2.550621516053999856e-27
5.120000000000000000e+02 2.578667588581999963e-27
5.170000000000000000e+02 2.607175411452000233e-27
5.220000000000000000e+02 2.636247421969999861e-27
5.270000000000000000e+02 2.665967020743999812e-27
5.325000000000000000e+02 2.699104312683333354e-27
5.380000000000000000e+02 2.732983425702000604e-27
5.430000000000000000e+02 2.764398722938000095e-27
5.485000000000000000e+02 2.799672122010000160e-27
5.540000000000000000e+02 2.835715419778000182e-27
5.595000000000000000e+02 2.872758976733333448e-27
5.655000000000000000e+02 2.913482023986666915e-27
5.710000000000000000e+02 2.951901147736000106e-27
5.765000000000000000e+02 2.991199872049999830e-27
5.825000000000000000e+02 3.035057582955000238e-27
5.885000000000000000e+02 3.079954608706666449e-27
5.945000000000000000e+02 3.125963744331666674e-27
6.005000000000000000e+02 3.173104429764999881e-27
6.065000000000000000e+02 3.221422498618332973e-27
6.125000000000000000e+02 3.270956448051666888e-27
6.185000000000000000e+02 3.321746325080000339e-27
6.245000000000000000e+02 3.373863688958332622e-27
6.305000000000000000e+02 3.427279903808333624e-27
6.370000000000000000e+02 3.486790974997142695e-27
6.435000000000000000e+02 3.547932722408333612e-27
6.500000000000000000e+02 3.610897753998571563e-27
6.565000000000000000e+02 3.675656008476667223e-27
6.630000000000000000e+02 3.742389247708571288e-27
6.695000000000000000e+02 3.811055505511667151e-27
6.760000000000000000e+02 3.881858771961428152e-27
6.830000000000000000e+02 3.960522044202857017e-27
6.900000000000000000e+02 4.041765520545714352e-27
6.970000000000000000e+02 4.125777093351428336e-27
7.040000000000000000e+02 4.212736856167142704e-27
7.110000000000000000e+02 4.302557773127142981e-27
7.180000000000000000e+02 4.395607995632857178e-27
7.250000000000000000e+02 4.492038316924285792e-27
7.320000000000000000e+02 4.591788392097143534e-27
7.395000000000000000e+02 4.702860365713749251e-27
7.470000000000000000e+02 4.818208362350000208e-27
7.545000000000000000e+02 4.938622142707500604e-27
7.620000000000000000e+02 5.063276378331429263e-27
7.695000000000000000e+02 5.193629418308750278e-27
7.775000000000000000e+02 5.338346426130000118e-27
7.855000000000000000e+02 5.491233518061250234e-27
7.930000000000000000e+02 5.638349012714285600e-27
8.005000000000000000e+02 5.796172953948749408e-27
8.085000000000000000e+02 5.966915576943750188e-27
8.170000000000000000e+02 6.159628910565554382e-27
8.255000000000000000e+02 6.363957292148750418e-27
8.335000000000000000e+02 6.564253029421250439e-27
8.415000000000000000e+02 6.776111897002500078e-27
8.500000000000000000e+02 7.058209146186666497e-27
8.585000000000000000e+02 7.264251710828751470e-27
8.670000000000000000e+02 7.529886908017778059e-27
8.760000000000000000e+02 7.828732377438889808e-27
8.850000000000000000e+02 8.146344996425555269e-27
8.935000000000000000e+02 8.465463057254999152e-27
9.020000000000000000e+02 8.844460412290000312e-27
9.115000000000000000e+02 9.211895484019000497e-27
9.210000000000000000e+02 9.649400508417777438e-27
9.300000000000000000e+02 1.013620003212666713e-26
9.390000000000000000e+02 1.057394108437777659e-26
9.485000000000000000e+02 1.112669485159999891e-26
9.580000000000000000e+02 1.171247949353333423e-26
9.675000000000000000e+02 1.235301005009999805e-26
9.775000000000000000e+02 1.406511722966000032e-26
9.870000000000000000e+02 1.868608541695555561e-26
9.965000000000000000e+02 1.478818050558000269e-26
1.006500000000000000e+03 1.873990451660999876e-26
1.016500000000000000e+03 1.744797317032999956e-26
1.027000000000000000e+03 2.916999665532727355e-26
1.037500000000000000e+03 2.328171277936999998e-26
1.047500000000000000e+03 1.293413758512899958e-25
1.058000000000000000e+03 6.182832957458180997e-26
1.069000000000000000e+03 6.886166206680001297e-26
1.079500000000000000e+03 5.637224283030999722e-26
1.090000000000000000e+03 2.132631632741545281e-25
1.101000000000000000e+03 1.158602303968227300e-24
1.112000000000000000e+03 8.792495241475818768e-25
1.123000000000000000e+03 6.416829129292727746e-25
1.134500000000000000e+03 3.823599276969699355e-24
1.146000000000000000e+03 4.381741351318272110e-24
1.157500000000000000e+03 3.518150946089100819e-23
1.169000000000000000e+03 1.011376763310436097e-23
1.180500000000000000e+03 2.430693443054725073e-23
1.192500000000000000e+03 9.587982852163857954e-23
1.204500000000000000e+03 6.189120941476576397e-22
1.216500000000000000e+03 7.079595438668242288e-22
1.228500000000000000e+03 8.245242725666845520e-21
1.240500000000000000e+03 9.101981118360541711e-21
1.253000000000000000e+03 2.973084284580448844e-19
1.266000000000000000e+03 1.878971805262823031e-21
1.278500000000000000e+03 6.088613562080183672e-21
1.291000000000000000e+03 8.473817039119155403e-22
1.304000000000000000e+03 2.213984329928331789e-19
1.317000000000000000e+03 4.176698373229923227e-22
1.330000000000000000e+03 1.124950187001107919e-21
1.343500000000000000e+03 5.702177484686478772e-21
1.357000000000000000e+03 6.405158877349291104e-20
1.370500000000000000e+03 1.613459010492135869e-22
1.384500000000000000e+03 2.563175211351188264e-22
1.398500000000000000e+03 4.497302575166000012e-24
1.412500000000000000e+03 4.638431788569427385e-24
1.426500000000000000e+03 8.359944093441358145e-24
1.440500000000000000e+03 1.439181369976921521e-23
1.455000000000000000e+03 3.996467763895940227e-23
1.469500000000000000e+03 7.372363510315271749e-23
1.484000000000000000e+03 1.429730312766426640e-23
1.499000000000000000e+03 2.769221056929606851e-24
1.514000000000000000e+03 7.549942049739400747e-25
1.529000000000000000e+03 2.105189515373276505e-23
1.544500000000000000e+03 3.407495206862403560e-22
1.560000000000000000e+03 1.363431596451261893e-23
1.575500000000000000e+03 1.084140373210659498e-22
1.591500000000000000e+03 5.205555405871506733e-23
1.607500000000000000e+03 1.215386896220760700e-23
1.623500000000000000e+03 2.531052122111969939e-23
1.639500000000000000e+03 6.746512344221117141e-22
1.656000000000000000e+03 1.260743485108193814e-24
1.672500000000000000e+03 5.663961219182166665e-23
1.689000000000000000e+03 5.585098311722765389e-25
1.706000000000000000e+03 6.735688508381647595e-25
1.723000000000000000e+03 2.215471281051464793e-24
1.740500000000000000e+03 3.428618652909166581e-25
1.758000000000000000e+03 9.607781800554117709e-26
1.775500000000000000e+03 4.710174241208285229e-25
1.793500000000000000e+03 4.342680829914761148e-25
1.811500000000000000e+03 5.931896878353333305e-26
1.829500000000000000e+03 4.337217092397661389e-25
1.847500000000000000e+03 6.541808430144444766e-26
1.866000000000000000e+03 8.143366192186314287e-27
1.884500000000000000e+03 7.361203233951667484e-27
1.903000000000000000e+03 6.408678748078948153e-27
1.922000000000000000e+03 1.946770668957263104e-26
1.941500000000000000e+03 5.964547968141999881e-27
1.961000000000000000e+03 5.868380695427894795e-27
1.980500000000000000e+03 5.776447323042000678e-27
2.000500000000000000e+03 5.722120699496998680e-27
2.020500000000000000e+03 5.903910991244999929e-27
2.040500000000000000e+03 5.691024814483500406e-27
2.061000000000000000e+03 2.574677333759189791e-26
2.082000000000000000e+03 6.073474316580001578e-27
2.102500000000000000e+03 4.759200090935100594e-26
2.123500000000000000e+03 2.869119409552682395e-26
2.145000000000000000e+03 6.543536239293661459e-24
2.166500000000000000e+03 5.517713949232182232e-26
2.188000000000000000e+03 7.401442888374913788e-24
2.209500000000000000e+03 1.319227534934076987e-24
2.231500000000000000e+03 9.083930611773091162e-26
2.254000000000000000e+03 4.084420332141321100e-25
2.277000000000000000e+03 1.720037058453755841e-24
2.299500000000000000e+03 6.816836616782475544e-25
2.322500000000000000e+03 2.283215788998550242e-25
2.346000000000000000e+03 1.314808557409800079e-24
2.369000000000000000e+03 1.032672852173556652e-24
2.392500000000000000e+03 2.571095557342374492e-25
2.416500000000000000e+03 1.407491645101241433e-24
2.441000000000000000e+03 1.458355796787087965e-24
2.465500000000000000e+03 2.529551877666431532e-23
2.490000000000000000e+03 5.738380680206412793e-24
2.515000000000000000e+03 9.817887960647325601e-24
2.540000000000000000e+03 3.631781650664860450e-23
2.565500000000000000e+03 2.229778124874153367e-23
2.591500000000000000e+03 4.838240486012078572e-22
2.617500000000000000e+03 1.653366626943905166e-22
2.643500000000000000e+03 1.011353246568671311e-22
2.669500000000000000e+03 1.011929660817007788e-23
2.696000000000000000e+03 3.308078797395296221e-22
2.723000000000000000e+03 1.058476638627439986e-22
2.750500000000000000e+03 3.759308569233524086e-22
2.778000000000000000e+03 2.233286415459374348e-22
2.805500000000000000e+03 4.090090548958246442e-22
2.834000000000000000e+03 7.344195005472799094e-21
2.862500000000000000e+03 4.126325127965149263e-22
2.891000000000000000e+03 6.655061668454686332e-21
2.920000000000000000e+03 9.253397124277625314e-21
2.949000000000000000e+03 4.790988042427254505e-21
2.978500000000000000e+03 2.067808548714639920e-20
3.008500000000000000e+03 1.309961114594508197e-19
3.038500000000000000e+03 1.944281143471742968e-22
3.068500000000000000e+03 1.115577498262166653e-21
3.099000000000000000e+03 2.814283392314594453e-21
3.130000000000000000e+03 1.539821963748949291e-21
3.161500000000000000e+03 2.663370943882415650e-21
3.193500000000000000e+03 1.639191647252661935e-22
3.225500000000000000e+03 5.695654710024655679e-25
3.257500000000000000e+03 7.706746486408750189e-25
3.290000000000000000e+03 2.315044438906242244e-25
3.323000000000000000e+03 4.304709344346364116e-26
3.356000000000000000e+03 1.326789609834394149e-25
3.389500000000000000e+03 2.412501894850882162e-25
3.423500000000000000e+03 4.899786921062351652e-26
3.458000000000000000e+03 3.955633262148572110e-26
3.492500000000000000e+03 1.922631721698147314e-25
3.527000000000000000e+03 1.007636827788428473e-25
3.562500000000000000e+03 6.563581263193278231e-25
3.598500000000000000e+03 4.949414665474721166e-26
3.634500000000000000e+03 7.569260961659246333e-26
3.670500000000000000e+03 9.534346755752773047e-25
3.707000000000000000e+03 1.059716272022005450e-25
3.744500000000000000e+03 3.201751999695842108e-24
3.782000000000000000e+03 7.211906838990173229e-23
3.819500000000000000e+03 7.495687154591341325e-23
3.858000000000000000e+03 4.199131804930864057e-22
3.896500000000000000e+03 7.793831785062435035e-22
3.935000000000000000e+03 1.531658604100385497e-23
3.974500000000000000e+03 1.153526507969882048e-23
4.014500000000000000e+03 1.108718880742566565e-23
4.054500000000000000e+03 1.193003219314124107e-22
4.095000000000000000e+03 5.840524537525351245e-23
4.136000000000000000e+03 1.205043469451322432e-22
4.177500000000000000e+03 1.079104322634333050e-21
4.219500000000000000e+03 2.475637071582522731e-21
4.261500000000000000e+03 3.973367870981323723e-22
4.304000000000000000e+03 4.092934769892995319e-21
4.347000000000000000e+03 1.311867889813454666e-20
4.390500000000000000e+03 8.228328734964441084e-22
4.434500000000000000e+03 1.832413510903515126e-21
4.479000000000000000e+03 2.572138400664405670e-22
4.524000000000000000e+03 4.143358126382429742e-22
4.569000000000000000e+03 9.458159321257810719e-22
4.614500000000000000e+03 3.204486204730874589e-23
4.660500000000000000e+03 5.953215291032321837e-24
4.707000000000000000e+03 4.334571466061718915e-24
4.754500000000000000e+03 3.554680794115208280e-26
4.802000000000000000e+03 2.263677042758766118e-26
4.850000000000000000e+03 5.658176053906796090e-26
4.898500000000000000e+03 1.096803562279125066e-26
4.947500000000000000e+03 4.698398593583980349e-26
4.997000000000000000e+03 1.680176659788834388e-25
5.047000000000000000e+03 2.292537501625107550e-25
5.097500000000000000e+03 2.162899999156701759e-25
5.148000000000000000e+03 1.400037370220542219e-24
5.199500000000000000e+03 2.818808936888848889e-24
5.251500000000000000e+03 1.228819473039153923e-24
5.304000000000000000e+03 1.527074357646776684e-24
5.357500000000000000e+03 9.471273233167564968e-24
5.411000000000000000e+03 1.427677253198700294e-23
5.465000000000000000e+03 1.278491131135382702e-23
5.520000000000000000e+03 2.499555338966731960e-23
5.575000000000000000e+03 1.050601880726580578e-22
5.630500000000000000e+03 7.891449098595673314e-23
5.687000000000000000e+03 4.193804180445478100e-23
5.744000000000000000e+03 1.765335894362161905e-22
5.801500000000000000e+03 5.175486041648014276e-23
5.859500000000000000e+03 1.953969695017753789e-22
5.918000000000000000e+03 1.956409135752048628e-22
5.977000000000000000e+03 4.523830315405929264e-23
6.036500000000000000e+03 1.006729922116473389e-22
6.097000000000000000e+03 7.399127334735016628e-23
6.158000000000000000e+03 3.737886028382707861e-23
6.219500000000000000e+03 1.959587810504252556e-24
6.282000000000000000e+03 1.262605548433631178e-25
6.345000000000000000e+03 3.086934573549285619e-26
6.408500000000000000e+03 3.680191753972941057e-26
6.472500000000000000e+03 8.015159827495729244e-26
6.537000000000000000e+03 2.052395961173996905e-25
6.602500000000000000e+03 4.475931044719402617e-25
6.668500000000000000e+03 1.043053388019112642e-24
6.735000000000000000e+03 6.083686423665431499e-24
6.802500000000000000e+03 6.676573550441121340e-24
6.870500000000000000e+03 4.105482741516552116e-24
6.939000000000000000e+03 8.584676964878058908e-24
7.008500000000000000e+03 1.868083279058551789e-23
7.078500000000000000e+03 6.378062580598287151e-23
7.149500000000000000e+03 7.685805923549679628e-23
7.221000000000000000e+03 8.777004166894196535e-23
7.293000000000000000e+03 6.224809894136182011e-23
7.366000000000000000e+03 6.445998859746387548e-23
7.439500000000000000e+03 4.817431252252028437e-23
7.514000000000000000e+03 1.475218042421359450e-22
7.589500000000000000e+03 3.869245365393934690e-24
7.665500000000000000e+03 1.460497078279725094e-24
7.742000000000000000e+03 9.522651881923170007e-26
7.819500000000000000e+03 2.432176110128562094e-26
7.897500000000000000e+03 3.181570250940358392e-26
7.976500000000000000e+03 4.323399110954875293e-28
8.056500000000000000e+03 1.604102072839977013e-25
8.137000000000000000e+03 4.915227408585938223e-25
8.218000000000000000e+03 6.968685853299427865e-25
8.300000000000000000e+03 2.933776628770670368e-24
8.383500000000000000e+03 1.081201301670461039e-23
8.467500000000000000e+03 1.958437799553103501e-23
8.552000000000000000e+03 3.391924952041326310e-23
8.637500000000000000e+03 7.193569059581244252e-23
8.724000000000000000e+03 2.232872637445052337e-23
8.811000000000000000e+03 1.966511409419744378e-23
8.899000000000000000e+03 1.762839580499529104e-23
8.988000000000000000e+03 3.715430186253788811e-24
9.078000000000000000e+03 3.294058667580976477e-25
9.169000000000000000e+03 5.269000168248945182e-25
9.260500000000000000e+03 1.313985576913152436e-28
9.353000000000000000e+03 1.216058673185054079e-28
9.446500000000000000e+03 1.148685601157552889e-28
9.541000000000000000e+03 1.095015482994210230e-28
9.636500000000000000e+03 1.049510474221041340e-28
9.733000000000000000e+03 1.009464614208319323e-28
9.830000000000000000e+03 9.735419395729690682e-29
9.928000000000000000e+03 9.406346197852624558e-29
9.989000000000000000e+03 9.214645788432172539e-29
