1.000000000000000000e+01 2.146676725140000124e-29
1.100000000000000000e+01 1.128908407430000002e-29
1.200000000000000000e+01 1.127211984499999991e-29
1.300000000000000000e+01 1.132705781550000055e-29
1.400000000000000000e+01 1.130872937459999953e-29
1.500000000000000000e+01 1.149096824250000008e-29
1.600000000000000000e+01 1.133712153860000008e-29
1.700000000000000000e+01 1.134884776340000050e-29
1.800000000000000000e+01 1.136826571929999974e-29
1.900000000000000000e+01 1.169340476259999961e-29
2.000000000000000000e+01 1.140300331999999978e-29
2.100000000000000000e+01 1.147697543510000070e-29
2.200000000000000000e+01 1.378368326460000091e-29
2.300000000000000000e+01 1.670840158759999929e-29
2.400000000000000000e+01 1.283779601779999869e-29
2.500000000000000000e+01 1.183592723730000063e-29
2.600000000000000000e+01 7.133919011360000001e-29
2.700000000000000000e+01 1.155950242399999974e-29
2.800000000000000000e+01 1.157398524680000026e-29
2.900000000000000000e+01 1.207657145209999909e-28
3.000000000000000000e+01 1.263198912739999895e-29
3.100000000000000000e+01 2.128707057320000080e-29
3.200000000000000000e+01 1.165361573289999955e-29
3.300000000000000000e+01 1.181718696439999995e-29
3.400000000000000000e+01 2.055217092689999870e-29
3.500000000000000000e+01 1.541037503629999878e-29
3.600000000000000000e+01 1.176243391170000053e-29
3.700000000000000000e+01 1.172949434919999966e-29
3.800000000000000000e+01 1.194095965209999971e-29
3.900000000000000000e+01 1.251898277569999981e-29
4.000000000000000000e+01 1.228313609369999997e-29
4.100000000000000000e+01 1.878297675789999874e-29
4.200000000000000000e+01 2.044302173770000029e-29
4.300000000000000000e+01 1.211268269579999991e-29
4.400000000000000000e+01 1.198346034119999948e-29
4.500000000000000000e+01 5.360245049319999631e-29
4.600000000000000000e+01 1.339740869700000114e-29
4.700000000000000000e+01 1.274925778700000132e-29
4.800000000000000000e+01 1.195147644529999990e-29
4.900000000000000000e+01 1.441515789099999949e-29
5.000000000000000000e+01 1.259630859160000063e-29
5.100000000000000000e+01 1.235944302699999957e-29
5.200000000000000000e+01 1.427724040500000126e-29
5.300000000000000000e+01 1.261896708079999999e-29
5.400000000000000000e+01 1.711800682049999886e-26
5.500000000000000000e+01 1.204424094399999989e-29
5.600000000000000000e+01 1.853737942689999868e-29
5.700000000000000000e+01 1.999773417459999926e-29
5.800000000000000000e+01 1.243311532360000018e-29
5.900000000000000000e+01 6.339446930220000523e-29
6.000000000000000000e+01 1.214639454129999935e-29
6.100000000000000000e+01 1.223637151930000011e-29
6.200000000000000000e+01 2.051661826399999995e-29
6.300000000000000000e+01 2.282850393719999939e-29
6.400000000000000000e+01 1.335734767039999980e-29
6.500000000000000000e+01 1.310265151690000119e-29
6.600000000000000000e+01 1.268001597269999960e-29
6.700000000000000000e+01 2.156461107340000080e-29
6.800000000000000000e+01 1.245736693329999984e-29
6.900000000000000000e+01 1.470038354589999994e-29
7.000000000000000000e+01 4.685566261259999851e-29
7.100000000000000000e+01 1.264036357840000097e-29
7.200000000000000000e+01 1.448185225890000129e-29
7.300000000000000000e+01 5.189840261680000101e-29
7.400000000000000000e+01 2.032496698540000072e-29
7.500000000000000000e+01 1.283663729099999908e-29
7.600000000000000000e+01 4.621845900289999991e-29
7.700000000000000000e+01 1.274264141660000133e-29
7.800000000000000000e+01 1.270558271810000050e-29
7.900000000000000000e+01 1.730523574800000015e-29
8.000000000000000000e+01 1.323835205359999879e-29
8.100000000000000000e+01 1.599677488109999978e-28
8.200000000000000000e+01 1.527892849849999929e-29
8.300000000000000000e+01 1.959822304740000013e-29
8.400000000000000000e+01 2.813737548169999756e-29
8.500000000000000000e+01 1.769536331810000041e-29
8.600000000000000000e+01 1.301649559449999960e-29
8.700000000000000000e+01 1.279856217169999990e-29
8.800000000000000000e+01 1.293801073959999893e-29
8.900000000000000000e+01 1.547749146060000072e-29
9.000000000000000000e+01 1.437197698590000091e-29
9.100000000000000000e+01 1.304791543429999897e-29
9.200000000000000000e+01 1.357825650630000084e-29
9.300000000000000000e+01 1.956464513120000018e-29
9.400000000000000000e+01 2.938034350189999915e-27
9.500000000000000000e+01 1.667750419179999986e-29
9.600000000000000000e+01 1.350832335809999940e-29
9.700000000000000000e+01 1.376299140569999971e-29
9.800000000000000000e+01 4.031076428350000067e-29
9.900000000000000000e+01 2.638652041049999833e-29
1.000000000000000000e+02 3.557351995079999869e-28
1.010000000000000000e+02 1.429578117660000113e-29
1.020000000000000000e+02 1.351983720779999925e-29
1.030000000000000000e+02 1.505152130480000090e-29
1.040000000000000000e+02 1.637696402920000054e-27
1.050000000000000000e+02 2.032594322090000027e-29
1.060000000000000000e+02 1.407888606580000079e-29
1.070000000000000000e+02 1.369410064419999941e-29
1.080000000000000000e+02 1.343329256080000050e-29
1.090000000000000000e+02 1.325653578580000084e-29
1.100000000000000000e+02 1.413303560520000047e-29
1.110000000000000000e+02 1.354565688940000029e-29
1.120000000000000000e+02 1.388318438490000011e-29
1.130000000000000000e+02 2.416422040399999879e-29
1.140000000000000000e+02 2.218943308049999948e-29
1.150000000000000000e+02 1.633342316109999921e-27
1.160000000000000000e+02 1.493783035800000093e-29
1.170000000000000000e+02 1.815400642539999972e-29
1.180000000000000000e+02 2.462083084610000069e-29
1.190000000000000000e+02 5.278562087810000043e-28
1.200000000000000000e+02 1.342147518520000029e-29
1.210000000000000000e+02 1.343297502479999985e-29
1.220000000000000000e+02 1.562669043860000124e-29
1.230000000000000000e+02 1.434870946090000107e-29
1.240000000000000000e+02 2.123493936109999941e-29
1.250000000000000000e+02 7.224048941720000027e-28
1.260000000000000000e+02 1.811414806870000122e-29
1.270000000000000000e+02 1.480904204509999967e-29
1.280000000000000000e+02 1.352022243649999987e-29
1.290000000000000000e+02 1.348514367689999920e-29
1.300000000000000000e+02 1.344474069830000079e-29
1.310000000000000000e+02 1.365123619420000079e-29
1.320000000000000000e+02 1.379918272949999950e-29
1.330000000000000000e+02 1.383914942439999946e-29
1.340000000000000000e+02 1.483469952480000037e-29
1.350000000000000000e+02 4.710206507609999887e-28
1.360000000000000000e+02 2.768474212150000012e-29
1.370000000000000000e+02 2.226873996669999939e-29
1.380000000000000000e+02 3.203026890870000102e-29
1.390000000000000000e+02 1.446485937390000109e-29
1.400000000000000000e+02 1.399959895100000119e-29
1.410000000000000000e+02 1.358782634839999988e-29
1.420000000000000000e+02 1.369897200879999976e-29
1.430000000000000000e+02 1.378060840060000134e-29
1.440000000000000000e+02 1.426801051480000081e-29
1.450000000000000000e+02 4.455085331130000166e-29
1.460000000000000000e+02 3.405845338320000191e-29
1.470000000000000000e+02 1.575808090830000030e-29
1.480000000000000000e+02 1.402685271219999894e-29
1.490000000000000000e+02 1.602485522309999932e-29
1.500000000000000000e+02 1.387689664680000036e-29
1.510000000000000000e+02 1.741852907380000113e-29
1.520000000000000000e+02 1.519558569579999862e-29
1.530000000000000000e+02 4.638592809630000209e-29
1.540000000000000000e+02 1.445145067459999900e-29
1.550000000000000000e+02 2.556647608750000037e-29
1.560000000000000000e+02 3.257207659290000007e-29
1.570000000000000000e+02 1.555274478430000092e-29
1.580000000000000000e+02 1.934838379949999966e-29
1.590000000000000000e+02 1.396714434530000027e-29
1.600000000000000000e+02 1.390181210060000040e-29
1.610000000000000000e+02 1.435688921139999868e-29
1.620000000000000000e+02 1.391476109660000131e-29
1.630000000000000000e+02 1.403050982230000128e-29
1.640000000000000000e+02 1.411443490760000137e-29
1.650000000000000000e+02 1.558794818489999979e-29
1.660000000000000000e+02 2.174046619540000004e-29
1.670000000000000000e+02 1.611206935480000022e-29
1.680000000000000000e+02 1.410915557149999876e-29
1.690000000000000000e+02 1.417204075419999894e-29
1.700000000000000000e+02 1.421559196079999994e-29
1.710000000000000000e+02 1.419008750210000095e-29
1.720000000000000000e+02 1.413246013879999893e-29
1.730000000000000000e+02 3.091320439010000088e-29
1.740000000000000000e+02 2.135540060169999976e-29
1.750000000000000000e+02 1.488586359380000140e-29
1.760000000000000000e+02 6.111932467720000322e-28
1.770000000000000000e+02 1.557108413199999997e-29
1.780000000000000000e+02 1.091253298849999970e-28
1.790000000000000000e+02 1.468288958729999965e-29
1.800000000000000000e+02 1.425033749140000111e-29
1.810000000000000000e+02 1.426988104949999980e-29
1.820000000000000000e+02 1.429218371979999928e-29
1.830000000000000000e+02 1.780197801100000078e-29
1.840000000000000000e+02 1.435540355550000008e-29
1.850000000000000000e+02 1.795943591269999879e-29
1.860000000000000000e+02 2.016388515949999941e-29
1.870000000000000000e+02 1.811450240629999914e-29
1.880000000000000000e+02 1.454103123619999893e-29
1.890000000000000000e+02 1.458221820859999889e-29
1.900000000000000000e+02 1.271840471720000036e-26
1.910000000000000000e+02 1.697389403780000072e-29
1.920000000000000000e+02 1.644025590539999899e-29
1.930000000000000000e+02 1.465520399459999963e-29
1.940000000000000000e+02 1.866873278889999958e-29
1.950000000000000000e+02 3.192346406680000090e-29
1.960000000000000000e+02 2.310434093140000133e-29
1.970000000000000000e+02 4.125541088029999760e-28
1.980000000000000000e+02 1.549861794130000073e-29
1.990000000000000000e+02 1.481654066050000011e-29
2.000000000000000000e+02 1.540709191090000041e-29
2.010000000000000000e+02 1.627125453609999958e-29
2.020000000000000000e+02 1.490537348980000053e-29
2.030000000000000000e+02 1.509883699560000047e-29
2.040000000000000000e+02 1.579169394750000102e-29
2.050000000000000000e+02 1.550593658239999932e-29
2.060000000000000000e+02 1.501474103760000139e-29
2.070000000000000000e+02 1.563647724870000097e-29
2.080000000000000000e+02 1.495879379529999878e-29
2.090000000000000000e+02 7.355751219779999577e-29
2.100000000000000000e+02 1.806624631619999908e-29
2.110000000000000000e+02 1.507763419680000096e-29
2.120000000000000000e+02 1.570820795290000117e-29
2.130000000000000000e+02 1.514263160239999995e-29
2.140000000000000000e+02 3.475053716820000078e-29
2.150000000000000000e+02 3.524069978629999969e-29
2.160000000000000000e+02 1.642034896860000135e-29
2.170000000000000000e+02 1.505528223680000089e-29
2.180000000000000000e+02 2.077082286799999979e-29
2.190000000000000000e+02 1.508042007130000000e-29
2.200000000000000000e+02 1.510069478319999925e-29
2.210000000000000000e+02 1.512266821250000028e-29
2.220000000000000000e+02 1.518362929109999981e-29
2.230000000000000000e+02 1.517400674610000070e-29
2.240000000000000000e+02 1.519200287049999970e-29
2.250000000000000000e+02 1.521495031769999981e-29
2.260000000000000000e+02 1.528371867990000139e-29
2.270000000000000000e+02 1.527704833790000115e-29
2.280000000000000000e+02 1.696224066239999959e-29
2.290000000000000000e+02 1.553427707559999866e-29
2.300000000000000000e+02 1.766389297729999918e-29
2.310000000000000000e+02 1.571405389700000046e-29
2.320000000000000000e+02 1.571136827479999899e-29
2.330000000000000000e+02 1.630416105930000018e-29
2.340000000000000000e+02 1.618760887609999902e-29
2.350000000000000000e+02 1.589614450769999894e-29
2.360000000000000000e+02 1.565537703439999950e-29
2.370000000000000000e+02 1.554558796700000028e-29
2.380000000000000000e+02 1.567346796629999975e-29
2.390000000000000000e+02 1.854348826830000103e-29
2.400000000000000000e+02 1.559449946170000113e-29
2.410000000000000000e+02 1.571018555000000047e-29
2.420000000000000000e+02 1.569254132769999910e-29
2.430000000000000000e+02 1.571495951280000042e-29
2.440000000000000000e+02 1.592295221829999957e-29
2.450000000000000000e+02 1.652393054619999901e-29
2.460000000000000000e+02 3.233312193159999945e-29
2.470000000000000000e+02 1.575437651779999952e-29
2.480000000000000000e+02 1.780570716370000134e-29
2.490000000000000000e+02 1.589508648559999958e-29
2.500000000000000000e+02 1.592998225339999893e-29
2.510000000000000000e+02 1.745117235720000060e-29
2.520000000000000000e+02 1.594257169279999928e-29
2.530000000000000000e+02 2.448992856160000078e-29
2.540000000000000000e+02 1.601619605279999860e-29
2.550000000000000000e+02 1.650974790780000107e-29
2.560000000000000000e+02 1.600633265290000084e-29
2.570000000000000000e+02 1.612648370189999893e-29
2.580000000000000000e+02 1.793010274650000050e-29
2.590000000000000000e+02 2.253816652640000110e-29
2.600000000000000000e+02 1.613044226140000015e-29
2.610000000000000000e+02 1.614109211540000061e-29
2.620000000000000000e+02 1.614229955399999913e-29
2.630000000000000000e+02 1.617749442459999996e-29
2.640000000000000000e+02 1.642844348759999956e-29
2.650000000000000000e+02 1.631956126499999866e-29
2.660000000000000000e+02 1.632272599660000032e-29
2.670000000000000000e+02 1.675696367230000041e-29
2.680000000000000000e+02 1.630102737159999881e-29
2.690000000000000000e+02 3.589209650029999966e-29
2.700000000000000000e+02 1.701077952079999868e-29
2.710000000000000000e+02 1.689477308029999884e-29
2.720000000000000000e+02 2.448172552490000114e-28
2.730000000000000000e+02 1.663613434520000091e-29
2.740000000000000000e+02 1.646254623070000019e-29
2.750000000000000000e+02 1.654220791349999876e-29
2.760000000000000000e+02 1.700658857900000076e-29
2.770000000000000000e+02 1.653683667030000056e-29
2.780000000000000000e+02 3.206189200110000145e-29
2.790000000000000000e+02 1.684284061499999976e-29
2.800000000000000000e+02 1.694979790550000111e-29
2.810000000000000000e+02 1.665490830519999952e-29
2.820000000000000000e+02 1.733187441110000128e-29
2.830000000000000000e+02 1.674244898129999898e-29
2.840000000000000000e+02 1.701387480809999934e-29
2.850000000000000000e+02 1.675836221210000079e-29
2.860000000000000000e+02 1.685120865719999969e-29
2.870000000000000000e+02 1.683631805929999914e-29
2.880000000000000000e+02 1.690901704320000003e-29
2.890000000000000000e+02 1.687676403249999978e-29
2.900000000000000000e+02 1.811660625460000029e-29
2.910000000000000000e+02 1.692056647410000009e-29
2.920000000000000000e+02 1.695138115519999942e-29
2.930000000000000000e+02 1.697936196240000061e-29
2.940000000000000000e+02 1.704419452629999871e-29
2.950000000000000000e+02 1.703596587849999869e-29
2.960000000000000000e+02 1.717120278319999955e-29
2.970000000000000000e+02 1.713824509349999953e-29
2.980000000000000000e+02 1.711837862089999965e-29
2.990000000000000000e+02 1.735308683639999950e-29
3.000000000000000000e+02 1.728567119849999913e-29
3.010000000000000000e+02 1.720300117779999979e-29
3.020000000000000000e+02 1.737031205529999944e-29
3.030000000000000000e+02 1.726860084450000050e-29
3.040000000000000000e+02 1.730848566600000045e-29
3.050000000000000000e+02 1.740092518699999896e-29
3.060000000000000000e+02 1.736882827529999891e-29
3.070000000000000000e+02 1.743302792449999890e-29
3.080000000000000000e+02 1.750444175260000097e-29
3.090000000000000000e+02 1.755521348970000056e-29
3.100000000000000000e+02 1.746866174260000109e-29
3.110000000000000000e+02 1.749685600420000092e-29
3.120000000000000000e+02 1.753226181689999926e-29
3.130000000000000000e+02 1.760398587670000045e-29
3.140000000000000000e+02 1.758691299089999930e-29
3.150000000000000000e+02 1.761659073779999898e-29
3.160000000000000000e+02 1.770155626689999891e-29
3.170000000000000000e+02 1.786395114740000096e-29
3.180000000000000000e+02 1.773394787589999919e-29
3.190000000000000000e+02 1.773736399699999979e-29
3.200000000000000000e+02 1.776851875470000102e-29
3.210000000000000000e+02 2.195341712100000107e-29
3.220000000000000000e+02 1.795690305779999878e-29
3.230000000000000000e+02 1.786163148749999924e-29
3.240000000000000000e+02 1.863909906070000066e-29
3.250000000000000000e+02 1.792240696009999904e-29
3.260000000000000000e+02 1.818760880830000028e-29
3.270000000000000000e+02 1.803878206800000035e-29
3.280000000000000000e+02 1.802039571800000051e-29
3.290000000000000000e+02 1.805117570099999864e-29
3.300000000000000000e+02 1.857232478279999895e-29
3.310000000000000000e+02 1.810973635789999980e-29
3.320000000000000000e+02 1.814472809590000017e-29
3.330000000000000000e+02 1.817244106240000118e-29
3.340000000000000000e+02 1.820525117479999894e-29
3.350000000000000000e+02 1.823717055869999980e-29
3.360000000000000000e+02 1.826866841219999886e-29
3.370000000000000000e+02 1.833284224769999969e-29
3.380000000000000000e+02 1.835543281430000087e-29
3.390000000000000000e+02 1.839847035700000001e-29
3.400000000000000000e+02 1.858013828960000013e-29
3.410000000000000000e+02 1.919516739979999905e-29
3.420000000000000000e+02 1.846547518669999947e-29
3.430000000000000000e+02 1.942357175140000128e-29
3.440000000000000000e+02 1.852798257989999932e-29
3.450000000000000000e+02 1.856014706009999895e-29
3.460000000000000000e+02 1.859509270060000109e-29
3.470000000000000000e+02 1.862651125440000104e-29
3.480000000000000000e+02 1.866645548459999983e-29
3.490000000000000000e+02 1.869286616999999915e-29
3.500000000000000000e+02 1.873151173849999976e-29
3.510000000000000000e+02 1.878281547600000030e-29
3.520000000000000000e+02 1.879433970310000135e-29
3.530000000000000000e+02 1.882738714619999961e-29
3.540000000000000000e+02 1.886308790869999929e-29
3.550000000000000000e+02 1.889439926119999930e-29
3.560000000000000000e+02 1.894802416529999974e-29
3.570000000000000000e+02 1.897350020960000127e-29
3.580000000000000000e+02 2.460051360179999951e-29
3.590000000000000000e+02 1.903136290230000057e-29
3.600000000000000000e+02 1.906880218459999911e-29
3.610000000000000000e+02 1.909935341429999996e-29
3.620000000000000000e+02 1.914452315479999999e-29
3.630000000000000000e+02 1.917241427090000066e-29
3.640000000000000000e+02 1.920318329549999861e-29
3.650000000000000000e+02 1.924365655290000112e-29
3.660000000000000000e+02 1.927560075480000088e-29
3.670000000000000000e+02 1.930801732880000088e-29
3.680000000000000000e+02 1.934360733650000064e-29
3.690000000000000000e+02 1.937918458560000050e-29
3.700000000000000000e+02 1.943641640799999961e-29
3.710000000000000000e+02 1.944985359959999968e-29
3.720000000000000000e+02 1.948484248259999913e-29
3.735000000000000000e+02 1.953949672200000112e-29
3.760000000000000000e+02 1.967623748163333217e-29
3.795000000000000000e+02 1.975606983982499885e-29
3.835000000000000000e+02 1.990366774267499820e-29
3.875000000000000000e+02 2.041856362412499964e-29
3.915000000000000000e+02 2.020390022602499819e-29
3.955000000000000000e+02 2.046991259982500286e-29
3.995000000000000000e+02 2.050763000452500011e-29
4.035000000000000000e+02 2.067657930669999818e-29
4.075000000000000000e+02 2.082249332362499773e-29
4.115000000000000000e+02 2.099215246292500051e-29
4.155000000000000000e+02 2.117191958682499952e-29
4.195000000000000000e+02 2.905903416685000160e-29
4.235000000000000000e+02 2.149582428874999956e-29
4.280000000000000000e+02 2.166458375057999465e-29
4.325000000000000000e+02 2.186498075529999931e-29
4.365000000000000000e+02 2.203612694839999954e-29
4.410000000000000000e+02 2.222872597769999915e-29
4.455000000000000000e+02 2.243576321797499972e-29
4.495000000000000000e+02 2.261062297637500141e-29
4.540000000000000000e+02 2.281721800339999814e-29
4.590000000000000000e+02 2.305189297407999759e-29
4.635000000000000000e+02 2.326370466990000066e-29
4.680000000000000000e+02 2.348073942780000375e-29
4.725000000000000000e+02 2.370059063614999901e-29
4.770000000000000000e+02 2.392393134220000285e-29
4.820000000000000000e+02 2.417600399620000023e-29
4.870000000000000000e+02 2.443280904744000177e-29
4.920000000000000000e+02 2.469402858344000357e-29
4.970000000000000000e+02 2.495972048329999801e-29
5.020000000000000000e+02 2.523046636652000203e-29
5.070000000000000000e+02 2.550622098930000110e-29
5.120000000000000000e+02 2.581359013311999735e-29
5.170000000000000000e+02 2.607175484536000430e-29
5.220000000000000000e+02 2.636247453238000024e-29
5.270000000000000000e+02 2.670379265372000035e-29
5.325000000000000000e+02 2.699104444176666532e-29
5.380000000000000000e+02 2.732985052124000210e-29
5.430000000000000000e+02 2.764404068300000189e-29
5.485000000000000000e+02 2.799673298533332763e-29
5.540000000000000000e+02 2.837080251812000662e-29
5.595000000000000000e+02 2.927099675799999725e-29
5.655000000000000000e+02 2.913482327206666215e-29
5.710000000000000000e+02 2.951901150543999769e-29
5.765000000000000000e+02 2.991199872433332962e-29
5.825000000000000000e+02 3.036297184733333029e-29
5.885000000000000000e+02 3.079954611179999448e-29
5.945000000000000000e+02 3.125963760374999994e-29
6.005000000000000000e+02 3.173104431554999616e-29
6.065000000000000000e+02 3.221444418178333044e-29
6.125000000000000000e+02 3.270956458286666592e-29
6.185000000000000000e+02 3.321746326576666805e-29
6.245000000000000000e+02 3.377634885281666217e-29
6.305000000000000000e+02 3.427279904231666809e-29
6.370000000000000000e+02 3.488345928755713499e-29
6.435000000000000000e+02 3.547932839608332927e-29
6.500000000000000000e+02 3.610897823922856834e-29
6.565000000000000000e+02 3.675656008521666975e-29
6.630000000000000000e+02 3.742389280384284768e-29
6.695000000000000000e+02 3.811055505566666636e-29
6.760000000000000000e+02 3.881858775372856753e-29
6.830000000000000000e+02 3.960616088721428696e-29
6.900000000000000000e+02 4.041765520581428338e-29
6.970000000000000000e+02 4.125777093404284933e-29
7.040000000000000000e+02 4.212782611544284977e-29
7.110000000000000000e+02 4.302557773184285959e-29
7.180000000000000000e+02 4.395607999785714209e-29
7.250000000000000000e+02 4.494577421892857444e-29
7.320000000000000000e+02 4.591788392219999899e-29
7.395000000000000000e+02 4.702918667793750334e-29
7.470000000000000000e+02 4.818208388790000565e-29
7.545000000000000000e+02 4.984031218941249557e-29
7.620000000000000000e+02 5.063277167038571083e-29
7.695000000000000000e+02 5.201392216557500076e-29
7.775000000000000000e+02 5.338346456633750416e-29
7.855000000000000000e+02 5.687319696679998880e-29
7.930000000000000000e+02 5.644233900514285580e-29
8.005000000000000000e+02 5.903132231734999416e-29
8.085000000000000000e+02 6.001563439313749185e-29
8.170000000000000000e+02 6.159629214210000553e-29
8.255000000000000000e+02 6.364134476593750191e-29
8.335000000000000000e+02 6.564253365924999986e-29
8.415000000000000000e+02 6.776112438366249654e-29
8.500000000000000000e+02 1.391330820186444456e-28
8.585000000000000000e+02 7.264251864560000156e-29
8.670000000000000000e+02 7.529886915694444667e-29
8.760000000000000000e+02 7.836252400959999441e-29
8.850000000000000000e+02 8.146345144856667213e-29
8.935000000000000000e+02 8.465463556416250666e-29
9.020000000000000000e+02 8.853942349243333940e-29
9.115000000000000000e+02 9.211895491974000091e-29
9.210000000000000000e+02 9.649401653390000056e-29
9.300000000000000000e+02 1.534451020451666647e-28
9.390000000000000000e+02 1.057395547174444536e-28
9.485000000000000000e+02 1.112766542503999974e-28
9.580000000000000000e+02 1.171248296759999982e-28
9.675000000000000000e+02 1.235301062830999827e-28
9.775000000000000000e+02 1.525960548498999985e-28
9.870000000000000000e+02 1.179329572223888894e-27
9.965000000000000000e+02 1.478841759643999962e-28
1.006500000000000000e+03 3.344266260646899793e-27
1.016500000000000000e+03 6.013267469962999984e-28
1.027000000000000000e+03 1.050468479148890633e-26
1.037500000000000000e+03 8.069113765231999917e-28
1.047500000000000000e+03 1.206022157081864142e-25
1.058000000000000000e+03 3.032501764856363630e-27
1.069000000000000000e+03 1.686341278094818771e-27
1.079500000000000000e+03 9.120853550787601265e-27
1.090000000000000000e+03 2.906848100664272660e-27
1.101000000000000000e+03 1.537831055055772637e-26
1.112000000000000000e+03 1.943130700452174332e-25
1.123000000000000000e+03 1.303944787101311871e-25
1.134500000000000000e+03 2.897333711314780763e-25
1.146000000000000000e+03 1.255960660623400902e-24
1.157500000000000000e+03 5.701076955152912475e-24
1.169000000000000000e+03 1.628876008540818422e-25
1.180500000000000000e+03 1.555459174685120526e-23
1.192500000000000000e+03 1.237338237386661244e-22
1.204500000000000000e+03 6.839783848260835862e-22
1.216500000000000000e+03 7.005190018599193201e-23
1.228500000000000000e+03 1.048756533225403179e-20
1.240500000000000000e+03 3.417250490649445243e-22
1.253000000000000000e+03 4.357993676549467730e-19
1.266000000000000000e+03 3.412621276713093164e-22
1.278500000000000000e+03 6.130428378906966658e-23
1.291000000000000000e+03 1.478751047705592485e-23
1.304000000000000000e+03 1.432951131752354999e-19
1.317000000000000000e+03 1.101710713391276727e-23
1.330000000000000000e+03 1.421935978964099963e-23
1.343500000000000000e+03 4.143699283261144120e-21
1.357000000000000000e+03 7.702754128893171573e-20
1.370500000000000000e+03 3.176042606436349841e-24
1.384500000000000000e+03 1.921776183538500183e-23
1.398500000000000000e+03 3.966604984357485760e-25
1.412500000000000000e+03 5.786757519601920972e-25
1.426500000000000000e+03 5.058261610736989599e-24
1.440500000000000000e+03 2.875764375357942641e-25
1.455000000000000000e+03 3.536192479072500871e-24
1.469500000000000000e+03 9.882634647255385203e-25
1.484000000000000000e+03 1.056767894372827122e-23
1.499000000000000000e+03 3.567282160279257219e-25
1.514000000000000000e+03 2.805349777349047262e-26
1.529000000000000000e+03 7.800736401099349040e-25
1.544500000000000000e+03 4.384138480453883773e-22
1.560000000000000000e+03 2.354429056007775460e-24
1.575500000000000000e+03 9.606335027884862773e-24
1.591500000000000000e+03 9.708224801697283274e-25
1.607500000000000000e+03 3.094646613395231823e-24
1.623500000000000000e+03 7.685535050035577946e-25
1.639500000000000000e+03 6.772989126283319310e-22
1.656000000000000000e+03 1.437100633646565638e-24
1.672500000000000000e+03 7.088817424593254924e-23
1.689000000000000000e+03 1.920415633479141383e-26
1.706000000000000000e+03 4.189391552299366891e-25
1.723000000000000000e+03 2.000921912215763845e-24
1.740500000000000000e+03 3.269673486648196929e-25
1.758000000000000000e+03 5.710945331152993744e-26
1.775500000000000000e+03 3.708686605650489521e-25
1.793500000000000000e+03 1.075118571894130567e-26
1.811500000000000000e+03 5.566540835597004637e-27
1.829500000000000000e+03 7.571071271659309184e-26
1.847500000000000000e+03 3.865437360473602335e-26
1.866000000000000000e+03 1.484130460080421077e-28
1.884500000000000000e+03 3.779865099240722068e-28
1.903000000000000000e+03 1.086371668156210286e-28
1.922000000000000000e+03 1.612593955850069057e-26
1.941500000000000000e+03 5.965813480506000233e-29
1.961000000000000000e+03 6.148808367151578043e-29
1.980500000000000000e+03 5.777400506242501197e-29
2.000500000000000000e+03 6.632744670980499411e-29
2.020500000000000000e+03 2.668622845826149911e-28
2.040500000000000000e+03 5.695344642389498832e-29
2.061000000000000000e+03 2.115568153011579491e-26
2.082000000000000000e+03 7.553370498980950996e-29
2.102500000000000000e+03 5.239192393453199405e-28
2.123500000000000000e+03 5.903892605494570969e-27
2.145000000000000000e+03 6.639557938508652294e-24
2.166500000000000000e+03 2.864371926730788970e-26
2.188000000000000000e+03 7.654776096871472215e-24
2.209500000000000000e+03 2.978076005667664055e-25
2.231500000000000000e+03 4.804774291734286626e-27
2.254000000000000000e+03 6.766739780693650132e-27
2.277000000000000000e+03 1.665485506750428294e-24
2.299500000000000000e+03 4.672569151227232476e-25
2.322500000000000000e+03 6.164355906672230214e-26
2.346000000000000000e+03 6.322744874062357527e-25
2.369000000000000000e+03 1.004684654712355328e-24
2.392500000000000000e+03 3.517471100480637258e-26
2.416500000000000000e+03 9.283608815545124551e-25
2.441000000000000000e+03 9.215499302567949134e-25
2.465500000000000000e+03 2.462461004436559155e-23
2.490000000000000000e+03 1.004336569731950047e-24
2.515000000000000000e+03 2.781813713222905087e-24
2.540000000000000000e+03 3.927120474123377597e-23
2.565500000000000000e+03 1.493284544453779861e-24
2.591500000000000000e+03 4.221319784166481328e-22
2.617500000000000000e+03 9.319042230517494307e-23
2.643500000000000000e+03 6.583203113281182017e-23
2.669500000000000000e+03 5.792639131678260603e-24
2.696000000000000000e+03 3.666241322411484790e-22
2.723000000000000000e+03 1.044074910925916672e-22
2.750500000000000000e+03 3.668727595169990929e-22
2.778000000000000000e+03 2.168586215990804597e-22
2.805500000000000000e+03 4.041415913261883452e-22
2.834000000000000000e+03 8.795703463177868698e-21
2.862500000000000000e+03 2.362012705956655679e-22
2.891000000000000000e+03 6.404575490799140924e-21
2.920000000000000000e+03 9.282655185192411331e-21
2.949000000000000000e+03 8.355531367576591556e-22
2.978500000000000000e+03 1.694285498302006060e-21
3.008500000000000000e+03 1.181965282420632653e-19
3.038500000000000000e+03 1.614715902280416488e-23
3.068500000000000000e+03 6.871291714458322905e-22
3.099000000000000000e+03 3.521588988741397336e-22
3.130000000000000000e+03 8.280515887687680242e-22
3.161500000000000000e+03 2.885808637164474552e-21
3.193500000000000000e+03 1.641167716179525580e-22
3.225500000000000000e+03 3.693249394906926766e-25
3.257500000000000000e+03 7.303866476133682072e-25
3.290000000000000000e+03 1.990553591249805178e-25
3.323000000000000000e+03 3.008212795938484346e-27
3.356000000000000000e+03 6.087135026419217065e-26
3.389500000000000000e+03 2.370489322430578009e-25
3.423500000000000000e+03 2.506774398153402743e-26
3.458000000000000000e+03 1.109435044148100117e-26
3.492500000000000000e+03 1.147409261886254082e-25
3.527000000000000000e+03 3.380322190845337850e-26
3.562500000000000000e+03 7.175717185078479181e-25
3.598500000000000000e+03 3.370580447674616511e-26
3.634500000000000000e+03 5.682359918121111404e-26
3.670500000000000000e+03 1.000642889298868634e-24
3.707000000000000000e+03 4.866333734475371979e-26
3.744500000000000000e+03 3.407666156439446280e-24
3.782000000000000000e+03 7.592003580078232700e-23
3.819500000000000000e+03 7.122948760467182461e-23
3.858000000000000000e+03 4.138185603845787614e-22
3.896500000000000000e+03 7.854247439284005424e-22
3.935000000000000000e+03 1.446863250245387037e-23
3.974500000000000000e+03 9.181116675582306007e-24
4.014500000000000000e+03 9.201963537844406955e-24
4.054500000000000000e+03 1.311198013730774976e-22
4.095000000000000000e+03 5.266210550109732538e-23
4.136000000000000000e+03 9.237462158592929830e-23
4.177500000000000000e+03 1.108471329156407069e-21
4.219500000000000000e+03 2.087950491612035689e-21
4.261500000000000000e+03 2.735517777287974721e-22
4.304000000000000000e+03 4.006735883760817426e-21
4.347000000000000000e+03 1.464674776848987686e-20
4.390500000000000000e+03 7.413320763604144232e-22
4.434500000000000000e+03 1.703887352594803175e-21
4.479000000000000000e+03 2.270279159733847504e-22
4.524000000000000000e+03 4.307862972833575082e-22
4.569000000000000000e+03 1.004554954017787311e-21
4.614500000000000000e+03 2.406633612819240943e-23
4.660500000000000000e+03 3.879111351972004338e-24
4.707000000000000000e+03 4.264926929225723519e-24
4.754500000000000000e+03 3.030336917972129027e-26
4.802000000000000000e+03 2.014353340231838826e-26
4.850000000000000000e+03 5.534995922699367074e-26
4.898500000000000000e+03 3.077044491380673053e-27
4.947500000000000000e+03 4.419034754018386014e-26
4.997000000000000000e+03 1.586585224780670139e-25
5.047000000000000000e+03 2.181601880707533886e-25
5.097500000000000000e+03 1.739310314238432990e-25
5.148000000000000000e+03 1.431195113684632378e-24
5.199500000000000000e+03 2.587197458605627827e-24
5.251500000000000000e+03 9.990087100105492349e-25
5.304000000000000000e+03 1.527327818207952821e-24
5.357500000000000000e+03 9.312002580450841381e-24
5.411000000000000000e+03 1.402438853969968037e-23
5.465000000000000000e+03 1.196938956181634980e-23
5.520000000000000000e+03 2.158404987835244236e-23
5.575000000000000000e+03 9.914770050898959906e-23
5.630500000000000000e+03 7.426595706421406396e-23
5.687000000000000000e+03 4.278197090268095013e-23
5.744000000000000000e+03 1.828594878953225104e-22
5.801500000000000000e+03 4.394483331504812309e-23
5.859500000000000000e+03 1.849473666429098954e-22
5.918000000000000000e+03 2.015749382924362236e-22
5.977000000000000000e+03 4.072898166443702877e-23
6.036500000000000000e+03 8.744195041782638992e-23
6.097000000000000000e+03 5.659247849122637702e-23
6.158000000000000000e+03 3.737518447162362519e-23
6.219500000000000000e+03 1.982826158424465637e-24
6.282000000000000000e+03 1.248390438172290825e-25
6.345000000000000000e+03 3.018026274943408885e-26
6.408500000000000000e+03 3.424401484659385046e-26
6.472500000000000000e+03 8.150015616998129925e-26
6.537000000000000000e+03 2.020928304718842404e-25
6.602500000000000000e+03 4.466330118530502410e-25
6.668500000000000000e+03 1.071364434670288928e-24
6.735000000000000000e+03 6.268098356130760038e-24
6.802500000000000000e+03 6.578020669283553918e-24
6.870500000000000000e+03 4.042623820692276867e-24
6.939000000000000000e+03 8.281877249047128677e-24
7.008500000000000000e+03 1.804513590275734203e-23
7.078500000000000000e+03 6.476677997806258689e-23
7.149500000000000000e+03 7.691204729974923631e-23
7.221000000000000000e+03 8.623174099776225531e-23
7.293000000000000000e+03 6.222137401211155157e-23
7.366000000000000000e+03 6.386097444667138678e-23
7.439500000000000000e+03 4.754268669320404093e-23
7.514000000000000000e+03 1.536400815778767077e-22
7.589500000000000000e+03 3.103916431397224815e-24
7.665500000000000000e+03 1.414180234296707475e-24
7.742000000000000000e+03 9.366049131612237597e-26
7.819500000000000000e+03 2.402453434643649517e-26
7.897500000000000000e+03 3.074669542714586106e-26
7.976500000000000000e+03 4.758926945598624587e-30
8.056500000000000000e+03 1.605245999761667959e-25
8.137000000000000000e+03 4.961707077074008908e-25
8.218000000000000000e+03 6.960777189835183967e-25
8.300000000000000000e+03 2.915643349890498053e-24
8.383500000000000000e+03 1.077070081782389170e-23
8.467500000000000000e+03 1.955766576936800286e-23
8.552000000000000000e+03 3.352357088627396031e-23
8.637500000000000000e+03 7.108118831347383912e-23
8.724000000000000000e+03 2.230467461200343022e-23
8.811000000000000000e+03 1.953911135094137031e-23
8.899000000000000000e+03 1.736931773907971537e-23
8.988000000000000000e+03 3.749942008984401555e-24
9.078000000000000000e+03 3.308022592438488020e-25
9.169000000000000000e+03 5.334776427903491680e-25
9.260500000000000000e+03 1.313985576914565540e-30
9.353000000000000000e+03 1.216058673185484376e-30
9.446500000000000000e+03 1.148685601157659850e-30
9.541000000000000000e+03 1.095015482994315993e-30
9.636500000000000000e+03 1.049510474221042013e-30
9.733000000000000000e+03 1.009464614208525713e-30
9.830000000000000000e+03 9.735419395729999878e-31
9.928000000000000000e+03 9.406346197852828237e-31
9.989000000000000000e+03 9.214645788432173380e-31
