1.000000000000000000e+01 6.223665268970000057e-27
1.100000000000000000e+01 9.511874304710000811e-28
1.200000000000000000e+01 9.372819697119999576e-28
1.300000000000000000e+01 9.502603490749999945e-28
1.400000000000000000e+01 9.419126810179999140e-28
1.500000000000000000e+01 1.002180155190000033e-27
1.600000000000000000e+01 9.435084941720000257e-28
1.700000000000000000e+01 9.437978665930000736e-28
1.800000000000000000e+01 9.478175264819999441e-28
1.900000000000000000e+01 1.059421675849999923e-27
2.000000000000000000e+01 9.509726417080000175e-28
2.100000000000000000e+01 9.570330338899999715e-28
2.200000000000000000e+01 1.785116877879999877e-27
2.300000000000000000e+01 2.856667239740000111e-27
2.400000000000000000e+01 1.518160106280000066e-27
2.500000000000000000e+01 1.093948588679999928e-27
2.600000000000000000e+01 2.075720877049999935e-26
2.700000000000000000e+01 9.825592777570000605e-28
2.800000000000000000e+01 9.818830710529999806e-28
2.900000000000000000e+01 3.496321081530000122e-26
3.000000000000000000e+01 1.424063274999999983e-27
3.100000000000000000e+01 1.547804158420000046e-27
3.200000000000000000e+01 9.790080135209999942e-28
3.300000000000000000e+01 1.066816747209999953e-27
3.400000000000000000e+01 5.662652308049999794e-27
3.500000000000000000e+01 2.246082396020000152e-27
3.600000000000000000e+01 1.025196380230000020e-27
3.700000000000000000e+01 1.000481125299999922e-27
3.800000000000000000e+01 1.096241295200000025e-27
3.900000000000000000e+01 1.285261214170000072e-27
4.000000000000000000e+01 1.249458312659999951e-27
4.100000000000000000e+01 4.778956734319999694e-27
4.200000000000000000e+01 1.549031088230000064e-27
4.300000000000000000e+01 1.095577756290000058e-27
4.400000000000000000e+01 1.083925476460000046e-27
4.500000000000000000e+01 2.432247579220000034e-26
4.600000000000000000e+01 2.705408584970000050e-27
4.700000000000000000e+01 1.488543585340000006e-27
4.800000000000000000e+01 1.030499355120000022e-27
4.900000000000000000e+01 2.622626303050000069e-27
5.000000000000000000e+01 1.551739023389999963e-27
5.100000000000000000e+01 1.155529545400000013e-27
5.200000000000000000e+01 1.480972153209999916e-27
5.300000000000000000e+01 1.159263598950000070e-27
5.400000000000000000e+01 2.371373414810000061e-24
5.500000000000000000e+01 1.026314077850000015e-27
5.600000000000000000e+01 4.854522689159999698e-27
5.700000000000000000e+01 4.388791877120000332e-27
5.800000000000000000e+01 1.248001349520000090e-27
5.900000000000000000e+01 1.179889591140000042e-26
6.000000000000000000e+01 1.031356848539999995e-27
6.100000000000000000e+01 1.031831434199999973e-27
6.200000000000000000e+01 1.712505599309999923e-27
6.300000000000000000e+01 2.500542682380000089e-27
6.400000000000000000e+01 1.442079367790000042e-27
6.500000000000000000e+01 1.508629550950000063e-27
6.600000000000000000e+01 1.206376322190000066e-27
6.700000000000000000e+01 4.977191031599999866e-27
6.800000000000000000e+01 1.124964221750000013e-27
6.900000000000000000e+01 2.230404853320000144e-27
7.000000000000000000e+01 1.873972798800000112e-26
7.100000000000000000e+01 1.086030553789999994e-27
7.200000000000000000e+01 1.629467729270000097e-27
7.300000000000000000e+01 4.102762094310000353e-27
7.400000000000000000e+01 3.884967009360000069e-27
7.500000000000000000e+01 1.082625500629999972e-27
7.600000000000000000e+01 2.772416755639999915e-26
7.700000000000000000e+01 1.153244305989999944e-27
7.800000000000000000e+01 1.141202143440000024e-27
7.900000000000000000e+01 2.877602444210000051e-27
8.000000000000000000e+01 1.473839356809999939e-27
8.100000000000000000e+01 6.625889476249999496e-26
8.200000000000000000e+01 1.868448848200000039e-27
8.300000000000000000e+01 1.758568151590000111e-27
8.400000000000000000e+01 2.783944716940000011e-27
8.500000000000000000e+01 1.759128462169999891e-27
8.600000000000000000e+01 1.143965267390000048e-27
8.700000000000000000e+01 1.120835991759999951e-27
8.800000000000000000e+01 1.208498984949999987e-27
8.900000000000000000e+01 2.369878002740000092e-27
9.000000000000000000e+01 2.023103846129999906e-27
9.100000000000000000e+01 1.216412557699999929e-27
9.200000000000000000e+01 1.259207231489999983e-27
9.300000000000000000e+01 3.690036247769999985e-27
9.400000000000000000e+01 2.632417551929999914e-25
9.500000000000000000e+01 2.374618508910000079e-27
9.600000000000000000e+01 1.231648794419999931e-27
9.700000000000000000e+01 1.556565417909999940e-27
9.800000000000000000e+01 1.043275147539999998e-26
9.900000000000000000e+01 8.470215617579999560e-27
1.000000000000000000e+02 2.311705301350000155e-25
1.010000000000000000e+02 1.670576105260000095e-27
1.020000000000000000e+02 1.198421458330000056e-27
1.030000000000000000e+02 1.452916471810000046e-27
1.040000000000000000e+02 5.681408626210000313e-25
1.050000000000000000e+02 1.988962998710000068e-27
1.060000000000000000e+02 1.222922035589999985e-27
1.070000000000000000e+02 1.315619169630000004e-27
1.080000000000000000e+02 1.229577979739999963e-27
1.090000000000000000e+02 1.219126861540000053e-27
1.100000000000000000e+02 1.824766261479999929e-27
1.110000000000000000e+02 1.354928243699999954e-27
1.120000000000000000e+02 1.383162794830000004e-27
1.130000000000000000e+02 1.103684123410000053e-26
1.140000000000000000e+02 2.501479931639999937e-27
1.150000000000000000e+02 2.071966835990000146e-25
1.160000000000000000e+02 1.373826158400000031e-27
1.170000000000000000e+02 3.046407398840000043e-27
1.180000000000000000e+02 5.913789895719999976e-27
1.190000000000000000e+02 2.135624880350000172e-25
1.200000000000000000e+02 1.183559873929999949e-27
1.210000000000000000e+02 1.179205492930000082e-27
1.220000000000000000e+02 2.324145127289999846e-27
1.230000000000000000e+02 1.479555606009999916e-27
1.240000000000000000e+02 4.137762327700000097e-27
1.250000000000000000e+02 1.042037589030000063e-25
1.260000000000000000e+02 2.953626650600000158e-27
1.270000000000000000e+02 2.267825995829999934e-27
1.280000000000000000e+02 1.160892013619999921e-27
1.290000000000000000e+02 1.195102872529999962e-27
1.300000000000000000e+02 1.157518706620000089e-27
1.310000000000000000e+02 1.248450242710000018e-27
1.320000000000000000e+02 1.306018332799999935e-27
1.330000000000000000e+02 1.246864482830000040e-27
1.340000000000000000e+02 1.412685068370000064e-27
1.350000000000000000e+02 8.121376198609999842e-26
1.360000000000000000e+02 6.745635100130000324e-27
1.370000000000000000e+02 5.040312640049999708e-27
1.380000000000000000e+02 1.047163974660000013e-26
1.390000000000000000e+02 1.281325826100000036e-27
1.400000000000000000e+02 1.402912626049999950e-27
1.410000000000000000e+02 1.157662718270000000e-27
1.420000000000000000e+02 1.198681660069999952e-27
1.430000000000000000e+02 1.204372410310000087e-27
1.440000000000000000e+02 1.301027317229999984e-27
1.450000000000000000e+02 7.761753648840000073e-27
1.460000000000000000e+02 5.657998337969999847e-27
1.470000000000000000e+02 2.299972201680000089e-27
1.480000000000000000e+02 1.322323461870000088e-27
1.490000000000000000e+02 2.496760098629999930e-27
1.500000000000000000e+02 1.256105964549999927e-27
1.510000000000000000e+02 3.488240611499999741e-27
1.520000000000000000e+02 1.837291869139999956e-27
1.530000000000000000e+02 2.120708254749999997e-27
1.540000000000000000e+02 1.466422290610000018e-27
1.550000000000000000e+02 6.247092303310000101e-27
1.560000000000000000e+02 8.483313377959999667e-27
1.570000000000000000e+02 2.003637418449999889e-27
1.580000000000000000e+02 3.984849579849999890e-27
1.590000000000000000e+02 1.241097898669999984e-27
1.600000000000000000e+02 1.205585444550000031e-27
1.610000000000000000e+02 1.507869644690000080e-27
1.620000000000000000e+02 1.181292368689999995e-27
1.630000000000000000e+02 1.273064669329999957e-27
1.640000000000000000e+02 1.250653972439999987e-27
1.650000000000000000e+02 1.793384687630000004e-27
1.660000000000000000e+02 3.978288291100000226e-27
1.670000000000000000e+02 2.124087394749999873e-27
1.680000000000000000e+02 1.286436617610000055e-27
1.690000000000000000e+02 1.240933560470000036e-27
1.700000000000000000e+02 1.329001486759999932e-27
1.710000000000000000e+02 1.241572548939999995e-27
1.720000000000000000e+02 1.214183848279999973e-27
1.730000000000000000e+02 1.169301084570000035e-26
1.740000000000000000e+02 5.423514021320000105e-27
1.750000000000000000e+02 1.526706092989999931e-27
1.760000000000000000e+02 3.320523440350000005e-25
1.770000000000000000e+02 1.898177748419999994e-27
1.780000000000000000e+02 5.219043585220000391e-26
1.790000000000000000e+02 1.454774466450000063e-27
1.800000000000000000e+02 1.203810542790000011e-27
1.810000000000000000e+02 1.221312858569999932e-27
1.820000000000000000e+02 1.212359545760000032e-27
1.830000000000000000e+02 4.050881938269999703e-27
1.840000000000000000e+02 1.234699821089999959e-27
1.850000000000000000e+02 3.364442048139999971e-27
1.860000000000000000e+02 4.349418595149999877e-27
1.870000000000000000e+02 3.329878744719999705e-27
1.880000000000000000e+02 1.278697538729999954e-27
1.890000000000000000e+02 1.334046874660000044e-27
1.900000000000000000e+02 3.217226102749999762e-26
1.910000000000000000e+02 2.903144293419999841e-27
1.920000000000000000e+02 2.471787399499999991e-27
1.930000000000000000e+02 1.320180559269999944e-27
1.940000000000000000e+02 3.906953974270000079e-27
1.950000000000000000e+02 1.372657218599999948e-26
1.960000000000000000e+02 6.890705864079999790e-27
1.970000000000000000e+02 2.658726833669999928e-25
1.980000000000000000e+02 1.839970297200000015e-27
1.990000000000000000e+02 1.335840068289999945e-27
2.000000000000000000e+02 1.337885401960000056e-27
2.010000000000000000e+02 2.268571594479999825e-27
2.020000000000000000e+02 1.349247367719999996e-27
2.030000000000000000e+02 1.434687690109999952e-27
2.040000000000000000e+02 2.061061490620000091e-27
2.050000000000000000e+02 1.829952717469999979e-27
2.060000000000000000e+02 1.342958442370000087e-27
2.070000000000000000e+02 1.622398818039999994e-27
2.080000000000000000e+02 1.357463516720000078e-27
2.090000000000000000e+02 4.635037993219999983e-26
2.100000000000000000e+02 3.665598128500000128e-27
2.110000000000000000e+02 1.449927141970000060e-27
2.120000000000000000e+02 1.333978074330000081e-27
2.130000000000000000e+02 1.394506004369999925e-27
2.140000000000000000e+02 9.017329731980000006e-27
2.150000000000000000e+02 7.160855460870000133e-27
2.160000000000000000e+02 2.350151400170000152e-27
2.170000000000000000e+02 1.265404173980000077e-27
2.180000000000000000e+02 5.413548982040000331e-27
2.190000000000000000e+02 1.257689774670000007e-27
2.200000000000000000e+02 1.265774975359999919e-27
2.210000000000000000e+02 1.266649379780000055e-27
2.220000000000000000e+02 1.339000577220000005e-27
2.230000000000000000e+02 1.301546463420000075e-27
2.240000000000000000e+02 1.269133911350000089e-27
2.250000000000000000e+02 1.267463691070000020e-27
2.260000000000000000e+02 1.364160347800000049e-27
2.270000000000000000e+02 1.295630410529999928e-27
2.280000000000000000e+02 1.919838845920000143e-27
2.290000000000000000e+02 1.366482292850000073e-27
2.300000000000000000e+02 2.274389812969999933e-27
2.310000000000000000e+02 1.459004067180000012e-27
2.320000000000000000e+02 1.388513212830000012e-27
2.330000000000000000e+02 1.744254725450000098e-27
2.340000000000000000e+02 1.819771962709999969e-27
2.350000000000000000e+02 1.676945773570000043e-27
2.360000000000000000e+02 1.395080109170000042e-27
2.370000000000000000e+02 1.328062069249999936e-27
2.380000000000000000e+02 1.382071915060000080e-27
2.390000000000000000e+02 3.736357981260000135e-27
2.400000000000000000e+02 1.305670628329999941e-27
2.410000000000000000e+02 1.371461922869999986e-27
2.420000000000000000e+02 1.373703033180000077e-27
2.430000000000000000e+02 1.357435786360000056e-27
2.440000000000000000e+02 1.405681665079999932e-27
2.450000000000000000e+02 1.431039596179999961e-27
2.460000000000000000e+02 2.613615149760000021e-27
2.470000000000000000e+02 1.312160824459999962e-27
2.480000000000000000e+02 3.339216359439999666e-27
2.490000000000000000e+02 1.357242915250000046e-27
2.500000000000000000e+02 1.362398303790000010e-27
2.510000000000000000e+02 1.975302450520000009e-27
2.520000000000000000e+02 1.348455456729999912e-27
2.530000000000000000e+02 4.493609087939999655e-27
2.540000000000000000e+02 1.382497325879999991e-27
2.550000000000000000e+02 1.373720362470000012e-27
2.560000000000000000e+02 1.346105270220000000e-27
2.570000000000000000e+02 1.393742250650000010e-27
2.580000000000000000e+02 2.166428223330000089e-27
2.590000000000000000e+02 3.827319184950000247e-27
2.600000000000000000e+02 1.356509628459999976e-27
2.610000000000000000e+02 1.355931577319999983e-27
2.620000000000000000e+02 1.345687255719999963e-27
2.630000000000000000e+02 1.353142053370000013e-27
2.640000000000000000e+02 1.434133259069999967e-27
2.650000000000000000e+02 1.399644352899999997e-27
2.660000000000000000e+02 1.391983282819999935e-27
2.670000000000000000e+02 1.614506863180000058e-27
2.680000000000000000e+02 1.362201962609999958e-27
2.690000000000000000e+02 1.160209458549999994e-26
2.700000000000000000e+02 1.706022387120000179e-27
2.710000000000000000e+02 1.576640675720000035e-27
2.720000000000000000e+02 8.988945240999999772e-27
2.730000000000000000e+02 1.514211118769999972e-27
2.740000000000000000e+02 1.378331050069999981e-27
2.750000000000000000e+02 1.407573982609999985e-27
2.760000000000000000e+02 1.670717610980000157e-27
2.770000000000000000e+02 1.378371521490000039e-27
2.780000000000000000e+02 1.904805075280000083e-27
2.790000000000000000e+02 1.493629848489999928e-27
2.800000000000000000e+02 1.519243007460000059e-27
2.810000000000000000e+02 1.392399451089999967e-27
2.820000000000000000e+02 1.432977013579999975e-27
2.830000000000000000e+02 1.415583988750000083e-27
2.840000000000000000e+02 1.554076861090000014e-27
2.850000000000000000e+02 1.411560590480000035e-27
2.860000000000000000e+02 1.475243894059999988e-27
2.870000000000000000e+02 1.410919036220000029e-27
2.880000000000000000e+02 1.451771561009999950e-27
2.890000000000000000e+02 1.414207494390000015e-27
2.900000000000000000e+02 2.199398248139999953e-27
2.910000000000000000e+02 1.408223847079999978e-27
2.920000000000000000e+02 1.410856241819999966e-27
2.930000000000000000e+02 1.413784340319999979e-27
2.940000000000000000e+02 1.434313596810000018e-27
2.950000000000000000e+02 1.419122944449999923e-27
2.960000000000000000e+02 1.486349898410000045e-27
2.970000000000000000e+02 1.557782750990000008e-27
2.980000000000000000e+02 1.430768244239999915e-27
2.990000000000000000e+02 1.557815160590000084e-27
3.000000000000000000e+02 1.508314764840000002e-27
3.010000000000000000e+02 1.430076197629999955e-27
3.020000000000000000e+02 1.538918745430000052e-27
3.030000000000000000e+02 1.438758098419999967e-27
3.040000000000000000e+02 1.445586281309999947e-27
3.050000000000000000e+02 1.502616130740000086e-27
3.060000000000000000e+02 1.447212217670000021e-27
3.070000000000000000e+02 1.486828654809999964e-27
3.080000000000000000e+02 1.495935550249999945e-27
3.090000000000000000e+02 1.462089862009999962e-27
3.100000000000000000e+02 1.454315127109999938e-27
3.110000000000000000e+02 1.454872563259999943e-27
3.120000000000000000e+02 1.457063930250000077e-27
3.130000000000000000e+02 1.482972998859999988e-27
3.140000000000000000e+02 1.461919243700000048e-27
3.150000000000000000e+02 1.465159274940000083e-27
3.160000000000000000e+02 1.500860222690000031e-27
3.170000000000000000e+02 1.609157437749999973e-27
3.180000000000000000e+02 1.486647147789999991e-27
3.190000000000000000e+02 1.473630711050000018e-27
3.200000000000000000e+02 1.479503023629999930e-27
3.210000000000000000e+02 1.578091484040000022e-27
3.220000000000000000e+02 1.541882497420000048e-27
3.230000000000000000e+02 1.484654538750000023e-27
3.240000000000000000e+02 1.905872383489999822e-27
3.250000000000000000e+02 1.489110985760000039e-27
3.260000000000000000e+02 1.624128404459999870e-27
3.270000000000000000e+02 1.527813843120000057e-27
3.280000000000000000e+02 1.499655486199999947e-27
3.290000000000000000e+02 1.502494982640000001e-27
3.300000000000000000e+02 1.736854760520000121e-27
3.310000000000000000e+02 1.504162842450000015e-27
3.320000000000000000e+02 1.507449464079999953e-27
3.330000000000000000e+02 1.509089031110000060e-27
3.340000000000000000e+02 1.514855625970000043e-27
3.350000000000000000e+02 1.515192564730000004e-27
3.360000000000000000e+02 1.517485682950000000e-27
3.370000000000000000e+02 1.545008271560000040e-27
3.380000000000000000e+02 1.574329409979999915e-27
3.390000000000000000e+02 1.572312674359999946e-27
3.400000000000000000e+02 1.546330764679999960e-27
3.410000000000000000e+02 1.631025105389999907e-27
3.420000000000000000e+02 1.535557979019999985e-27
3.430000000000000000e+02 1.589341644919999975e-27
3.440000000000000000e+02 1.539739243570000038e-27
3.450000000000000000e+02 1.541258503819999951e-27
3.460000000000000000e+02 1.549773966139999932e-27
3.470000000000000000e+02 1.546769461060000060e-27
3.480000000000000000e+02 1.555557880489999982e-27
3.490000000000000000e+02 1.552624266240000005e-27
3.500000000000000000e+02 1.560486121109999956e-27
3.510000000000000000e+02 1.577973496669999967e-27
3.520000000000000000e+02 1.565298277070000022e-27
3.530000000000000000e+02 1.563927381000000067e-27
3.540000000000000000e+02 1.566404329670000008e-27
3.550000000000000000e+02 1.569845393859999911e-27
3.560000000000000000e+02 1.589288184340000050e-27
3.570000000000000000e+02 1.581088349880000003e-27
3.580000000000000000e+02 4.615735805419999659e-27
3.590000000000000000e+02 1.581057449260000030e-27
3.600000000000000000e+02 1.586606212460000057e-27
3.610000000000000000e+02 1.586159954770000006e-27
3.620000000000000000e+02 1.598259768970000066e-27
3.630000000000000000e+02 1.594733649780000030e-27
3.640000000000000000e+02 1.595205634189999994e-27
3.650000000000000000e+02 1.602503132149999948e-27
3.660000000000000000e+02 1.601984801050000042e-27
3.670000000000000000e+02 1.603679903320000003e-27
3.680000000000000000e+02 1.607982150509999987e-27
3.690000000000000000e+02 1.609872172560000054e-27
3.700000000000000000e+02 1.629525307949999930e-27
3.710000000000000000e+02 1.617057667519999965e-27
3.720000000000000000e+02 1.618016076760000082e-27
3.735000000000000000e+02 1.625422884379999946e-27
3.760000000000000000e+02 1.664052513383333228e-27
3.795000000000000000e+02 1.642443121930000075e-27
3.835000000000000000e+02 1.657896227237499595e-27
3.875000000000000000e+02 1.693286837075000188e-27
3.915000000000000000e+02 1.680575726954999830e-27
3.955000000000000000e+02 1.772609081400000156e-27
3.995000000000000000e+02 1.702854976652500011e-27
4.035000000000000000e+02 1.759446011714999786e-27
4.075000000000000000e+02 1.730280465932499963e-27
4.115000000000000000e+02 1.747853218297500080e-27
4.155000000000000000e+02 1.778841225247500166e-27
4.195000000000000000e+02 2.063592108842499958e-27
4.235000000000000000e+02 1.823107270310000207e-27
4.280000000000000000e+02 1.799353705705999847e-27
4.325000000000000000e+02 1.815613776767500167e-27
4.365000000000000000e+02 1.829867142380000307e-27
4.410000000000000000e+02 1.846423354538000091e-27
4.455000000000000000e+02 1.864979236717500065e-27
4.495000000000000000e+02 1.878127647655000036e-27
4.540000000000000000e+02 1.895109500499999706e-27
4.590000000000000000e+02 1.918098412433999982e-27
4.635000000000000000e+02 1.931659278005000095e-27
4.680000000000000000e+02 1.951077445424000093e-27
4.725000000000000000e+02 1.969325643009999932e-27
4.770000000000000000e+02 1.987505557480000026e-27
4.820000000000000000e+02 2.007549005077999907e-27
4.870000000000000000e+02 2.029302575400000276e-27
4.920000000000000000e+02 2.050610072217999916e-27
4.970000000000000000e+02 2.072584586161999996e-27
5.020000000000000000e+02 2.095628754808000066e-27
5.070000000000000000e+02 2.119683059270000235e-27
5.120000000000000000e+02 2.143895465940000175e-27
5.170000000000000000e+02 2.165112460045999456e-27
5.220000000000000000e+02 2.189034602976000138e-27
5.270000000000000000e+02 2.219232787044000005e-27
5.325000000000000000e+02 2.242162724761666799e-27
5.380000000000000000e+02 2.269839080055999968e-27
5.430000000000000000e+02 2.295517351167999717e-27
5.485000000000000000e+02 2.324836439589999928e-27
5.540000000000000000e+02 2.357095009840000004e-27
5.595000000000000000e+02 2.406000310460000286e-27
5.655000000000000000e+02 2.420065715161666102e-27
5.710000000000000000e+02 2.451339075770000229e-27
5.765000000000000000e+02 2.483951245691666504e-27
5.825000000000000000e+02 2.521098917564999954e-27
5.885000000000000000e+02 2.557745899199999677e-27
5.945000000000000000e+02 2.596069672040000022e-27
6.005000000000000000e+02 2.635169140243333597e-27
6.065000000000000000e+02 2.675360433328333114e-27
6.125000000000000000e+02 2.716582543600000036e-27
6.185000000000000000e+02 2.758772966304999940e-27
6.245000000000000000e+02 2.803755106891666601e-27
6.305000000000000000e+02 2.846572388799999724e-27
6.370000000000000000e+02 2.897066240394285752e-27
6.435000000000000000e+02 2.947678486513332952e-27
6.500000000000000000e+02 2.999737318025714432e-27
6.565000000000000000e+02 3.053132495585000013e-27
6.630000000000000000e+02 3.109041468421428428e-27
6.695000000000000000e+02 3.165775723954999925e-27
6.760000000000000000e+02 3.224843634005714150e-27
6.830000000000000000e+02 3.292884481481428892e-27
6.900000000000000000e+02 3.357758592240000517e-27
6.970000000000000000e+02 3.427679685274285866e-27
7.040000000000000000e+02 3.507096138515714081e-27
7.110000000000000000e+02 3.574852104697142989e-27
7.180000000000000000e+02 3.652462223512857116e-27
7.250000000000000000e+02 3.741653905415713716e-27
7.320000000000000000e+02 3.815736021594285477e-27
7.395000000000000000e+02 3.911327878892499730e-27
7.470000000000000000e+02 4.005189896329999114e-27
7.545000000000000000e+02 4.153799354370000185e-27
7.620000000000000000e+02 4.211753214588572076e-27
7.695000000000000000e+02 4.338064608101250883e-27
7.775000000000000000e+02 4.439334535557499820e-27
7.855000000000000000e+02 4.674957697342499687e-27
7.930000000000000000e+02 4.706964922348571622e-27
8.005000000000000000e+02 5.061740987483749784e-27
8.085000000000000000e+02 5.017695122550000037e-27
8.170000000000000000e+02 5.129335107263332810e-27
8.255000000000000000e+02 5.363556587450000636e-27
8.335000000000000000e+02 5.464863963963750263e-27
8.415000000000000000e+02 5.643571135247498582e-27
8.500000000000000000e+02 6.700643942929999449e-27
8.585000000000000000e+02 6.047918657151249624e-27
8.670000000000000000e+02 6.267038803588889657e-27
8.760000000000000000e+02 6.525367549097777059e-27
8.850000000000000000e+02 6.785938855394443658e-27
8.935000000000000000e+02 7.051215619648750978e-27
9.020000000000000000e+02 7.495079165139999352e-27
9.115000000000000000e+02 7.675090050896999788e-27
9.210000000000000000e+02 8.045461247183334061e-27
9.300000000000000000e+02 9.013551963528888024e-27
9.390000000000000000e+02 8.833691373559999855e-27
9.485000000000000000e+02 9.391235101715000247e-27
9.580000000000000000e+02 9.862321574595555806e-27
9.675000000000000000e+02 1.032675193461999872e-26
9.775000000000000000e+02 1.415507628326000037e-26
9.870000000000000000e+02 3.675343057221111770e-26
9.965000000000000000e+02 1.292243842416000036e-26
1.006500000000000000e+03 2.218566738984000168e-26
1.016500000000000000e+03 1.727797677686999999e-26
1.027000000000000000e+03 1.107697830605727495e-25
1.037500000000000000e+03 5.201317612463000121e-26
1.047500000000000000e+03 2.699167690742900462e-25
1.058000000000000000e+03 1.312296275574727245e-25
1.069000000000000000e+03 8.610250373435455038e-26
1.079500000000000000e+03 1.127262353158400239e-25
1.090000000000000000e+03 2.962947929511818297e-25
1.101000000000000000e+03 1.104078608831972518e-24
1.112000000000000000e+03 8.109145804327816969e-25
1.123000000000000000e+03 3.851274117506681295e-24
1.134500000000000000e+03 3.240876008580724554e-24
1.146000000000000000e+03 1.831941936380890827e-23
1.157500000000000000e+03 3.441429240479766863e-23
1.169000000000000000e+03 1.330702482216836651e-23
1.180500000000000000e+03 3.375700816805583386e-23
1.192500000000000000e+03 6.295889404614192219e-22
1.204500000000000000e+03 2.682713064725041345e-21
1.216500000000000000e+03 2.018225947553399911e-21
1.228500000000000000e+03 2.215047417400400240e-20
1.240500000000000000e+03 1.445087515669090818e-20
1.253000000000000000e+03 3.788096734189574953e-19
1.266000000000000000e+03 1.633326864339823108e-21
1.278500000000000000e+03 4.280464694924950266e-21
1.291000000000000000e+03 7.431542117150693085e-22
1.304000000000000000e+03 2.344172576200278039e-19
1.317000000000000000e+03 3.065596127725230794e-22
1.330000000000000000e+03 8.148391342619846828e-22
1.343500000000000000e+03 5.949159388117551170e-21
1.357000000000000000e+03 9.674081524196862748e-20
1.370500000000000000e+03 3.772709486752200148e-22
1.384500000000000000e+03 2.819363023932330801e-22
1.398500000000000000e+03 8.952474919979216622e-24
1.412500000000000000e+03 8.962318653391643957e-24
1.426500000000000000e+03 1.436385218035507031e-23
1.440500000000000000e+03 1.756721203203485644e-23
1.455000000000000000e+03 4.280937536432846370e-23
1.469500000000000000e+03 6.566179611116909414e-23
1.484000000000000000e+03 1.495258073520306448e-23
1.499000000000000000e+03 5.708987562453339902e-24
1.514000000000000000e+03 2.420483493346959906e-24
1.529000000000000000e+03 1.982842477288665601e-23
1.544500000000000000e+03 5.342517806314328320e-22
1.560000000000000000e+03 4.771660709003799270e-23
1.575500000000000000e+03 8.747425414436586701e-23
1.591500000000000000e+03 4.064405535871305217e-23
1.607500000000000000e+03 2.448103893848082218e-23
1.623500000000000000e+03 2.789452055765360788e-23
1.639500000000000000e+03 9.929156919477399082e-22
1.656000000000000000e+03 7.460344898431918545e-24
1.672500000000000000e+03 1.056070277458018913e-22
1.689000000000000000e+03 1.801865919002482174e-24
1.706000000000000000e+03 2.188149545617688340e-24
1.723000000000000000e+03 1.004972310607778290e-23
1.740500000000000000e+03 2.111319505791033728e-24
1.758000000000000000e+03 7.532838918197000476e-25
1.775500000000000000e+03 2.895620193507528063e-24
1.793500000000000000e+03 2.130480579946266928e-24
1.811500000000000000e+03 2.836131390579943529e-25
1.829500000000000000e+03 3.383855460460711478e-24
1.847500000000000000e+03 6.327021790990322611e-25
1.866000000000000000e+03 1.859516520734052929e-26
1.884500000000000000e+03 1.291305863530611154e-26
1.903000000000000000e+03 6.948481577329474444e-27
1.922000000000000000e+03 1.032892464460352550e-25
1.941500000000000000e+03 5.008413969416000304e-27
1.961000000000000000e+03 5.042725385530526217e-27
1.980500000000000000e+03 4.832281841627999907e-27
2.000500000000000000e+03 5.067982927406500157e-27
2.020500000000000000e+03 7.381379973622997895e-27
2.040500000000000000e+03 4.908647886121499366e-27
2.061000000000000000e+03 9.587484223701619525e-26
2.082000000000000000e+03 5.718571302056189958e-27
2.102500000000000000e+03 7.014603521158751524e-26
2.123500000000000000e+03 3.970787362412954589e-26
2.145000000000000000e+03 6.646743031890226381e-24
2.166500000000000000e+03 8.421970529334183604e-26
2.188000000000000000e+03 7.712943440162841760e-24
2.209500000000000000e+03 1.594621360057070713e-24
2.231500000000000000e+03 8.854386085896999909e-26
2.254000000000000000e+03 3.494667619414247680e-25
2.277000000000000000e+03 3.006495202000704918e-24
2.299500000000000000e+03 1.696536488782114610e-24
2.322500000000000000e+03 8.719303529151643228e-25
2.346000000000000000e+03 1.288523737493186920e-24
2.369000000000000000e+03 1.084308007566499896e-24
2.392500000000000000e+03 5.070206480734291368e-25
2.416500000000000000e+03 2.972305723252846165e-24
2.441000000000000000e+03 2.751398771667027973e-24
2.465500000000000000e+03 4.268293190160314178e-23
2.490000000000000000e+03 8.618602098087584493e-24
2.515000000000000000e+03 1.211900827434677776e-23
2.540000000000000000e+03 5.523490719353712687e-23
2.565500000000000000e+03 2.125367340376065409e-23
2.591500000000000000e+03 4.961439193671781547e-22
2.617500000000000000e+03 1.683368033014604907e-22
2.643500000000000000e+03 1.173413077592090691e-22
2.669500000000000000e+03 1.669019717635015638e-23
2.696000000000000000e+03 4.188316280354954039e-22
2.723000000000000000e+03 1.075853641881027359e-22
2.750500000000000000e+03 4.240535047722264894e-22
2.778000000000000000e+03 3.299334273082128517e-22
2.805500000000000000e+03 3.470975029731950052e-22
2.834000000000000000e+03 5.839374712189183994e-21
2.862500000000000000e+03 9.596930825409753474e-22
2.891000000000000000e+03 1.584633962318729565e-20
2.920000000000000000e+03 8.650235474677754490e-21
2.949000000000000000e+03 4.741159565226754498e-21
2.978500000000000000e+03 1.798817908682502035e-20
3.008500000000000000e+03 1.341011409645603182e-19
3.038500000000000000e+03 1.657595737942366629e-22
3.068500000000000000e+03 1.329281713248303527e-21
3.099000000000000000e+03 2.549619075088386186e-21
3.130000000000000000e+03 4.130921938840586035e-21
3.161500000000000000e+03 6.656500392849587240e-21
3.193500000000000000e+03 3.033089681873894602e-22
3.225500000000000000e+03 3.102863249802347270e-24
3.257500000000000000e+03 2.802944431479346882e-24
3.290000000000000000e+03 1.062000950971045289e-24
3.323000000000000000e+03 4.798753502490909324e-26
3.356000000000000000e+03 1.459877044468030255e-25
3.389500000000000000e+03 2.425834042347264274e-25
3.423500000000000000e+03 5.522893340694118386e-26
3.458000000000000000e+03 3.628957635295715049e-26
3.492500000000000000e+03 2.763662608928412403e-25
3.527000000000000000e+03 9.064417859852284660e-26
3.562500000000000000e+03 7.416295464915112586e-25
3.598500000000000000e+03 1.281545308382113813e-25
3.634500000000000000e+03 1.023008548203780934e-25
3.670500000000000000e+03 1.658343385630738695e-24
3.707000000000000000e+03 2.090056189062232150e-25
3.744500000000000000e+03 6.102381777418929350e-24
3.782000000000000000e+03 1.101811359209109354e-22
3.819500000000000000e+03 8.924566530603861536e-23
3.858000000000000000e+03 4.487492709616245701e-22
3.896500000000000000e+03 8.121558641773510954e-22
3.935000000000000000e+03 1.676542213594700614e-23
3.974500000000000000e+03 1.635271701207062526e-23
4.014500000000000000e+03 1.511775108339685620e-23
4.054500000000000000e+03 1.209083574432923600e-22
4.095000000000000000e+03 7.612645321458381169e-23
4.136000000000000000e+03 2.507151295145857128e-22
4.177500000000000000e+03 1.440919881215335721e-21
4.219500000000000000e+03 2.707476192196173209e-21
4.261500000000000000e+03 5.967354208914151678e-22
4.304000000000000000e+03 3.725853175426903119e-21
4.347000000000000000e+03 1.102660388211023316e-20
4.390500000000000000e+03 9.598115721600953883e-22
4.434500000000000000e+03 2.151674935703549630e-21
4.479000000000000000e+03 4.317783628185813484e-22
4.524000000000000000e+03 4.670356860511818379e-22
4.569000000000000000e+03 7.189430864870692553e-22
4.614500000000000000e+03 3.375777795337026616e-23
4.660500000000000000e+03 1.153268213987435638e-23
4.707000000000000000e+03 9.808895479700587449e-24
4.754500000000000000e+03 1.355313335065625390e-25
4.802000000000000000e+03 8.800036048481319724e-26
4.850000000000000000e+03 7.956722611604387107e-26
4.898500000000000000e+03 1.592908169212104428e-26
4.947500000000000000e+03 5.457729420229321149e-26
4.997000000000000000e+03 1.916387165716667653e-25
5.047000000000000000e+03 2.593866987705486267e-25
5.097500000000000000e+03 2.813962460541850368e-25
5.148000000000000000e+03 1.553559552329839773e-24
5.199500000000000000e+03 3.320670735714950610e-24
5.251500000000000000e+03 1.536668306381422549e-24
5.304000000000000000e+03 1.753311444194140382e-24
5.357500000000000000e+03 1.121265416852094827e-23
5.411000000000000000e+03 1.671044244200833438e-23
5.465000000000000000e+03 1.516106207292896215e-23
5.520000000000000000e+03 2.562372814686223609e-23
5.575000000000000000e+03 1.249009537718141631e-22
5.630500000000000000e+03 7.708398905319751293e-23
5.687000000000000000e+03 4.476637719175141557e-23
5.744000000000000000e+03 1.744320339086922145e-22
5.801500000000000000e+03 5.692287473620089736e-23
5.859500000000000000e+03 2.208852658814849037e-22
5.918000000000000000e+03 2.279385776138416663e-22
5.977000000000000000e+03 6.578259218074983243e-23
6.036500000000000000e+03 9.545776493802226775e-23
6.097000000000000000e+03 1.010562651404895617e-22
6.158000000000000000e+03 4.964511789921277732e-23
6.219500000000000000e+03 3.519730489710499900e-24
6.282000000000000000e+03 2.441230499721529604e-25
6.345000000000000000e+03 3.975764998192158829e-26
6.408500000000000000e+03 4.041873677650802469e-26
6.472500000000000000e+03 8.708409733726962834e-26
6.537000000000000000e+03 2.112749399788571017e-25
6.602500000000000000e+03 4.843650392712307746e-25
6.668500000000000000e+03 1.230489600505988453e-24
6.735000000000000000e+03 6.290677453040098682e-24
6.802500000000000000e+03 6.349426265662428952e-24
6.870500000000000000e+03 4.052027464280052652e-24
6.939000000000000000e+03 1.101503801160921991e-23
7.008500000000000000e+03 2.167677212930191564e-23
7.078500000000000000e+03 6.226905430130537182e-23
7.149500000000000000e+03 7.300329367533763679e-23
7.221000000000000000e+03 9.109897362649267346e-23
7.293000000000000000e+03 6.837996638083663386e-23
7.366000000000000000e+03 6.333017068542922356e-23
7.439500000000000000e+03 4.968383552926507173e-23
7.514000000000000000e+03 1.194425806360705665e-22
7.589500000000000000e+03 4.257680123142528959e-24
7.665500000000000000e+03 2.451267237638564825e-24
7.742000000000000000e+03 1.660515169145226720e-25
7.819500000000000000e+03 3.038001653767553908e-26
7.897500000000000000e+03 3.478753093787560036e-26
7.976500000000000000e+03 4.053895721710999171e-28
8.056500000000000000e+03 1.853592274288971588e-25
8.137000000000000000e+03 5.584789706756637659e-25
8.218000000000000000e+03 8.082254202732784596e-25
8.300000000000000000e+03 3.407386131431521349e-24
8.383500000000000000e+03 1.249964786949896780e-23
8.467500000000000000e+03 2.249958574206328129e-23
8.552000000000000000e+03 3.936893496087489156e-23
8.637500000000000000e+03 8.542749520818290603e-23
8.724000000000000000e+03 2.574799327130507150e-23
8.811000000000000000e+03 2.261313256871295657e-23
8.899000000000000000e+03 2.062152401220826812e-23
8.988000000000000000e+03 4.047309733680582622e-24
9.078000000000000000e+03 2.789408579316181801e-25
9.169000000000000000e+03 6.792099306216523137e-25
9.260500000000000000e+03 1.120649212850760746e-28
9.353000000000000000e+03 1.030586843287086454e-28
9.446500000000000000e+03 9.698694057586912459e-29
9.541000000000000000e+03 9.221716408309789427e-29
9.636500000000000000e+03 8.821755283101042205e-29
9.733000000000000000e+03 8.472843108753815303e-29
9.830000000000000000e+03 8.161985638133193765e-29
9.928000000000000000e+03 7.878719781236262612e-29
9.989000000000000000e+03 7.714222253183478804e-29
