1.000000000000000000e+01 1.675554364810000125e-26
1.100000000000000000e+01 8.379900720729999650e-27
1.200000000000000000e+01 8.054359334810000215e-27
1.300000000000000000e+01 8.421725580609999736e-27
1.400000000000000000e+01 8.162954817949999308e-27
1.500000000000000000e+01 9.292837678939999935e-27
1.600000000000000000e+01 8.160601468430000579e-27
1.700000000000000000e+01 8.130033483960000541e-27
1.800000000000000000e+01 8.227537706190000212e-27
1.900000000000000000e+01 1.008253409499999965e-26
2.000000000000000000e+01 8.233060252520000462e-27
2.100000000000000000e+01 8.329821296040000612e-27
2.200000000000000000e+01 2.078725089379999882e-26
2.300000000000000000e+01 3.580540877630000163e-26
2.400000000000000000e+01 1.842707326900000001e-26
2.500000000000000000e+01 1.114598418430000031e-26
2.600000000000000000e+01 1.731342943900000001e-25
2.700000000000000000e+01 8.859826778319999479e-27
2.800000000000000000e+01 8.803779613350000072e-27
2.900000000000000000e+01 5.147617313889999808e-26
3.000000000000000000e+01 1.606926320519999966e-26
3.100000000000000000e+01 1.220772506130000018e-26
3.200000000000000000e+01 8.474604182420000712e-27
3.300000000000000000e+01 1.087343322130000011e-26
3.400000000000000000e+01 1.023481333430000032e-25
3.500000000000000000e+01 3.351676910639999801e-26
3.600000000000000000e+01 9.809895666660000298e-27
3.700000000000000000e+01 9.152682216399999559e-27
3.800000000000000000e+01 1.168547349980000042e-26
3.900000000000000000e+01 1.618944013569999933e-26
4.000000000000000000e+01 1.559938373629999905e-26
4.100000000000000000e+01 5.046822671499999831e-26
4.200000000000000000e+01 1.416914967300000058e-26
4.300000000000000000e+01 1.105087123119999947e-26
4.400000000000000000e+01 1.135015652199999959e-26
4.500000000000000000e+01 3.305456017960000078e-25
4.600000000000000000e+01 1.230372252319999948e-26
4.700000000000000000e+01 2.160122157189999907e-26
4.800000000000000000e+01 9.576981960539999339e-27
4.900000000000000000e+01 5.592767659229999838e-26
5.000000000000000000e+01 2.757673417930000182e-26
5.100000000000000000e+01 1.238932483670000029e-26
5.200000000000000000e+01 1.093256614989999938e-26
5.300000000000000000e+01 1.246095001410000055e-26
5.400000000000000000e+01 1.081307811479999989e-24
5.500000000000000000e+01 9.530839799209999289e-27
5.600000000000000000e+01 5.273693010029999790e-26
5.700000000000000000e+01 4.681859899529999876e-26
5.800000000000000000e+01 1.518911474649999937e-26
5.900000000000000000e+01 6.871023145549999971e-26
6.000000000000000000e+01 9.463226040100000486e-27
6.100000000000000000e+01 9.305556425250000043e-27
6.200000000000000000e+01 1.469768337819999969e-26
6.300000000000000000e+01 3.459293977740000048e-26
6.400000000000000000e+01 1.860266037739999965e-26
6.500000000000000000e+01 1.938129703139999884e-26
6.600000000000000000e+01 1.355713377400000116e-26
6.700000000000000000e+01 3.563267009529999728e-26
6.800000000000000000e+01 1.170448602669999946e-26
6.900000000000000000e+01 3.773662753890000264e-26
7.000000000000000000e+01 3.792125153900000227e-26
7.100000000000000000e+01 1.037441859530000041e-26
7.200000000000000000e+01 2.273204689500000061e-26
7.300000000000000000e+01 3.554285998840000019e-26
7.400000000000000000e+01 7.776249693320000362e-26
7.500000000000000000e+01 9.983520634000000421e-27
7.600000000000000000e+01 2.444967506320000139e-25
7.700000000000000000e+01 1.190183151860000032e-26
7.800000000000000000e+01 1.172284000980000067e-26
7.900000000000000000e+01 4.901041263979999871e-26
8.000000000000000000e+01 2.250511544900000130e-26
8.100000000000000000e+01 2.371925730970000108e-25
8.200000000000000000e+01 2.660133072950000127e-26
8.300000000000000000e+01 1.813419622839999949e-26
8.400000000000000000e+01 3.226553127020000251e-26
8.500000000000000000e+01 1.602312826109999938e-26
8.600000000000000000e+01 1.083081323430000045e-26
8.700000000000000000e+01 1.115309262629999935e-26
8.800000000000000000e+01 1.294464832230000093e-26
8.900000000000000000e+01 1.444555799060000061e-26
9.000000000000000000e+01 3.540567924189999811e-26
9.100000000000000000e+01 1.468788004819999858e-26
9.200000000000000000e+01 1.362254361020000113e-26
9.300000000000000000e+01 6.822236982189999801e-26
9.400000000000000000e+01 2.019103301900000183e-24
9.500000000000000000e+01 4.533296795309999731e-26
9.600000000000000000e+01 1.298776258470000105e-26
9.700000000000000000e+01 2.395751026469999985e-26
9.800000000000000000e+01 2.235624335120000102e-25
9.900000000000000000e+01 1.946405040929999930e-25
1.000000000000000000e+02 1.043818605499999991e-24
1.010000000000000000e+02 2.469512952389999899e-26
1.020000000000000000e+02 1.198247834480000033e-26
1.030000000000000000e+02 1.682600004210000117e-26
1.040000000000000000e+02 8.655495294859999703e-25
1.050000000000000000e+02 2.049731823959999960e-26
1.060000000000000000e+02 1.141201678619999951e-26
1.070000000000000000e+02 1.556418645920000016e-26
1.080000000000000000e+02 1.287990178830000020e-26
1.090000000000000000e+02 1.451111073389999910e-26
1.100000000000000000e+02 3.176010834900000168e-26
1.110000000000000000e+02 1.869168181369999872e-26
1.120000000000000000e+02 1.702077897080000012e-26
1.130000000000000000e+02 5.724091764979999609e-26
1.140000000000000000e+02 3.107551215360000178e-26
1.150000000000000000e+02 1.117446092660000011e-24
1.160000000000000000e+02 1.354272348269999894e-26
1.170000000000000000e+02 5.405885209399999827e-26
1.180000000000000000e+02 1.215775703279999955e-25
1.190000000000000000e+02 3.815562599360000020e-24
1.200000000000000000e+02 1.141369444150000057e-26
1.210000000000000000e+02 1.136369193700000061e-26
1.220000000000000000e+02 4.363319358159999805e-26
1.230000000000000000e+02 1.835202969249999914e-26
1.240000000000000000e+02 3.101720541480000246e-26
1.250000000000000000e+02 1.070349081099999939e-24
1.260000000000000000e+02 5.541817017429999787e-26
1.270000000000000000e+02 3.729925172869999920e-26
1.280000000000000000e+02 1.099110272080000017e-26
1.290000000000000000e+02 1.256012599629999981e-26
1.300000000000000000e+02 1.086291913099999950e-26
1.310000000000000000e+02 1.328037722309999896e-26
1.320000000000000000e+02 1.486661991579999951e-26
1.330000000000000000e+02 1.246019493079999937e-26
1.340000000000000000e+02 1.439372263900000090e-26
1.350000000000000000e+02 1.027732623599999990e-24
1.360000000000000000e+02 1.420951913469999950e-25
1.370000000000000000e+02 1.048165356500000073e-25
1.380000000000000000e+02 2.372045169999999970e-25
1.390000000000000000e+02 1.363688893949999989e-26
1.400000000000000000e+02 1.856843761090000098e-26
1.410000000000000000e+02 1.052441424309999949e-26
1.420000000000000000e+02 1.166627276539999996e-26
1.430000000000000000e+02 1.158284026779999968e-26
1.440000000000000000e+02 1.291002128189999994e-26
1.450000000000000000e+02 1.089859883510000066e-25
1.460000000000000000e+02 7.780353899820000489e-26
1.470000000000000000e+02 4.449357362839999963e-26
1.480000000000000000e+02 1.485318232469999982e-26
1.490000000000000000e+02 4.389222126619999794e-26
1.500000000000000000e+02 1.315188783799999902e-26
1.510000000000000000e+02 9.711484887410000162e-26
1.520000000000000000e+02 2.613390681299999813e-26
1.530000000000000000e+02 2.318529820069999978e-26
1.540000000000000000e+02 1.804097768310000058e-26
1.550000000000000000e+02 1.354725467440000045e-25
1.560000000000000000e+02 1.800211424639999961e-25
1.570000000000000000e+02 2.392352197460000061e-26
1.580000000000000000e+02 8.527397159399999891e-26
1.590000000000000000e+02 1.250802212789999960e-26
1.600000000000000000e+02 1.223895959979999933e-26
1.610000000000000000e+02 2.146053201110000042e-26
1.620000000000000000e+02 1.074956986350000040e-26
1.630000000000000000e+02 1.514344557880000120e-26
1.640000000000000000e+02 1.258647421989999948e-26
1.650000000000000000e+02 2.527867592329999938e-26
1.660000000000000000e+02 7.360593092039999468e-26
1.670000000000000000e+02 3.401370597930000260e-26
1.680000000000000000e+02 1.691087871249999905e-26
1.690000000000000000e+02 1.266638280269999990e-26
1.700000000000000000e+02 1.615560800610000013e-26
1.710000000000000000e+02 1.197268773099999933e-26
1.720000000000000000e+02 1.142289622079999996e-26
1.730000000000000000e+02 3.071379168569999838e-25
1.740000000000000000e+02 1.349080070469999964e-25
1.750000000000000000e+02 1.920055861290000051e-26
1.760000000000000000e+02 6.913135323170000169e-24
1.770000000000000000e+02 2.880088476380000259e-26
1.780000000000000000e+02 2.872761883040000148e-25
1.790000000000000000e+02 1.759510510419999921e-26
1.800000000000000000e+02 1.095205125719999934e-26
1.810000000000000000e+02 1.265889736270000030e-26
1.820000000000000000e+02 1.117340413609999963e-26
1.830000000000000000e+02 1.140405369539999916e-25
1.840000000000000000e+02 1.197380887409999939e-26
1.850000000000000000e+02 4.391195599939999906e-26
1.860000000000000000e+02 9.804214720760000425e-26
1.870000000000000000e+02 6.466884425119999699e-26
1.880000000000000000e+02 1.312925657249999995e-26
1.890000000000000000e+02 1.495306431480000044e-26
1.900000000000000000e+02 2.721605370740000202e-26
1.910000000000000000e+02 6.435020644109999841e-26
1.920000000000000000e+02 4.986496627349999746e-26
1.930000000000000000e+02 1.509252300739999864e-26
1.940000000000000000e+02 8.183608587750000403e-26
1.950000000000000000e+02 3.681221370590000111e-25
1.960000000000000000e+02 1.451712782100000018e-25
1.970000000000000000e+02 5.643063062030000034e-24
1.980000000000000000e+02 2.511907782859999995e-26
1.990000000000000000e+02 1.417514257880000111e-26
2.000000000000000000e+02 1.404352953160000004e-26
2.010000000000000000e+02 4.296996524389999741e-26
2.020000000000000000e+02 1.467988099739999888e-26
2.030000000000000000e+02 1.652419748359999886e-26
2.040000000000000000e+02 4.139901784379999816e-26
2.050000000000000000e+02 3.314228545249999965e-26
2.060000000000000000e+02 1.376075482799999951e-26
2.070000000000000000e+02 2.011380289170000025e-26
2.080000000000000000e+02 1.598023873140000079e-26
2.090000000000000000e+02 1.427452531290000043e-24
2.100000000000000000e+02 9.472213683139999626e-26
2.110000000000000000e+02 1.511702315350000035e-26
2.120000000000000000e+02 1.248880689539999963e-26
2.130000000000000000e+02 1.599929882449999884e-26
2.140000000000000000e+02 4.175471621399999807e-26
2.150000000000000000e+02 2.476388268989999868e-26
2.160000000000000000e+02 4.974704068829999808e-26
2.170000000000000000e+02 1.128424813060000009e-26
2.180000000000000000e+02 6.635873712609999529e-26
2.190000000000000000e+02 1.101648860059999992e-26
2.200000000000000000e+02 1.115885287369999959e-26
2.210000000000000000e+02 1.164222261150000012e-26
2.220000000000000000e+02 1.171364307979999933e-26
2.230000000000000000e+02 1.285644132049999968e-26
2.240000000000000000e+02 1.125180144819999937e-26
2.250000000000000000e+02 1.116111845050000003e-26
2.260000000000000000e+02 1.430678448809999883e-26
2.270000000000000000e+02 1.269694633430000030e-26
2.280000000000000000e+02 2.541185491329999894e-26
2.290000000000000000e+02 1.336656094109999962e-26
2.300000000000000000e+02 3.446989461920000133e-26
2.310000000000000000e+02 1.535713490439999873e-26
2.320000000000000000e+02 1.397606373849999921e-26
2.330000000000000000e+02 2.358289022180000089e-26
2.340000000000000000e+02 2.742028114460000191e-26
2.350000000000000000e+02 1.693168313699999942e-26
2.360000000000000000e+02 1.428422495000000043e-26
2.370000000000000000e+02 1.268696806369999946e-26
2.380000000000000000e+02 1.416434043639999986e-26
2.390000000000000000e+02 8.346028076280000245e-26
2.400000000000000000e+02 1.149083199600000069e-26
2.410000000000000000e+02 1.359499287170000005e-26
2.420000000000000000e+02 1.415070146810000059e-26
2.430000000000000000e+02 1.274482155589999934e-26
2.440000000000000000e+02 1.370464620699999971e-26
2.450000000000000000e+02 1.400041366559999958e-26
2.460000000000000000e+02 1.651335663860000051e-26
2.470000000000000000e+02 1.139457657870000071e-26
2.480000000000000000e+02 8.217699405930000283e-26
2.490000000000000000e+02 1.294796328069999874e-26
2.500000000000000000e+02 1.277513251770000063e-26
2.510000000000000000e+02 2.645222008630000221e-26
2.520000000000000000e+02 1.210376872520000012e-26
2.530000000000000000e+02 2.629365527869999934e-26
2.540000000000000000e+02 1.320976360239999912e-26
2.550000000000000000e+02 1.229286590879999995e-26
2.560000000000000000e+02 1.192786564800000037e-26
2.570000000000000000e+02 1.283981020760000038e-26
2.580000000000000000e+02 2.883344099889999904e-26
2.590000000000000000e+02 2.241828852319999936e-26
2.600000000000000000e+02 1.196666156799999955e-26
2.610000000000000000e+02 1.205908668200000056e-26
2.620000000000000000e+02 1.168069331699999964e-26
2.630000000000000000e+02 1.188528626669999945e-26
2.640000000000000000e+02 1.318260373460000094e-26
2.650000000000000000e+02 1.287185801299999940e-26
2.660000000000000000e+02 1.278292104369999978e-26
2.670000000000000000e+02 1.847599133439999889e-26
2.680000000000000000e+02 1.205825951949999947e-26
2.690000000000000000e+02 1.248803785059999944e-25
2.700000000000000000e+02 2.092273298359999861e-26
2.710000000000000000e+02 1.670057177780000113e-26
2.720000000000000000e+02 2.712637393419999983e-26
2.730000000000000000e+02 1.722099336749999983e-26
2.740000000000000000e+02 1.217640260950000022e-26
2.750000000000000000e+02 1.296890704839999857e-26
2.760000000000000000e+02 2.059324602039999879e-26
2.770000000000000000e+02 1.204607019110000005e-26
2.780000000000000000e+02 1.304748604720000092e-26
2.790000000000000000e+02 1.466237637039999957e-26
2.800000000000000000e+02 1.480647549869999952e-26
2.810000000000000000e+02 1.222488575580000063e-26
2.820000000000000000e+02 1.250275556489999965e-26
2.830000000000000000e+02 1.279499634580000024e-26
2.840000000000000000e+02 1.562947957450000028e-26
2.850000000000000000e+02 1.331735560740000052e-26
2.860000000000000000e+02 1.547558159580000140e-26
2.870000000000000000e+02 1.240150974659999987e-26
2.880000000000000000e+02 1.378505854999999937e-26
2.890000000000000000e+02 1.260391100010000057e-26
2.900000000000000000e+02 1.734731651980000101e-26
2.910000000000000000e+02 1.220381951530000038e-26
2.920000000000000000e+02 1.219992646450000001e-26
2.930000000000000000e+02 1.226322734559999934e-26
2.940000000000000000e+02 1.276762753930000045e-26
2.950000000000000000e+02 1.239542018050000049e-26
2.960000000000000000e+02 1.432448825710000075e-26
2.970000000000000000e+02 1.525709736949999867e-26
2.980000000000000000e+02 1.255780902239999953e-26
2.990000000000000000e+02 1.628496374590000037e-26
3.000000000000000000e+02 1.500272552210000021e-26
3.010000000000000000e+02 1.236972117680000066e-26
3.020000000000000000e+02 1.576308541289999910e-26
3.030000000000000000e+02 1.249082851400000061e-26
3.040000000000000000e+02 1.260929976180000035e-26
3.050000000000000000e+02 1.515820802859999997e-26
3.060000000000000000e+02 1.266342925669999969e-26
3.070000000000000000e+02 1.391989498499999989e-26
3.080000000000000000e+02 1.379764000940000072e-26
3.090000000000000000e+02 1.276004907960000013e-26
3.100000000000000000e+02 1.267262595019999956e-26
3.110000000000000000e+02 1.259309977649999935e-26
3.120000000000000000e+02 1.255532618660000051e-26
3.130000000000000000e+02 1.355036668829999973e-26
3.140000000000000000e+02 1.263139057529999962e-26
3.150000000000000000e+02 1.268831012730000024e-26
3.160000000000000000e+02 1.380015215670000015e-26
3.170000000000000000e+02 1.603986907369999978e-26
3.180000000000000000e+02 1.314590747269999875e-26
3.190000000000000000e+02 1.271162422669999989e-26
3.200000000000000000e+02 1.305971194229999913e-26
3.210000000000000000e+02 1.297406381980000117e-26
3.220000000000000000e+02 1.434429359279999904e-26
3.230000000000000000e+02 1.280457752320000059e-26
3.240000000000000000e+02 2.043443569559999954e-26
3.250000000000000000e+02 1.283102304839999949e-26
3.260000000000000000e+02 1.608059730489999991e-26
3.270000000000000000e+02 1.313088862620000124e-26
3.280000000000000000e+02 1.297484559769999910e-26
3.290000000000000000e+02 1.304712929689999910e-26
3.300000000000000000e+02 1.840169168679999859e-26
3.310000000000000000e+02 1.293684923100000097e-26
3.320000000000000000e+02 1.305269136500000057e-26
3.330000000000000000e+02 1.297139383690000072e-26
3.340000000000000000e+02 1.326648295659999985e-26
3.350000000000000000e+02 1.305896462510000053e-26
3.360000000000000000e+02 1.306585819910000055e-26
3.370000000000000000e+02 1.377831563099999879e-26
3.380000000000000000e+02 1.353278978790000112e-26
3.390000000000000000e+02 1.456693706700000035e-26
3.400000000000000000e+02 1.327807637369999861e-26
3.410000000000000000e+02 1.351225527579999987e-26
3.420000000000000000e+02 1.324203673570000012e-26
3.430000000000000000e+02 1.456437300960000030e-26
3.440000000000000000e+02 1.326889540339999974e-26
3.450000000000000000e+02 1.325391355150000072e-26
3.460000000000000000e+02 1.367744089269999978e-26
3.470000000000000000e+02 1.328645357319999977e-26
3.480000000000000000e+02 1.358351797079999905e-26
3.490000000000000000e+02 1.337661700409999911e-26
3.500000000000000000e+02 1.364591155289999953e-26
3.510000000000000000e+02 1.420569434399999936e-26
3.520000000000000000e+02 1.368379891619999862e-26
3.530000000000000000e+02 1.344908121910000141e-26
3.540000000000000000e+02 1.349336079660000098e-26
3.550000000000000000e+02 1.349936242629999874e-26
3.560000000000000000e+02 1.411348652119999858e-26
3.570000000000000000e+02 1.373444831719999996e-26
3.580000000000000000e+02 6.273400924510000022e-26
3.590000000000000000e+02 1.362254674780000011e-26
3.600000000000000000e+02 1.373394589329999996e-26
3.610000000000000000e+02 1.363754572590000114e-26
3.620000000000000000e+02 1.395974992919999989e-26
3.630000000000000000e+02 1.374467226609999989e-26
3.640000000000000000e+02 1.376041352640000143e-26
3.650000000000000000e+02 1.392560080109999999e-26
3.660000000000000000e+02 1.380881181170000133e-26
3.670000000000000000e+02 1.380835782430000095e-26
3.680000000000000000e+02 1.395737199480000011e-26
3.690000000000000000e+02 1.386791042229999895e-26
3.700000000000000000e+02 1.458577183139999876e-26
3.710000000000000000e+02 1.401903438199999939e-26
3.720000000000000000e+02 1.390775308539999903e-26
3.735000000000000000e+02 1.397447351724999934e-26
3.760000000000000000e+02 1.500547436313333425e-26
3.795000000000000000e+02 1.424209274655000038e-26
3.835000000000000000e+02 1.437700808902499971e-26
3.875000000000000000e+02 1.447832610372500042e-26
3.915000000000000000e+02 1.459608397510000105e-26
3.955000000000000000e+02 1.713640990139999753e-26
3.995000000000000000e+02 1.462780786529999914e-26
4.035000000000000000e+02 1.541949176052500005e-26
4.075000000000000000e+02 1.486203677882500092e-26
4.115000000000000000e+02 1.517503833232499917e-26
4.155000000000000000e+02 1.595217093247500083e-26
4.195000000000000000e+02 1.650841899257499901e-26
4.235000000000000000e+02 1.707646920767500059e-26
4.280000000000000000e+02 1.548419033498000304e-26
4.325000000000000000e+02 1.563681119829999800e-26
4.365000000000000000e+02 1.577554576897500259e-26
4.410000000000000000e+02 1.591733604905999810e-26
4.455000000000000000e+02 1.603821391072500108e-26
4.495000000000000000e+02 1.617466317412499972e-26
4.540000000000000000e+02 1.634607780992000162e-26
4.590000000000000000e+02 1.667402127553999787e-26
4.635000000000000000e+02 1.658769918167499933e-26
4.680000000000000000e+02 1.684750409019999801e-26
4.725000000000000000e+02 1.696638272865000090e-26
4.770000000000000000e+02 1.713142397579999963e-26
4.820000000000000000e+02 1.724701561269999953e-26
4.870000000000000000e+02 1.747597092779999994e-26
4.920000000000000000e+02 1.760739378946000177e-26
4.970000000000000000e+02 1.779569511624000254e-26
5.020000000000000000e+02 1.801137490216000394e-26
5.070000000000000000e+02 1.834897535025999722e-26
5.120000000000000000e+02 1.839688395003999864e-26
5.170000000000000000e+02 1.860414337975999913e-26
5.220000000000000000e+02 1.879018979380000046e-26
5.270000000000000000e+02 1.922863176594000000e-26
5.325000000000000000e+02 1.933065093843333249e-26
5.380000000000000000e+02 1.951956841062000180e-26
5.430000000000000000e+02 1.970547098945999971e-26
5.485000000000000000e+02 1.995631507013333364e-26
5.540000000000000000e+02 2.025083367736000115e-26
5.595000000000000000e+02 2.056535369993333276e-26
5.655000000000000000e+02 2.080945998731666469e-26
5.710000000000000000e+02 2.104261072406000017e-26
5.765000000000000000e+02 2.131790083161666822e-26
5.825000000000000000e+02 2.163590549568333110e-26
5.885000000000000000e+02 2.195278041116666736e-26
5.945000000000000000e+02 2.228755443180000141e-26
6.005000000000000000e+02 2.261623208170000095e-26
6.065000000000000000e+02 2.296332835018333250e-26
6.125000000000000000e+02 2.331996394720000045e-26
6.185000000000000000e+02 2.367915538888333700e-26
6.245000000000000000e+02 2.405674852058333466e-26
6.305000000000000000e+02 2.444020872368333400e-26
6.370000000000000000e+02 2.486205441231428551e-26
6.435000000000000000e+02 2.538267024660000206e-26
6.500000000000000000e+02 2.579910941824285398e-26
6.565000000000000000e+02 2.621134319824999306e-26
6.630000000000000000e+02 2.673782835067142896e-26
6.695000000000000000e+02 2.717848529411667182e-26
6.760000000000000000e+02 2.771313911271428783e-26
6.830000000000000000e+02 2.836930708362857127e-26
6.900000000000000000e+02 2.882940114481428858e-26
6.970000000000000000e+02 2.943164033221428005e-26
7.040000000000000000e+02 3.041257895640000065e-26
7.110000000000000000e+02 3.070004745898571261e-26
7.180000000000000000e+02 3.139208951038571580e-26
7.250000000000000000e+02 3.225704006995714655e-26
7.320000000000000000e+02 3.278231457874286023e-26
7.395000000000000000e+02 3.372516451285000038e-26
7.470000000000000000e+02 3.455471486842856724e-26
7.545000000000000000e+02 3.567352855231250377e-26
7.620000000000000000e+02 3.643477614370000160e-26
7.695000000000000000e+02 3.759137332521250268e-26
7.775000000000000000e+02 3.837786431479999842e-26
7.855000000000000000e+02 4.036519474021249922e-26
7.930000000000000000e+02 4.084979031194285976e-26
8.005000000000000000e+02 4.463105067207500317e-26
8.085000000000000000e+02 4.392228114517500014e-26
8.170000000000000000e+02 4.490628227164443975e-26
8.255000000000000000e+02 4.898660038671250721e-26
8.335000000000000000e+02 4.752221810793749509e-26
8.415000000000000000e+02 4.922080875412499621e-26
8.500000000000000000e+02 5.407786133668889047e-26
8.585000000000000000e+02 5.240422923721250614e-26
8.670000000000000000e+02 5.390714280048890152e-26
8.760000000000000000e+02 5.613908240423333784e-26
8.850000000000000000e+02 5.855951624192222375e-26
8.935000000000000000e+02 6.074882328063749489e-26
9.020000000000000000e+02 6.482472739558888867e-26
9.115000000000000000e+02 6.610366808266999222e-26
9.210000000000000000e+02 6.938755629383333744e-26
9.300000000000000000e+02 7.406177566703333103e-26
9.390000000000000000e+02 7.672450835066666172e-26
9.485000000000000000e+02 8.545195618277999746e-26
9.580000000000000000e+02 9.104540961094443436e-26
9.675000000000000000e+02 8.956864145758000199e-26
9.775000000000000000e+02 1.626342867804899945e-25
9.870000000000000000e+02 1.943604274758888962e-25
9.965000000000000000e+02 1.290209519529999929e-25
1.006500000000000000e+03 1.794257136183000001e-25
1.016500000000000000e+03 1.457326559171999974e-25
1.027000000000000000e+03 3.845041308260909495e-25
1.037500000000000000e+03 5.550491234969999902e-25
1.047500000000000000e+03 4.500462314197999101e-25
1.058000000000000000e+03 1.005510205139090947e-24
1.069000000000000000e+03 1.104411518570272873e-24
1.079500000000000000e+03 6.193550655267999844e-25
1.090000000000000000e+03 3.496845098176091200e-24
1.101000000000000000e+03 5.256761738276636621e-24
1.112000000000000000e+03 6.322364472050090388e-24
1.123000000000000000e+03 1.960070722346672765e-23
1.134500000000000000e+03 1.706990781235033592e-23
1.146000000000000000e+03 7.582323292455546279e-23
1.157500000000000000e+03 7.713682576304667579e-23
1.169000000000000000e+03 1.388053581552827417e-22
1.180500000000000000e+03 1.096519529350900156e-22
1.192500000000000000e+03 9.524185854606002220e-22
1.204500000000000000e+03 4.652039862514156626e-21
1.216500000000000000e+03 8.844493847771259430e-21
1.228500000000000000e+03 2.005950350489896603e-20
1.240500000000000000e+03 6.069060678548416775e-20
1.253000000000000000e+03 1.247841898683938301e-19
1.266000000000000000e+03 1.019132630437046296e-20
1.278500000000000000e+03 2.701188745369566549e-20
1.291000000000000000e+03 4.761946808816923363e-21
1.304000000000000000e+03 1.912125614576335322e-19
1.317000000000000000e+03 1.963866061072938323e-21
1.330000000000000000e+03 5.843853772138308308e-21
1.343500000000000000e+03 1.937549650871106822e-20
1.357000000000000000e+03 5.893421128123262113e-20
1.370500000000000000e+03 4.652182634502214202e-21
1.384500000000000000e+03 1.283275227802164334e-21
1.398500000000000000e+03 9.948165214440000729e-23
1.412500000000000000e+03 1.083951745134350057e-22
1.426500000000000000e+03 7.243538230917213711e-23
1.440500000000000000e+03 1.574828147747614125e-22
1.455000000000000000e+03 2.547388594282113173e-22
1.469500000000000000e+03 4.689441332940871301e-22
1.484000000000000000e+03 2.616070094416866806e-23
1.499000000000000000e+03 2.644205452891700221e-23
1.514000000000000000e+03 3.127885016156333471e-23
1.529000000000000000e+03 1.170828304340233430e-22
1.544500000000000000e+03 3.711202077619137928e-22
1.560000000000000000e+03 2.548231473949740968e-22
1.575500000000000000e+03 1.581653716220321381e-22
1.591500000000000000e+03 2.083423877591393306e-22
1.607500000000000000e+03 8.007282806671631276e-23
1.623500000000000000e+03 1.802399066668649921e-22
1.639500000000000000e+03 6.600459278648678885e-22
1.656000000000000000e+03 1.395510653187053082e-23
1.672500000000000000e+03 9.124378207598950201e-23
1.689000000000000000e+03 1.997080856304847207e-23
1.706000000000000000e+03 1.373177689707776536e-23
1.723000000000000000e+03 2.246821073522070647e-23
1.740500000000000000e+03 8.341651430789054901e-24
1.758000000000000000e+03 5.539786744317059491e-24
1.775500000000000000e+03 1.716703298991300365e-23
1.793500000000000000e+03 3.565473368399033744e-23
1.811500000000000000e+03 6.093046522814056422e-24
1.829500000000000000e+03 3.050244812889761172e-23
1.847500000000000000e+03 4.805381841047437736e-24
1.866000000000000000e+03 5.034438298437158999e-25
1.884500000000000000e+03 2.814752123538056052e-25
1.903000000000000000e+03 8.586870932064736018e-26
1.922000000000000000e+03 2.114075395803894569e-25
1.941500000000000000e+03 4.476696091341000248e-26
1.961000000000000000e+03 4.643908650441579284e-26
1.980500000000000000e+03 4.246131300515498499e-26
2.000500000000000000e+03 4.302801420049500338e-26
2.020500000000000000e+03 5.149156156301499149e-26
2.040500000000000000e+03 4.621727281621000392e-26
2.061000000000000000e+03 2.084723102959475892e-25
2.082000000000000000e+03 5.501171184708571014e-26
2.102500000000000000e+03 7.036028025131848073e-25
2.123500000000000000e+03 2.673853688137954228e-25
2.145000000000000000e+03 5.659308295375614804e-24
2.166500000000000000e+03 2.242480134966954389e-25
2.188000000000000000e+03 5.160537275042475258e-24
2.209500000000000000e+03 4.209280389076499445e-24
2.231500000000000000e+03 5.794818010414317812e-25
2.254000000000000000e+03 2.395341832483821534e-24
2.277000000000000000e+03 5.748403152019026263e-24
2.299500000000000000e+03 1.032878748609772163e-23
2.322500000000000000e+03 1.156637133453488964e-23
2.346000000000000000e+03 2.429892019342435166e-24
2.369000000000000000e+03 3.013868596570392030e-24
2.392500000000000000e+03 5.858663800229915269e-24
2.416500000000000000e+03 1.301984561798258415e-23
2.441000000000000000e+03 1.017353956250240163e-23
2.465500000000000000e+03 5.787246206216163347e-23
2.490000000000000000e+03 3.832731092952228140e-23
2.515000000000000000e+03 5.896386093243008811e-23
2.540000000000000000e+03 6.645147464039960581e-23
2.565500000000000000e+03 1.230229300678669309e-22
2.591500000000000000e+03 4.482327007553537972e-22
2.617500000000000000e+03 2.361881726873732010e-22
2.643500000000000000e+03 2.101679793639850265e-22
2.669500000000000000e+03 6.703099470319346120e-23
2.696000000000000000e+03 3.287177967698744910e-22
2.723000000000000000e+03 2.314960776700173935e-22
2.750500000000000000e+03 4.933052919765075525e-22
2.778000000000000000e+03 4.229305590302333939e-22
2.805500000000000000e+03 5.634065266158857114e-22
2.834000000000000000e+03 2.746734465190509337e-21
2.862500000000000000e+03 3.193992049389578529e-21
2.891000000000000000e+03 2.487300568845386305e-20
2.920000000000000000e+03 8.898246416971142070e-21
2.949000000000000000e+03 2.725715050074633880e-20
2.978500000000000000e+03 6.482650943246990804e-20
3.008500000000000000e+03 1.237074758996543393e-19
3.038500000000000000e+03 9.171081277661865851e-22
3.068500000000000000e+03 3.604628371334666312e-21
3.099000000000000000e+03 1.757178205355231128e-20
3.130000000000000000e+03 1.357084243485880717e-20
3.161500000000000000e+03 8.993128810944987996e-21
3.193500000000000000e+03 7.707246969819536691e-22
3.225500000000000000e+03 1.595798190093793949e-23
3.257500000000000000e+03 5.967445552124186807e-24
3.290000000000000000e+03 2.960945814704666068e-24
3.323000000000000000e+03 4.256105798310303209e-25
3.356000000000000000e+03 4.751360662503332305e-25
3.389500000000000000e+03 3.755756182938528735e-25
3.423500000000000000e+03 2.433134338668235238e-25
3.458000000000000000e+03 1.994117532292856929e-25
3.492500000000000000e+03 5.632936976046176425e-25
3.527000000000000000e+03 3.292402911710399640e-25
3.562500000000000000e+03 8.583263378335110341e-25
3.598500000000000000e+03 3.769483641532722881e-25
3.634500000000000000e+03 3.581654875883999707e-25
3.670500000000000000e+03 2.044601629723605312e-24
3.707000000000000000e+03 1.127758241952716064e-24
3.744500000000000000e+03 8.523020027211166247e-24
3.782000000000000000e+03 1.004486292303843148e-22
3.819500000000000000e+03 1.313909673245494609e-22
3.858000000000000000e+03 3.792517113663472284e-22
3.896500000000000000e+03 6.298772516002792450e-22
3.935000000000000000e+03 2.790325854938120404e-23
3.974500000000000000e+03 2.952847751484410241e-23
4.014500000000000000e+03 2.779200742194299715e-23
4.054500000000000000e+03 1.131057222102819809e-22
4.095000000000000000e+03 1.659199951545767923e-22
4.136000000000000000e+03 5.980214976573550944e-22
4.177500000000000000e+03 1.454927254628720977e-21
4.219500000000000000e+03 3.346645048032020407e-21
4.261500000000000000e+03 1.496434434314424261e-21
4.304000000000000000e+03 3.154051183845926042e-21
4.347000000000000000e+03 5.983130472636910512e-21
4.390500000000000000e+03 1.235509024784815494e-21
4.434500000000000000e+03 2.109403969022363122e-21
4.479000000000000000e+03 7.190671381338602033e-22
4.524000000000000000e+03 4.541697096293028992e-22
4.569000000000000000e+03 4.167219267735504962e-22
4.614500000000000000e+03 8.252554102402793054e-23
4.660500000000000000e+03 4.063038894962468913e-23
4.707000000000000000e+03 1.487279836181220725e-23
4.754500000000000000e+03 4.136564723044229105e-25
4.802000000000000000e+03 2.310759433836277168e-25
4.850000000000000000e+03 1.096547584579897911e-25
4.898500000000000000e+03 7.164799036958333513e-26
4.947500000000000000e+03 8.217692667430400354e-26
4.997000000000000000e+03 2.883870066139428163e-25
5.047000000000000000e+03 3.316575902994804219e-25
5.097500000000000000e+03 4.312156595330400381e-25
5.148000000000000000e+03 1.526746337087441116e-24
5.199500000000000000e+03 4.378469760949732217e-24
5.251500000000000000e+03 2.696543242661609107e-24
5.304000000000000000e+03 1.847847104822160110e-24
5.357500000000000000e+03 1.180480901338585181e-23
5.411000000000000000e+03 1.852377852945328605e-23
5.465000000000000000e+03 2.075263389897961749e-23
5.520000000000000000e+03 3.747948250443546337e-23
5.575000000000000000e+03 1.524401870780852169e-22
5.630500000000000000e+03 8.917751336804321463e-23
5.687000000000000000e+03 4.394229897673632227e-23
5.744000000000000000e+03 1.432259716759067724e-22
5.801500000000000000e+03 9.598696914688705356e-23
5.859500000000000000e+03 2.581467214093710487e-22
5.918000000000000000e+03 2.149121640402177816e-22
5.977000000000000000e+03 1.034056426177476454e-22
6.036500000000000000e+03 1.586041679432109781e-22
6.097000000000000000e+03 2.208031421836109530e-22
6.158000000000000000e+03 6.236129606337349795e-23
6.219500000000000000e+03 4.729099217658870348e-24
6.282000000000000000e+03 3.479473792640190310e-25
6.345000000000000000e+03 5.313752301589175911e-26
6.408500000000000000e+03 6.148687480160154643e-26
6.472500000000000000e+03 9.000761339714530437e-26
6.537000000000000000e+03 2.377603626078906998e-25
6.602500000000000000e+03 5.312495913210895313e-25
6.668500000000000000e+03 1.196615321475957667e-24
6.735000000000000000e+03 5.435219279962092593e-24
6.802500000000000000e+03 6.331359723546632606e-24
6.870500000000000000e+03 4.521730582403839978e-24
6.939000000000000000e+03 1.583080026560537412e-23
7.008500000000000000e+03 2.716992716248742971e-23
7.078500000000000000e+03 6.049616152725570845e-23
7.149500000000000000e+03 7.190499548889845188e-23
7.221000000000000000e+03 1.017044844823468882e-22
7.293000000000000000e+03 7.282444218060081937e-23
7.366000000000000000e+03 6.558878242109343831e-23
7.439500000000000000e+03 5.302121625111715185e-23
7.514000000000000000e+03 9.422712865715332695e-23
7.589500000000000000e+03 8.789277756095540808e-24
7.665500000000000000e+03 3.863587449918360478e-24
7.742000000000000000e+03 2.273118868166802452e-25
7.819500000000000000e+03 4.027572542749833324e-26
7.897500000000000000e+03 4.364139755298243700e-26
7.976500000000000000e+03 3.589199285125874913e-27
8.056500000000000000e+03 1.918781002156868003e-25
8.137000000000000000e+03 5.632641984698376298e-25
8.218000000000000000e+03 8.395930233632917041e-25
8.300000000000000000e+03 3.645674530199497907e-24
8.383500000000000000e+03 1.333989569298651214e-23
8.467500000000000000e+03 2.399799942143167150e-23
8.552000000000000000e+03 4.385334406989765874e-23
8.637500000000000000e+03 9.122491500936997406e-23
8.724000000000000000e+03 2.697065576341228838e-23
8.811000000000000000e+03 2.481751112782991063e-23
8.899000000000000000e+03 2.310481878812958438e-23
8.988000000000000000e+03 4.135972633121873169e-24
9.078000000000000000e+03 2.513778275896256580e-25
9.169000000000000000e+03 7.006082457365440954e-25
9.260500000000000000e+03 9.728867600299786077e-28
9.353000000000000000e+03 8.925631434240860986e-28
9.446500000000000000e+03 8.388172317378618643e-28
9.541000000000000000e+03 7.967932980877893548e-28
9.636500000000000000e+03 7.616848787105421093e-28
9.733000000000000000e+03 7.311469903565672087e-28
9.830000000000000000e+03 7.040012262461754466e-28
9.928000000000000000e+03 6.793066495998586393e-28
9.989000000000000000e+03 6.649796170033912437e-28
