1.000000000000000000e+01 7.856639985370000325e-28
1.100000000000000000e+01 9.512370210359999838e-29
1.200000000000000000e+01 9.374881559250000265e-29
1.300000000000000000e+01 1.010511502929999945e-28
1.400000000000000000e+01 9.419139233950000030e-29
1.500000000000000000e+01 1.008441362950000003e-28
1.600000000000000000e+01 9.435095533550000429e-29
1.700000000000000000e+01 9.437979146979999715e-29
1.800000000000000000e+01 9.478363635519999941e-29
1.900000000000000000e+01 1.059858855310000003e-28
2.000000000000000000e+01 9.509727792830000315e-29
2.100000000000000000e+01 9.570420567220000545e-29
2.200000000000000000e+01 1.790636905189999903e-28
2.300000000000000000e+01 2.868824064099999837e-28
2.400000000000000000e+01 1.524774979890000002e-28
2.500000000000000000e+01 1.094472161950000086e-28
2.600000000000000000e+01 2.112615188440000107e-27
2.700000000000000000e+01 9.825646489700000140e-29
2.800000000000000000e+01 9.818833668160000186e-29
2.900000000000000000e+01 4.516733592989999985e-27
3.000000000000000000e+01 1.426690433269999915e-28
3.100000000000000000e+01 1.554628487780000066e-28
3.200000000000000000e+01 9.927312780179999934e-29
3.300000000000000000e+01 1.066835708629999894e-28
3.400000000000000000e+01 5.684583569809999692e-28
3.500000000000000000e+01 2.246531488750000219e-28
3.600000000000000000e+01 1.025206416129999978e-28
3.700000000000000000e+01 1.000566369739999947e-28
3.800000000000000000e+01 1.096263549569999988e-28
3.900000000000000000e+01 1.285366591440000082e-28
4.000000000000000000e+01 1.249481795220000076e-28
4.100000000000000000e+01 5.044260482339999993e-28
4.200000000000000000e+01 1.549092185540000036e-28
4.300000000000000000e+01 1.095658161110000026e-28
4.400000000000000000e+01 1.083982647260000039e-28
4.500000000000000000e+01 2.464690109149999822e-27
4.600000000000000000e+01 4.726862437730000264e-28
4.700000000000000000e+01 1.489198041340000070e-28
4.800000000000000000e+01 1.030507194870000058e-28
4.900000000000000000e+01 2.636100469599999960e-28
5.000000000000000000e+01 1.552713153679999930e-28
5.100000000000000000e+01 1.155586730250000004e-28
5.200000000000000000e+01 1.612868560879999954e-28
5.300000000000000000e+01 1.161860957810000071e-28
5.400000000000000000e+01 6.762762273010000329e-25
5.500000000000000000e+01 1.026713321870000057e-28
5.600000000000000000e+01 4.941131099890000254e-28
5.700000000000000000e+01 4.445453501489999827e-28
5.800000000000000000e+01 1.248759274110000054e-28
5.900000000000000000e+01 2.100644768729999875e-27
6.000000000000000000e+01 1.031452410519999901e-28
6.100000000000000000e+01 1.032543061920000094e-28
6.200000000000000000e+01 3.556889249580000168e-28
6.300000000000000000e+01 2.707144129199999780e-28
6.400000000000000000e+01 1.444628348389999921e-28
6.500000000000000000e+01 1.516929819270000070e-28
6.600000000000000000e+01 1.207487122609999985e-28
6.700000000000000000e+01 5.123458816160000421e-28
6.800000000000000000e+01 1.124974098450000043e-28
6.900000000000000000e+01 2.232250774289999853e-28
7.000000000000000000e+01 2.935537677559999884e-27
7.100000000000000000e+01 1.086034151749999971e-28
7.200000000000000000e+01 1.629920031040000034e-28
7.300000000000000000e+01 4.119117821650000127e-28
7.400000000000000000e+01 3.885721783890000217e-28
7.500000000000000000e+01 1.082650735699999924e-28
7.600000000000000000e+01 2.884617263509999919e-27
7.700000000000000000e+01 1.153650166300000004e-28
7.800000000000000000e+01 1.141206115389999921e-28
7.900000000000000000e+01 3.106282309700000040e-28
8.000000000000000000e+01 1.476640747960000088e-28
8.100000000000000000e+01 7.223130886510000095e-27
8.200000000000000000e+01 1.868460413650000023e-28
8.300000000000000000e+01 1.758583735100000032e-28
8.400000000000000000e+01 2.783981591810000059e-28
8.500000000000000000e+01 1.819910881179999982e-28
8.600000000000000000e+01 1.144575623890000005e-28
8.700000000000000000e+01 1.121442780820000000e-28
8.800000000000000000e+01 1.208947173629999997e-28
8.900000000000000000e+01 2.571805754310000002e-28
9.000000000000000000e+01 2.025747621370000079e-28
9.100000000000000000e+01 1.216652315370000091e-28
9.200000000000000000e+01 1.259221293319999936e-28
9.300000000000000000e+01 3.758037906320000191e-28
9.400000000000000000e+01 2.635663979119999903e-26
9.500000000000000000e+01 2.377049515270000105e-28
9.600000000000000000e+01 1.232437705979999962e-28
9.700000000000000000e+01 1.556690271989999897e-28
9.800000000000000000e+01 1.435313253119999958e-27
9.900000000000000000e+01 8.511968574999999984e-28
1.000000000000000000e+02 2.522663640940000067e-26
1.010000000000000000e+02 1.670723078129999971e-28
1.020000000000000000e+02 1.198427640810000010e-28
1.030000000000000000e+02 1.452923223960000079e-28
1.040000000000000000e+02 7.202883480260000204e-26
1.050000000000000000e+02 2.042647940510000070e-28
1.060000000000000000e+02 1.222928957099999892e-28
1.070000000000000000e+02 1.316023837520000003e-28
1.080000000000000000e+02 1.239781880439999907e-28
1.090000000000000000e+02 1.219929469660000022e-28
1.100000000000000000e+02 1.825784137050000013e-28
1.110000000000000000e+02 1.355661021059999911e-28
1.120000000000000000e+02 1.383314656329999930e-28
1.130000000000000000e+02 1.239005245129999944e-27
1.140000000000000000e+02 2.501536703089999887e-28
1.150000000000000000e+02 2.128067001499999866e-26
1.160000000000000000e+02 1.373826595650000028e-28
1.170000000000000000e+02 3.047557646769999896e-28
1.180000000000000000e+02 5.914465231630000344e-28
1.190000000000000000e+02 2.145212266700000055e-26
1.200000000000000000e+02 1.183560735360000067e-28
1.210000000000000000e+02 1.179211929160000076e-28
1.220000000000000000e+02 2.324839563829999970e-28
1.230000000000000000e+02 1.480106806380000014e-28
1.240000000000000000e+02 4.292072673150000039e-28
1.250000000000000000e+02 1.044361782190000047e-26
1.260000000000000000e+02 2.957316697619999834e-28
1.270000000000000000e+02 2.283649398320000158e-28
1.280000000000000000e+02 1.160916567369999992e-28
1.290000000000000000e+02 1.195316563370000097e-28
1.300000000000000000e+02 1.157536039529999951e-28
1.310000000000000000e+02 1.248461176360000067e-28
1.320000000000000000e+02 1.306026628810000049e-28
1.330000000000000000e+02 1.246908908920000086e-28
1.340000000000000000e+02 1.412685656479999942e-28
1.350000000000000000e+02 8.124998861480000287e-27
1.360000000000000000e+02 6.745970989190000416e-28
1.370000000000000000e+02 5.047993859050000058e-28
1.380000000000000000e+02 1.048293932489999968e-27
1.390000000000000000e+02 1.482890521920000010e-28
1.400000000000000000e+02 1.402999992350000067e-28
1.410000000000000000e+02 1.157664130520000062e-28
1.420000000000000000e+02 1.198686766529999975e-28
1.430000000000000000e+02 1.204376316300000042e-28
1.440000000000000000e+02 1.301029501840000066e-28
1.450000000000000000e+02 7.761905383090000246e-28
1.460000000000000000e+02 5.660000952849999578e-28
1.470000000000000000e+02 2.378722355049999835e-28
1.480000000000000000e+02 1.331090567710000053e-28
1.490000000000000000e+02 2.878911057859999911e-28
1.500000000000000000e+02 1.256347735820000010e-28
1.510000000000000000e+02 3.493647176750000010e-28
1.520000000000000000e+02 1.838276172650000076e-28
1.530000000000000000e+02 1.835607024539999967e-27
1.540000000000000000e+02 1.466422775760000060e-28
1.550000000000000000e+02 6.247348656230000311e-28
1.560000000000000000e+02 8.484782460549999154e-28
1.570000000000000000e+02 2.014588211949999962e-28
1.580000000000000000e+02 3.985693959969999858e-28
1.590000000000000000e+02 1.241829909999999961e-28
1.600000000000000000e+02 1.206122120609999971e-28
1.610000000000000000e+02 1.508043107279999937e-28
1.620000000000000000e+02 1.181332175949999965e-28
1.630000000000000000e+02 1.274309578550000024e-28
1.640000000000000000e+02 1.250660930089999962e-28
1.650000000000000000e+02 1.793639555459999940e-28
1.660000000000000000e+02 3.978458973939999796e-28
1.670000000000000000e+02 2.124494337290000193e-28
1.680000000000000000e+02 1.286692626350000016e-28
1.690000000000000000e+02 1.278810278830000005e-28
1.700000000000000000e+02 1.329314712880000049e-28
1.710000000000000000e+02 1.242895193529999905e-28
1.720000000000000000e+02 1.214186709960000030e-28
1.730000000000000000e+02 1.173290751150000058e-27
1.740000000000000000e+02 5.446192718219999641e-28
1.750000000000000000e+02 1.526722753430000002e-28
1.760000000000000000e+02 3.340308254759999771e-26
1.770000000000000000e+02 1.911052920019999912e-28
1.780000000000000000e+02 5.534802429480000274e-27
1.790000000000000000e+02 1.455255149039999939e-28
1.800000000000000000e+02 1.203813340139999916e-28
1.810000000000000000e+02 1.221318310850000065e-28
1.820000000000000000e+02 1.212360080070000031e-28
1.830000000000000000e+02 4.051147517589999746e-28
1.840000000000000000e+02 1.234784081319999932e-28
1.850000000000000000e+02 3.565033776350000095e-28
1.860000000000000000e+02 4.349742123239999640e-28
1.870000000000000000e+02 3.335245833010000179e-28
1.880000000000000000e+02 1.278712874040000067e-28
1.890000000000000000e+02 1.334776417490000046e-28
1.900000000000000000e+02 7.386848551400000262e-26
1.910000000000000000e+02 2.919705658930000148e-28
1.920000000000000000e+02 2.471902010609999957e-28
1.930000000000000000e+02 1.320443412800000019e-28
1.940000000000000000e+02 3.914028807730000133e-28
1.950000000000000000e+02 1.376210958429999933e-27
1.960000000000000000e+02 6.931604383819999839e-28
1.970000000000000000e+02 2.676385578320000026e-26
1.980000000000000000e+02 1.843563280979999907e-28
1.990000000000000000e+02 1.335898622899999930e-28
2.000000000000000000e+02 1.589540699189999907e-28
2.010000000000000000e+02 2.269058225999999841e-28
2.020000000000000000e+02 1.349268703800000110e-28
2.030000000000000000e+02 1.435000499559999974e-28
2.040000000000000000e+02 2.061369983170000048e-28
2.050000000000000000e+02 1.830564769320000101e-28
2.060000000000000000e+02 1.342979205539999962e-28
2.070000000000000000e+02 1.623729755160000031e-28
2.080000000000000000e+02 1.357848852319999902e-28
2.090000000000000000e+02 4.642230950869999929e-27
2.100000000000000000e+02 3.668860260819999789e-28
2.110000000000000000e+02 1.460068657149999907e-28
2.120000000000000000e+02 1.697072767550000053e-28
2.130000000000000000e+02 1.394507101330000016e-28
2.140000000000000000e+02 9.843214632920000888e-28
2.150000000000000000e+02 9.050970256670000707e-28
2.160000000000000000e+02 2.350260613200000086e-28
2.170000000000000000e+02 1.265405403430000062e-28
2.180000000000000000e+02 5.505424334270000229e-28
2.190000000000000000e+02 1.257689861400000004e-28
2.200000000000000000e+02 1.266359937090000023e-28
2.210000000000000000e+02 1.266688661730000081e-28
2.220000000000000000e+02 1.372017688760000094e-28
2.230000000000000000e+02 1.302534563789999903e-28
2.240000000000000000e+02 1.269359893589999990e-28
2.250000000000000000e+02 1.267465792439999938e-28
2.260000000000000000e+02 1.395386696209999921e-28
2.270000000000000000e+02 1.295720090689999952e-28
2.280000000000000000e+02 1.920274847520000023e-28
2.290000000000000000e+02 1.366510479500000021e-28
2.300000000000000000e+02 2.274880778059999859e-28
2.310000000000000000e+02 1.462273939210000098e-28
2.320000000000000000e+02 1.516721043270000000e-28
2.330000000000000000e+02 1.744345499750000099e-28
2.340000000000000000e+02 1.820598755120000011e-28
2.350000000000000000e+02 1.805023218750000083e-28
2.360000000000000000e+02 1.396370728899999935e-28
2.370000000000000000e+02 1.328331130190000064e-28
2.380000000000000000e+02 1.382380749460000031e-28
2.390000000000000000e+02 3.743970691130000171e-28
2.400000000000000000e+02 1.305679797960000040e-28
2.410000000000000000e+02 1.371563835330000056e-28
2.420000000000000000e+02 1.374668131959999953e-28
2.430000000000000000e+02 1.358617720090000017e-28
2.440000000000000000e+02 1.405705772769999925e-28
2.450000000000000000e+02 1.708742521290000063e-28
2.460000000000000000e+02 1.097481283909999994e-27
2.470000000000000000e+02 1.312167417690000038e-28
2.480000000000000000e+02 3.346047073159999789e-28
2.490000000000000000e+02 1.357252238829999951e-28
2.500000000000000000e+02 1.362451996829999898e-28
2.510000000000000000e+02 1.975409518450000094e-28
2.520000000000000000e+02 1.348775551469999961e-28
2.530000000000000000e+02 4.662795870979999554e-28
2.540000000000000000e+02 1.382942465269999975e-28
2.550000000000000000e+02 1.890400950610000082e-28
2.560000000000000000e+02 1.346411810400000057e-28
2.570000000000000000e+02 1.395633935779999953e-28
2.580000000000000000e+02 2.168191672679999979e-28
2.590000000000000000e+02 3.981323934060000168e-28
2.600000000000000000e+02 1.356509839969999934e-28
2.610000000000000000e+02 1.355932814589999948e-28
2.620000000000000000e+02 1.345687323250000041e-28
2.630000000000000000e+02 1.353143950549999935e-28
2.640000000000000000e+02 1.560485470519999988e-28
2.650000000000000000e+02 1.399685835759999893e-28
2.660000000000000000e+02 1.392013166720000098e-28
2.670000000000000000e+02 1.614723572560000033e-28
2.680000000000000000e+02 1.362219201729999963e-28
2.690000000000000000e+02 1.180611974170000019e-27
2.700000000000000000e+02 1.706127276669999976e-28
2.710000000000000000e+02 1.576664485459999978e-28
2.720000000000000000e+02 9.367212345270000262e-27
2.730000000000000000e+02 1.514419638859999987e-28
2.740000000000000000e+02 1.378707706420000090e-28
2.750000000000000000e+02 1.407605951840000110e-28
2.760000000000000000e+02 1.670766472539999945e-28
2.770000000000000000e+02 1.378372878210000095e-28
2.780000000000000000e+02 9.618398991339999387e-28
2.790000000000000000e+02 1.493924170119999963e-28
2.800000000000000000e+02 1.519490065380000106e-28
2.810000000000000000e+02 1.392407553810000100e-28
2.820000000000000000e+02 1.821611225959999910e-28
2.830000000000000000e+02 1.415592907339999986e-28
2.840000000000000000e+02 1.554807323230000085e-28
2.850000000000000000e+02 1.411675056080000083e-28
2.860000000000000000e+02 1.475910948129999907e-28
2.870000000000000000e+02 1.410927749320000059e-28
2.880000000000000000e+02 1.451796604730000069e-28
2.890000000000000000e+02 1.414217071930000027e-28
2.900000000000000000e+02 2.247745279460000059e-28
2.910000000000000000e+02 1.408228144919999931e-28
2.920000000000000000e+02 1.410857664389999918e-28
2.930000000000000000e+02 1.413785526820000111e-28
2.940000000000000000e+02 1.434347529319999901e-28
2.950000000000000000e+02 1.419123154459999916e-28
2.960000000000000000e+02 1.486378588279999957e-28
2.970000000000000000e+02 1.567761412579999898e-28
2.980000000000000000e+02 1.430990542739999979e-28
2.990000000000000000e+02 1.570610856789999970e-28
3.000000000000000000e+02 1.508574247140000016e-28
3.010000000000000000e+02 1.430076508080000005e-28
3.020000000000000000e+02 1.539062891670000041e-28
3.030000000000000000e+02 1.438759037029999977e-28
3.040000000000000000e+02 1.445586380499999891e-28
3.050000000000000000e+02 1.502861959130000086e-28
3.060000000000000000e+02 1.458011916679999957e-28
3.070000000000000000e+02 1.486846550030000025e-28
3.080000000000000000e+02 1.495939692360000112e-28
3.090000000000000000e+02 1.569214626609999905e-28
3.100000000000000000e+02 1.454480489840000054e-28
3.110000000000000000e+02 1.454879637139999988e-28
3.120000000000000000e+02 1.462387139129999917e-28
3.130000000000000000e+02 1.509230957270000065e-28
3.140000000000000000e+02 1.461919520780000020e-28
3.150000000000000000e+02 1.465412348250000094e-28
3.160000000000000000e+02 1.500884904069999892e-28
3.170000000000000000e+02 1.613233480239999915e-28
3.180000000000000000e+02 1.486685277349999988e-28
3.190000000000000000e+02 1.473631460849999980e-28
3.200000000000000000e+02 1.479511285629999918e-28
3.210000000000000000e+02 3.168135052519999840e-28
3.220000000000000000e+02 1.541998481969999903e-28
3.230000000000000000e+02 1.484663265399999945e-28
3.240000000000000000e+02 1.908998559889999923e-28
3.250000000000000000e+02 1.489112641400000062e-28
3.260000000000000000e+02 1.624614818430000107e-28
3.270000000000000000e+02 1.530261313019999913e-28
3.280000000000000000e+02 1.499655552469999934e-28
3.290000000000000000e+02 1.502502771179999976e-28
3.300000000000000000e+02 1.737459001769999912e-28
3.310000000000000000e+02 1.504163376800000067e-28
3.320000000000000000e+02 1.509626881650000010e-28
3.330000000000000000e+02 1.509089235110000082e-28
3.340000000000000000e+02 1.514862232000000095e-28
3.350000000000000000e+02 1.515193371499999923e-28
3.360000000000000000e+02 1.517486531709999969e-28
3.370000000000000000e+02 1.545359066009999964e-28
3.380000000000000000e+02 1.584824827090000110e-28
3.390000000000000000e+02 1.573090360550000032e-28
3.400000000000000000e+02 1.695757907940000024e-28
3.410000000000000000e+02 2.246773735399999877e-28
3.420000000000000000e+02 1.535580846609999919e-28
3.430000000000000000e+02 1.846684149850000078e-28
3.440000000000000000e+02 1.539786094319999946e-28
3.450000000000000000e+02 1.541258961440000007e-28
3.460000000000000000e+02 1.549795670890000075e-28
3.470000000000000000e+02 1.546769476370000061e-28
3.480000000000000000e+02 1.555599857040000055e-28
3.490000000000000000e+02 1.552624328209999918e-28
3.500000000000000000e+02 1.560486819300000039e-28
3.510000000000000000e+02 1.578001279629999923e-28
3.520000000000000000e+02 1.565399433999999996e-28
3.530000000000000000e+02 1.563927395469999977e-28
3.540000000000000000e+02 1.567680114349999967e-28
3.550000000000000000e+02 1.569963677729999951e-28
3.560000000000000000e+02 1.589319144209999932e-28
3.570000000000000000e+02 1.581095939829999976e-28
3.580000000000000000e+02 4.645196132409999631e-28
3.590000000000000000e+02 1.581058259839999895e-28
3.600000000000000000e+02 1.586607795659999953e-28
3.610000000000000000e+02 1.586160767859999940e-28
3.620000000000000000e+02 1.598285059829999900e-28
3.630000000000000000e+02 1.596989177879999900e-28
3.640000000000000000e+02 1.595209835849999955e-28
3.650000000000000000e+02 1.602507343320000006e-28
3.660000000000000000e+02 1.601984885600000018e-28
3.670000000000000000e+02 1.603685171850000012e-28
3.680000000000000000e+02 1.607984062139999903e-28
3.690000000000000000e+02 1.609872259230000038e-28
3.700000000000000000e+02 1.629569930330000019e-28
3.710000000000000000e+02 1.617071381530000050e-28
3.720000000000000000e+02 1.618016496250000022e-28
3.735000000000000000e+02 1.626420797220000078e-28
3.760000000000000000e+02 1.668460955159999896e-28
3.795000000000000000e+02 1.642559265317499954e-28
3.835000000000000000e+02 1.658994282189999992e-28
3.875000000000000000e+02 1.955305870264999987e-28
3.915000000000000000e+02 1.680577875507499957e-28
3.955000000000000000e+02 1.773171454060000071e-28
3.995000000000000000e+02 1.702855007764999967e-28
4.035000000000000000e+02 1.764611818659999970e-28
4.075000000000000000e+02 1.730985575342499996e-28
4.115000000000000000e+02 1.750243396405000051e-28
4.155000000000000000e+02 1.778929178007499829e-28
4.195000000000000000e+02 5.517600702167500429e-28
4.235000000000000000e+02 1.828914670750000089e-28
4.280000000000000000e+02 1.799363568621999824e-28
4.325000000000000000e+02 1.818766065142499936e-28
4.365000000000000000e+02 1.831427333252499873e-28
4.410000000000000000e+02 1.846424865862000162e-28
4.455000000000000000e+02 1.870437308955000181e-28
4.495000000000000000e+02 1.878134627717499887e-28
4.540000000000000000e+02 1.895110524014000059e-28
4.590000000000000000e+02 1.918346369998000056e-28
4.635000000000000000e+02 1.931662449194999999e-28
4.680000000000000000e+02 1.951177558805999683e-28
4.725000000000000000e+02 1.969352792885000158e-28
4.770000000000000000e+02 1.987538786188000054e-28
4.820000000000000000e+02 2.007549898162000091e-28
4.870000000000000000e+02 2.029303325994000028e-28
4.920000000000000000e+02 2.050833679361999865e-28
4.970000000000000000e+02 2.072592532820000092e-28
5.020000000000000000e+02 2.095867467924000547e-28
5.070000000000000000e+02 2.119692528837999869e-28
5.120000000000000000e+02 2.162114207327999989e-28
5.170000000000000000e+02 2.165114939510000311e-28
5.220000000000000000e+02 2.189035807683999661e-28
5.270000000000000000e+02 2.241401001453999966e-28
5.325000000000000000e+02 2.242166707930000378e-28
5.380000000000000000e+02 2.269865939495999824e-28
5.430000000000000000e+02 2.295583118877999499e-28
5.485000000000000000e+02 2.324848750284999846e-28
5.540000000000000000e+02 2.366823273318000393e-28
5.595000000000000000e+02 2.693648012179999889e-28
5.655000000000000000e+02 2.420074089088333284e-28
5.710000000000000000e+02 2.451339159113999519e-28
5.765000000000000000e+02 2.483951259270000112e-28
5.825000000000000000e+02 2.528282707801666650e-28
5.885000000000000000e+02 2.557745971270000105e-28
5.945000000000000000e+02 2.596070238058333384e-28
6.005000000000000000e+02 2.635169226769999896e-28
6.065000000000000000e+02 2.675502750541666734e-28
6.125000000000000000e+02 2.716583018708333308e-28
6.185000000000000000e+02 2.758773030866666610e-28
6.245000000000000000e+02 2.825374827941666290e-28
6.305000000000000000e+02 2.846572406816666271e-28
6.370000000000000000e+02 2.906474282000000433e-28
6.435000000000000000e+02 2.947687469279999834e-28
6.500000000000000000e+02 2.999743110857142707e-28
6.565000000000000000e+02 3.053132499163333441e-28
6.630000000000000000e+02 3.109043259400000060e-28
6.695000000000000000e+02 3.165775727028333008e-28
6.760000000000000000e+02 3.224843897528570973e-28
6.830000000000000000e+02 3.296282342289999842e-28
6.900000000000000000e+02 3.357758594019999958e-28
6.970000000000000000e+02 3.427679688815714249e-28
7.040000000000000000e+02 3.509283258257143336e-28
7.110000000000000000e+02 3.574852107731428408e-28
7.180000000000000000e+02 3.652462590958571376e-28
7.250000000000000000e+02 3.785738021921428699e-28
7.320000000000000000e+02 3.815736028610000181e-28
7.395000000000000000e+02 3.914380559000000601e-28
7.470000000000000000e+02 4.005191917554285420e-28
7.545000000000000000e+02 4.770884387201249540e-28
7.620000000000000000e+02 4.211790212751428014e-28
7.695000000000000000e+02 4.450411185241249750e-28
7.775000000000000000e+02 4.439336234427500563e-28
7.855000000000000000e+02 6.039184308887500211e-28
7.930000000000000000e+02 4.818376249147142875e-28
8.005000000000000000e+02 6.323903003123749278e-28
8.085000000000000000e+02 5.411595725729999979e-28
8.170000000000000000e+02 5.129349772875555201e-28
8.255000000000000000e+02 5.371872972251250413e-28
8.335000000000000000e+02 5.464879090156249436e-28
8.415000000000000000e+02 5.643594222603749885e-28
8.500000000000000000e+02 1.733730902433110803e-27
8.585000000000000000e+02 6.047922731519999507e-28
8.670000000000000000e+02 6.267038903604444659e-28
8.760000000000000000e+02 6.555158571760001020e-28
8.850000000000000000e+02 6.785940570975555742e-28
8.935000000000000000e+02 7.051221553435000987e-28
9.020000000000000000e+02 7.522074032283332913e-28
9.115000000000000000e+02 7.675090107591999203e-28
9.210000000000000000e+02 8.045466932966667093e-28
9.300000000000000000e+02 1.552754646324777961e-27
9.390000000000000000e+02 8.833876366477779115e-28
9.485000000000000000e+02 9.400521963566000899e-28
9.580000000000000000e+02 9.862389562126665031e-28
9.675000000000000000e+02 1.032675447713999862e-27
9.775000000000000000e+02 1.523284518182999868e-27
9.870000000000000000e+02 1.270488834025000012e-26
9.965000000000000000e+02 1.292448310609999958e-27
1.006500000000000000e+03 9.641210537739000204e-27
1.016500000000000000e+03 4.333739289250000140e-27
1.027000000000000000e+03 1.002770871126445320e-25
1.037500000000000000e+03 2.208039599986600371e-26
1.047500000000000000e+03 2.833150112465109972e-25
1.058000000000000000e+03 3.422510203354272578e-26
1.069000000000000000e+03 1.119892519732999996e-26
1.079500000000000000e+03 7.955071739351899609e-26
1.090000000000000000e+03 3.841150618361090545e-26
1.101000000000000000e+03 1.523005318357800268e-25
1.112000000000000000e+03 2.354939859403518755e-25
1.123000000000000000e+03 3.238559734753932339e-24
1.134500000000000000e+03 6.237173045215992038e-25
1.146000000000000000e+03 9.949565200446053123e-24
1.157500000000000000e+03 1.296779284453147591e-23
1.169000000000000000e+03 2.152391358958417960e-24
1.180500000000000000e+03 2.704071185123007043e-23
1.192500000000000000e+03 7.671735549982837402e-22
1.204500000000000000e+03 2.934459994617390128e-21
1.216500000000000000e+03 6.102107403791302026e-22
1.228500000000000000e+03 2.605517073569384680e-20
1.240500000000000000e+03 2.758133025573343878e-21
1.253000000000000000e+03 4.922668533407954631e-19
1.266000000000000000e+03 4.865846235372738899e-22
1.278500000000000000e+03 4.307415565235883331e-22
1.291000000000000000e+03 1.165284565350353955e-22
1.304000000000000000e+03 1.953540944249101633e-19
1.317000000000000000e+03 7.345235858729077294e-23
1.330000000000000000e+03 8.581630228586613987e-23
1.343500000000000000e+03 4.839122331623321002e-21
1.357000000000000000e+03 1.110325194974943189e-19
1.370500000000000000e+03 4.344340410056950227e-23
1.384500000000000000e+03 9.484886769186736384e-23
1.398500000000000000e+03 3.169518570232263558e-24
1.412500000000000000e+03 2.836164941086978386e-24
1.426500000000000000e+03 1.068762928952814324e-23
1.440500000000000000e+03 2.439969259397535779e-24
1.455000000000000000e+03 7.608635756632373296e-24
1.469500000000000000e+03 7.490190125723835817e-24
1.484000000000000000e+03 1.326844465026820982e-23
1.499000000000000000e+03 2.200204702318010690e-24
1.514000000000000000e+03 5.400843766307153580e-25
1.529000000000000000e+03 5.215353203312813261e-24
1.544500000000000000e+03 6.382962956286402401e-22
1.560000000000000000e+03 2.043449907908772980e-23
1.575500000000000000e+03 2.718327595740585514e-23
1.591500000000000000e+03 7.611216136706232688e-24
1.607500000000000000e+03 2.150795667782235717e-23
1.623500000000000000e+03 7.568550461537915154e-24
1.639500000000000000e+03 1.036145630935732811e-21
1.656000000000000000e+03 8.565149974710589155e-24
1.672500000000000000e+03 1.225605605477790104e-22
1.689000000000000000e+03 3.738643244480140182e-25
1.706000000000000000e+03 1.572221125409478404e-24
1.723000000000000000e+03 1.000463388231684284e-23
1.740500000000000000e+03 2.097613079226388149e-24
1.758000000000000000e+03 5.747727124972810854e-25
1.775500000000000000e+03 2.561575935650094615e-24
1.793500000000000000e+03 2.872895381516906493e-25
1.811500000000000000e+03 6.353741411283777432e-26
1.829500000000000000e+03 1.429977120664448985e-24
1.847500000000000000e+03 4.978569745567675856e-25
1.866000000000000000e+03 2.861701640272315481e-27
1.884500000000000000e+03 2.897086289715889115e-27
1.903000000000000000e+03 1.365501124948526283e-27
1.922000000000000000e+03 1.129303881812670584e-25
1.941500000000000000e+03 5.018562146251500110e-28
1.961000000000000000e+03 5.711821935556314906e-28
1.980500000000000000e+03 4.842888724207499964e-28
2.000500000000000000e+03 8.168908391945001235e-28
2.020500000000000000e+03 3.071824960476050303e-27
2.040500000000000000e+03 4.935693543025500057e-28
2.061000000000000000e+03 9.570132052671741973e-26
2.082000000000000000e+03 6.890005362347620313e-28
2.102500000000000000e+03 7.641373302237101256e-27
2.123500000000000000e+03 1.773720433608345669e-26
2.145000000000000000e+03 6.696188854774883119e-24
2.166500000000000000e+03 6.567741886752607852e-26
2.188000000000000000e+03 8.050221114280133566e-24
2.209500000000000000e+03 8.669889614551447415e-25
2.231500000000000000e+03 1.882245936666141140e-26
2.254000000000000000e+03 4.114088266915913774e-26
2.277000000000000000e+03 2.919837095663201988e-24
2.299500000000000000e+03 1.136026502138018515e-24
2.322500000000000000e+03 2.890243230808599435e-25
2.346000000000000000e+03 9.071718083589083227e-25
2.369000000000000000e+03 9.922108065731806959e-25
2.392500000000000000e+03 1.552047819709800067e-25
2.416500000000000000e+03 2.366052145443108482e-24
2.441000000000000000e+03 2.218357331626817705e-24
2.465500000000000000e+03 4.261786209869880699e-23
2.490000000000000000e+03 3.872243002979346948e-24
2.515000000000000000e+03 5.823934623434345395e-24
2.540000000000000000e+03 5.784485743212164534e-23
2.565500000000000000e+03 6.431149474713800875e-24
2.591500000000000000e+03 4.721255847684363092e-22
2.617500000000000000e+03 1.274653819695907104e-22
2.643500000000000000e+03 9.658812090483365319e-23
2.669500000000000000e+03 1.245455041427145678e-23
2.696000000000000000e+03 4.528377294186198684e-22
2.723000000000000000e+03 1.000761786646697578e-22
2.750500000000000000e+03 4.220146182464393759e-22
2.778000000000000000e+03 3.298213353918862024e-22
2.805500000000000000e+03 3.296166406508297918e-22
2.834000000000000000e+03 6.585557115882688498e-21
2.862500000000000000e+03 8.023237961831254105e-22
2.891000000000000000e+03 1.564741116612439885e-20
2.920000000000000000e+03 8.690968851609277607e-21
2.949000000000000000e+03 1.626673496049205541e-21
2.978500000000000000e+03 5.238276682029663757e-21
3.008500000000000000e+03 1.298640527659923892e-19
3.038500000000000000e+03 6.228152042531073819e-23
3.068500000000000000e+03 1.049504452495958601e-21
3.099000000000000000e+03 6.310617362627328101e-22
3.130000000000000000e+03 3.000508294186455886e-21
3.161500000000000000e+03 6.997212155110254892e-21
3.193500000000000000e+03 2.963353388285955329e-22
3.225500000000000000e+03 2.985602802784312638e-24
3.257500000000000000e+03 2.855050619236890444e-24
3.290000000000000000e+03 1.073670425185188287e-24
3.323000000000000000e+03 1.431616695151364128e-26
3.356000000000000000e+03 9.769843192439665626e-26
3.389500000000000000e+03 2.368966702585964780e-25
3.423500000000000000e+03 3.583602159569353713e-26
3.458000000000000000e+03 1.585743529270629201e-26
3.492500000000000000e+03 2.259760961187070795e-25
3.527000000000000000e+03 4.596989037982340954e-26
3.562500000000000000e+03 7.716525385121342230e-25
3.598500000000000000e+03 1.136599658482339453e-25
3.634500000000000000e+03 8.375277564229172855e-26
3.670500000000000000e+03 1.722125885029399844e-24
3.707000000000000000e+03 1.350740187999230984e-25
3.744500000000000000e+03 6.378766247288796662e-24
3.782000000000000000e+03 1.149207291828438746e-22
3.819500000000000000e+03 8.581880282469673315e-23
3.858000000000000000e+03 4.546632635114776436e-22
3.896500000000000000e+03 8.297625765650747582e-22
3.935000000000000000e+03 1.597343636419907242e-23
3.974500000000000000e+03 1.478326663272652554e-23
4.014500000000000000e+03 1.377332358691738537e-23
4.054500000000000000e+03 1.275627748880226315e-22
4.095000000000000000e+03 6.879755067941252468e-23
4.136000000000000000e+03 2.194744640154332662e-22
4.177500000000000000e+03 1.479577781925541422e-21
4.219500000000000000e+03 2.501024874577662185e-21
4.261500000000000000e+03 4.891946390653232991e-22
4.304000000000000000e+03 3.726753623556911263e-21
4.347000000000000000e+03 1.189315262425714689e-20
4.390500000000000000e+03 9.173783169852700458e-22
4.434500000000000000e+03 2.103575897119577961e-21
4.479000000000000000e+03 4.070411686743063129e-22
4.524000000000000000e+03 4.798967987478903198e-22
4.569000000000000000e+03 7.537716575941211360e-22
4.614500000000000000e+03 2.700018507206499512e-23
4.660500000000000000e+03 8.992257020565728159e-24
4.707000000000000000e+03 9.833984132335415416e-24
4.754500000000000000e+03 1.314870513785190525e-25
4.802000000000000000e+03 8.562632624473706709e-26
4.850000000000000000e+03 7.999468177623719293e-26
4.898500000000000000e+03 8.738248757931057681e-27
4.947500000000000000e+03 5.226487804288863900e-26
4.997000000000000000e+03 1.822389512257959696e-25
5.047000000000000000e+03 2.521579240724381696e-25
5.097500000000000000e+03 2.542480953671434052e-25
5.148000000000000000e+03 1.577491534273212406e-24
5.199500000000000000e+03 3.154343771442988524e-24
5.251500000000000000e+03 1.352118155191587297e-24
5.304000000000000000e+03 1.754126900516509038e-24
5.357500000000000000e+03 1.113222260797849871e-23
5.411000000000000000e+03 1.651167754665010778e-23
5.465000000000000000e+03 1.443876528042640237e-23
5.520000000000000000e+03 2.339789479063192103e-23
5.575000000000000000e+03 1.206861872421839930e-22
5.630500000000000000e+03 7.359842147709996471e-23
5.687000000000000000e+03 4.534150996237355856e-23
5.744000000000000000e+03 1.787933004449870923e-22
5.801500000000000000e+03 5.141361730014916577e-23
5.859500000000000000e+03 2.150109304167240571e-22
5.918000000000000000e+03 2.331271927422337757e-22
5.977000000000000000e+03 6.346085033449059186e-23
6.036500000000000000e+03 8.684726345114638894e-23
6.097000000000000000e+03 8.843573932299672006e-23
6.158000000000000000e+03 4.957713736135700107e-23
6.219500000000000000e+03 3.557399694422693186e-24
6.282000000000000000e+03 2.445157673616966917e-25
6.345000000000000000e+03 3.924046810723269695e-26
6.408500000000000000e+03 3.833476603537862592e-26
6.472500000000000000e+03 8.821670502645697064e-26
6.537000000000000000e+03 2.090310824405152852e-25
6.602500000000000000e+03 4.830988560578158950e-25
6.668500000000000000e+03 1.257618461500215270e-24
6.735000000000000000e+03 6.422964164988384973e-24
6.802500000000000000e+03 6.292086451323411574e-24
6.870500000000000000e+03 4.007840170689946453e-24
6.939000000000000000e+03 1.074414850464258376e-23
7.008500000000000000e+03 2.116977083726082583e-23
7.078500000000000000e+03 6.287644720210096731e-23
7.149500000000000000e+03 7.310304819469002728e-23
7.221000000000000000e+03 9.001851513444128042e-23
7.293000000000000000e+03 6.845087162788644611e-23
7.366000000000000000e+03 6.305520518061465526e-23
7.439500000000000000e+03 4.930578107698287761e-23
7.514000000000000000e+03 1.220782615490618794e-22
7.589500000000000000e+03 3.694364277934527434e-24
7.665500000000000000e+03 2.402336961958932702e-24
7.742000000000000000e+03 1.656077039686703076e-25
7.819500000000000000e+03 3.004687426454143092e-26
7.897500000000000000e+03 3.402611430190665812e-26
7.976500000000000000e+03 4.443021223388999017e-29
8.056500000000000000e+03 1.854315068578475635e-25
8.137000000000000000e+03 5.613441558373359498e-25
8.218000000000000000e+03 8.082101989439478219e-25
8.300000000000000000e+03 3.394996724026444801e-24
8.383500000000000000e+03 1.246174980952194354e-23
8.467500000000000000e+03 2.244588424331952851e-23
8.552000000000000000e+03 3.903179353244349441e-23
8.637500000000000000e+03 8.499528564628507442e-23
8.724000000000000000e+03 2.573433281056135916e-23
8.811000000000000000e+03 2.247854394599722008e-23
8.899000000000000000e+03 2.041759038634529972e-23
8.988000000000000000e+03 4.059993819129107562e-24
9.078000000000000000e+03 2.786043944415643410e-25
9.169000000000000000e+03 6.865771144787408397e-25
9.260500000000000000e+03 1.120649212852391297e-29
9.353000000000000000e+03 1.030586843287193653e-29
9.446500000000000000e+03 9.698694057588081983e-30
9.541000000000000000e+03 9.221716408310629926e-30
9.636500000000000000e+03 8.821755283101459511e-30
9.733000000000000000e+03 8.472843108754330140e-30
9.830000000000000000e+03 8.161985638133298582e-30
9.928000000000000000e+03 7.878719781236364347e-30
9.989000000000000000e+03 7.714222253183915168e-30
