1.000000000000000000e+01 2.306872047389999882e-27
1.100000000000000000e+01 8.462881766220000021e-29
1.200000000000000000e+01 8.173027652340000400e-29
1.300000000000000000e+01 1.785333060630000027e-28
1.400000000000000000e+01 8.167588799809999891e-29
1.500000000000000000e+01 1.044428892490000049e-28
1.600000000000000000e+01 8.165231639979999521e-29
1.700000000000000000e+01 8.130367412169999984e-29
1.800000000000000000e+01 8.275690574189999858e-29
1.900000000000000000e+01 1.056844922770000012e-28
2.000000000000000000e+01 8.234067512929999454e-29
2.100000000000000000e+01 8.368196986509999451e-29
2.200000000000000000e+01 2.588796483129999963e-28
2.300000000000000000e+01 4.885751200129999680e-28
2.400000000000000000e+01 2.586820172100000214e-28
2.500000000000000000e+01 1.146657860479999903e-28
2.600000000000000000e+01 4.145353660570000268e-27
2.700000000000000000e+01 8.868582231020000376e-29
2.800000000000000000e+01 8.804439922410000464e-29
2.900000000000000000e+01 1.015059437039999939e-26
3.000000000000000000e+01 1.933057070919999988e-28
3.100000000000000000e+01 1.619216762290000051e-28
3.200000000000000000e+01 9.059438419739999503e-29
3.300000000000000000e+01 1.093763823259999906e-28
3.400000000000000000e+01 1.364982356050000046e-27
3.500000000000000000e+01 3.420829190669999998e-28
3.600000000000000000e+01 9.840676710469999793e-29
3.700000000000000000e+01 9.187818963990000144e-29
3.800000000000000000e+01 1.175972873849999969e-28
3.900000000000000000e+01 1.643487997660000090e-28
4.000000000000000000e+01 1.565892832699999940e-28
4.100000000000000000e+01 1.484581691600000075e-27
4.200000000000000000e+01 1.432006480750000102e-28
4.300000000000000000e+01 1.121728453550000061e-28
4.400000000000000000e+01 1.153313035879999942e-28
4.500000000000000000e+01 6.814947983009999812e-27
4.600000000000000000e+01 2.992396227220000064e-27
4.700000000000000000e+01 2.293884562189999861e-28
4.800000000000000000e+01 9.592326143730000424e-29
4.900000000000000000e+01 6.489926527110000246e-28
5.000000000000000000e+01 2.996714912099999849e-28
5.100000000000000000e+01 1.251722077639999961e-28
5.200000000000000000e+01 2.420480755310000063e-28
5.300000000000000000e+01 1.346991667890000079e-28
5.400000000000000000e+01 1.543222333509999995e-24
5.500000000000000000e+01 9.764918178730000233e-29
5.600000000000000000e+01 1.260078746190000079e-27
5.700000000000000000e+01 9.254785542309999923e-28
5.800000000000000000e+01 1.676515561719999974e-28
5.900000000000000000e+01 4.573704237649999928e-27
6.000000000000000000e+01 9.532818458049999506e-29
6.100000000000000000e+01 9.507291932180000413e-29
6.200000000000000000e+01 1.942693379989999827e-27
6.300000000000000000e+01 8.168437428569999218e-28
6.400000000000000000e+01 2.014883506339999939e-28
6.500000000000000000e+01 3.214721116569999948e-28
6.600000000000000000e+01 1.412820041860000045e-28
6.700000000000000000e+01 1.074490987409999922e-27
6.800000000000000000e+01 1.177470046409999888e-28
6.900000000000000000e+01 4.115939132240000021e-28
7.000000000000000000e+01 1.055511990909999944e-26
7.100000000000000000e+01 1.039845787760000071e-28
7.200000000000000000e+01 2.307961242290000015e-28
7.300000000000000000e+01 4.921749855670000003e-28
7.400000000000000000e+01 7.922100987960000183e-28
7.500000000000000000e+01 1.016953981789999943e-28
7.600000000000000000e+01 1.029213798239999932e-26
7.700000000000000000e+01 1.279159581169999982e-28
7.800000000000000000e+01 1.174797964939999895e-28
7.900000000000000000e+01 1.016179880320000033e-27
8.000000000000000000e+01 3.051051803579999870e-28
8.100000000000000000e+01 1.834135858050000015e-26
8.200000000000000000e+01 2.662738612270000130e-28
8.300000000000000000e+01 1.818406415699999985e-28
8.400000000000000000e+01 3.234500935389999919e-28
8.500000000000000000e+01 4.272557614810000039e-28
8.600000000000000000e+01 1.156952370959999984e-28
8.700000000000000000e+01 1.276276888609999980e-28
8.800000000000000000e+01 1.380460089529999926e-28
8.900000000000000000e+01 5.132960266689999805e-28
9.000000000000000000e+01 3.840492674819999785e-28
9.100000000000000000e+01 1.573958170090000074e-28
9.200000000000000000e+01 1.370005724570000006e-28
9.300000000000000000e+01 9.331008447519999820e-28
9.400000000000000000e+01 2.209161469579999988e-26
9.500000000000000000e+01 5.121308227149999983e-28
9.600000000000000000e+01 1.466305923479999941e-28
9.700000000000000000e+01 2.432626566280000149e-28
9.800000000000000000e+01 8.691836523529999322e-27
9.900000000000000000e+01 2.323474518999999861e-27
1.000000000000000000e+02 8.528918478839999600e-26
1.010000000000000000e+02 2.501251618420000209e-28
1.020000000000000000e+02 1.201139420219999934e-28
1.030000000000000000e+02 1.685556478370000061e-28
1.040000000000000000e+02 1.768378721560000019e-25
1.050000000000000000e+02 2.938375008450000148e-28
1.060000000000000000e+02 1.145439908590000073e-28
1.070000000000000000e+02 1.714353631470000005e-28
1.080000000000000000e+02 1.649015518940000052e-28
1.090000000000000000e+02 1.509091363719999990e-28
1.100000000000000000e+02 3.416688951800000104e-28
1.110000000000000000e+02 1.972355980270000091e-28
1.120000000000000000e+02 1.754088073570000092e-28
1.130000000000000000e+02 5.158419864249999985e-27
1.140000000000000000e+02 3.122004351530000035e-28
1.150000000000000000e+02 2.464797773239999891e-26
1.160000000000000000e+02 1.354643099630000087e-28
1.170000000000000000e+02 5.481800028119999779e-28
1.180000000000000000e+02 1.228566228989999975e-27
1.190000000000000000e+02 4.942784038150000031e-26
1.200000000000000000e+02 1.141958867520000091e-28
1.210000000000000000e+02 1.137819717470000104e-28
1.220000000000000000e+02 4.532944182759999575e-28
1.230000000000000000e+02 1.975155109400000104e-28
1.240000000000000000e+02 9.246224480509999651e-28
1.250000000000000000e+02 1.217031318340000049e-26
1.260000000000000000e+02 6.092164290839999608e-28
1.270000000000000000e+02 6.913984822070000123e-28
1.280000000000000000e+02 1.105453777219999949e-28
1.290000000000000000e+02 1.348842876950000017e-28
1.300000000000000000e+02 1.092156808130000066e-28
1.310000000000000000e+02 1.333716556280000107e-28
1.320000000000000000e+02 1.492117398580000043e-28
1.330000000000000000e+02 1.258177826090000005e-28
1.340000000000000000e+02 1.439726199630000049e-28
1.350000000000000000e+02 1.063428636200000053e-26
1.360000000000000000e+02 1.427808963630000017e-27
1.370000000000000000e+02 1.076648830410000060e-27
1.380000000000000000e+02 2.577919479259999941e-27
1.390000000000000000e+02 3.672383279239999792e-28
1.400000000000000000e+02 1.887309516980000019e-28
1.410000000000000000e+02 1.053237602889999970e-28
1.420000000000000000e+02 1.168930417499999924e-28
1.430000000000000000e+02 1.160927396530000031e-28
1.440000000000000000e+02 1.292730371079999968e-28
1.450000000000000000e+02 1.091942890049999926e-27
1.460000000000000000e+02 8.029463773979999926e-28
1.470000000000000000e+02 6.142769895170000146e-28
1.480000000000000000e+02 1.657554957619999976e-28
1.490000000000000000e+02 1.161089618479999952e-27
1.500000000000000000e+02 1.325391931429999937e-28
1.510000000000000000e+02 1.224756510609999924e-27
1.520000000000000000e+02 2.784554266559999959e-28
1.530000000000000000e+02 2.450389365270000100e-26
1.540000000000000000e+02 1.804289000919999996e-28
1.550000000000000000e+02 1.359922677609999997e-27
1.560000000000000000e+02 1.821374209779999868e-27
1.570000000000000000e+02 3.313500106910000047e-28
1.580000000000000000e+02 8.703627706589999922e-28
1.590000000000000000e+02 1.330450593599999892e-28
1.600000000000000000e+02 1.267560425269999899e-28
1.610000000000000000e+02 2.182072980240000121e-28
1.620000000000000000e+02 1.076516169629999985e-28
1.630000000000000000e+02 1.878574496480000090e-28
1.640000000000000000e+02 1.262199030650000030e-28
1.650000000000000000e+02 2.660145381610000013e-28
1.660000000000000000e+02 7.413266009639999901e-28
1.670000000000000000e+02 3.479117260350000070e-28
1.680000000000000000e+02 1.861817270390000071e-28
1.690000000000000000e+02 1.731987805239999908e-28
1.700000000000000000e+02 1.692696415180000081e-28
1.710000000000000000e+02 1.232608475220000109e-28
1.720000000000000000e+02 1.145163187520000062e-28
1.730000000000000000e+02 3.900994134849999833e-27
1.740000000000000000e+02 1.417146542620000086e-27
1.750000000000000000e+02 1.929508758159999986e-28
1.760000000000000000e+02 9.584303224520000406e-26
1.770000000000000000e+02 3.345742874030000000e-28
1.780000000000000000e+02 1.566369190090000017e-26
1.790000000000000000e+02 1.855567114950000073e-28
1.800000000000000000e+02 1.096998172850000041e-28
1.810000000000000000e+02 1.270054649200000003e-28
1.820000000000000000e+02 1.117628781849999921e-28
1.830000000000000000e+02 1.149968272980000003e-27
1.840000000000000000e+02 1.233059723850000063e-28
1.850000000000000000e+02 1.088026169730000075e-27
1.860000000000000000e+02 9.898225993719999286e-28
1.870000000000000000e+02 7.227874660240000041e-28
1.880000000000000000e+02 1.321508380070000030e-28
1.890000000000000000e+02 1.715897390319999931e-28
1.900000000000000000e+02 2.363405492359999919e-25
1.910000000000000000e+02 7.062264829450000106e-28
1.920000000000000000e+02 5.012255361410000417e-28
1.930000000000000000e+02 1.554260058920000071e-28
1.940000000000000000e+02 9.582624673220000152e-28
1.950000000000000000e+02 4.340983189040000163e-27
1.960000000000000000e+02 1.983816273940000073e-27
1.970000000000000000e+02 8.634988758300000336e-26
1.980000000000000000e+02 3.133246623459999896e-28
1.990000000000000000e+02 1.433332271269999994e-28
2.000000000000000000e+02 4.756954879039999947e-28
2.010000000000000000e+02 4.440630906510000405e-28
2.020000000000000000e+02 1.479380194520000032e-28
2.030000000000000000e+02 1.702965187460000110e-28
2.040000000000000000e+02 4.240029982619999709e-28
2.050000000000000000e+02 3.535314507809999969e-28
2.060000000000000000e+02 1.382679369669999954e-28
2.070000000000000000e+02 2.243923757160000180e-28
2.080000000000000000e+02 1.700213486769999926e-28
2.090000000000000000e+02 1.597897438670000028e-26
2.100000000000000000e+02 1.013731743309999971e-27
2.110000000000000000e+02 2.789929944290000161e-28
2.120000000000000000e+02 6.170047385270000074e-28
2.130000000000000000e+02 1.600271164649999966e-28
2.140000000000000000e+02 2.182959365470000078e-27
2.150000000000000000e+02 1.866157986249999994e-27
2.160000000000000000e+02 5.008175014649999968e-28
2.170000000000000000e+02 1.128838093870000074e-28
2.180000000000000000e+02 1.593244447910000089e-27
2.190000000000000000e+02 1.101731152990000005e-28
2.200000000000000000e+02 1.212330858090000100e-28
2.210000000000000000e+02 1.190570951239999926e-28
2.220000000000000000e+02 2.433543841549999998e-28
2.230000000000000000e+02 1.659061946119999938e-28
2.240000000000000000e+02 1.157994534899999905e-28
2.250000000000000000e+02 1.118049530440000099e-28
2.260000000000000000e+02 2.792562614070000086e-28
2.270000000000000000e+02 1.317150664359999984e-28
2.280000000000000000e+02 2.647358889489999997e-28
2.290000000000000000e+02 1.347882158930000099e-28
2.300000000000000000e+02 3.571464639540000102e-28
2.310000000000000000e+02 1.791150021710000049e-28
2.320000000000000000e+02 3.634536231999999867e-28
2.330000000000000000e+02 2.380234389530000160e-28
2.340000000000000000e+02 2.939823445350000167e-28
2.350000000000000000e+02 4.585663079219999662e-28
2.360000000000000000e+02 1.648005840079999956e-28
2.370000000000000000e+02 1.321897858429999959e-28
2.380000000000000000e+02 1.476062233930000092e-28
2.390000000000000000e+02 1.015567818829999988e-27
2.400000000000000000e+02 1.151769624139999978e-28
2.410000000000000000e+02 1.379541008220000004e-28
2.420000000000000000e+02 1.524693177749999981e-28
2.430000000000000000e+02 1.390161344729999915e-28
2.440000000000000000e+02 1.376006875560000016e-28
2.450000000000000000e+02 5.542053341030000420e-28
2.460000000000000000e+02 9.955382162999999487e-27
2.470000000000000000e+02 1.142095100139999945e-28
2.480000000000000000e+02 9.947598194840000709e-28
2.490000000000000000e+02 1.302584518320000022e-28
2.500000000000000000e+02 1.283852955929999990e-28
2.510000000000000000e+02 2.666910959459999895e-28
2.520000000000000000e+02 1.229349068409999908e-28
2.530000000000000000e+02 8.606688821199999603e-28
2.540000000000000000e+02 1.452567866410000039e-28
2.550000000000000000e+02 1.312824392879999982e-27
2.560000000000000000e+02 1.238312836699999972e-28
2.570000000000000000e+02 1.402531418819999890e-28
2.580000000000000000e+02 3.168642307320000216e-28
2.590000000000000000e+02 7.255713938279999637e-28
2.600000000000000000e+02 1.196757239750000031e-28
2.610000000000000000e+02 1.206630731910000042e-28
2.620000000000000000e+02 1.168126150039999898e-28
2.630000000000000000e+02 1.189657028910000035e-28
2.640000000000000000e+02 3.505294024580000041e-28
2.650000000000000000e+02 1.294851414219999908e-28
2.660000000000000000e+02 1.286798888529999998e-28
2.670000000000000000e+02 1.891642987300000021e-28
2.680000000000000000e+02 1.214750576220000101e-28
2.690000000000000000e+02 3.000634397389999987e-27
2.700000000000000000e+02 2.113878589969999939e-28
2.710000000000000000e+02 1.674521834980000069e-28
2.720000000000000000e+02 9.135056534039999877e-26
2.730000000000000000e+02 1.814924863419999911e-28
2.740000000000000000e+02 1.254865564540000010e-28
2.750000000000000000e+02 1.309631921709999980e-28
2.760000000000000000e+02 2.068456998259999977e-28
2.770000000000000000e+02 1.205580800439999984e-28
2.780000000000000000e+02 1.076479640039999985e-26
2.790000000000000000e+02 1.490426298999999915e-28
2.800000000000000000e+02 1.520759020879999925e-28
2.810000000000000000e+02 1.224221564679999924e-28
2.820000000000000000e+02 7.554817632659999819e-28
2.830000000000000000e+02 1.282531452780000017e-28
2.840000000000000000e+02 1.683080393430000015e-28
2.850000000000000000e+02 1.397943789840000111e-28
2.860000000000000000e+02 1.773825372950000028e-28
2.870000000000000000e+02 1.242171574990000028e-28
2.880000000000000000e+02 1.385105014930000019e-28
2.890000000000000000e+02 1.265368002170000017e-28
2.900000000000000000e+02 3.981724530829999972e-28
2.910000000000000000e+02 1.220856394180000009e-28
2.920000000000000000e+02 1.220902472590000079e-28
2.930000000000000000e+02 1.227391210369999889e-28
2.940000000000000000e+02 1.288952407890000099e-28
2.950000000000000000e+02 1.239716476579999923e-28
2.960000000000000000e+02 1.440057929900000059e-28
2.970000000000000000e+02 2.516893124530000213e-28
2.980000000000000000e+02 1.311757283329999923e-28
2.990000000000000000e+02 1.898544485160000049e-28
3.000000000000000000e+02 1.592351297739999924e-28
3.010000000000000000e+02 1.237212546499999986e-28
3.020000000000000000e+02 1.613278682489999902e-28
3.030000000000000000e+02 1.249272829399999942e-28
3.040000000000000000e+02 1.260958707370000064e-28
3.050000000000000000e+02 1.636115988190000080e-28
3.060000000000000000e+02 1.474106313719999935e-28
3.070000000000000000e+02 1.397057782050000032e-28
3.080000000000000000e+02 1.380741723599999920e-28
3.090000000000000000e+02 3.581049242430000092e-28
3.100000000000000000e+02 1.280900611959999916e-28
3.110000000000000000e+02 1.262192142669999921e-28
3.120000000000000000e+02 1.368100718619999996e-28
3.130000000000000000e+02 2.175702281369999985e-28
3.140000000000000000e+02 1.263369535159999988e-28
3.150000000000000000e+02 1.291672076139999934e-28
3.160000000000000000e+02 1.392728922119999992e-28
3.170000000000000000e+02 1.996691136580000105e-28
3.180000000000000000e+02 1.316571422129999924e-28
3.190000000000000000e+02 1.271348932240000020e-28
3.200000000000000000e+02 1.311910093219999901e-28
3.210000000000000000e+02 2.019430692270000050e-27
3.220000000000000000e+02 1.469215633770000047e-28
3.230000000000000000e+02 1.285007330660000099e-28
3.240000000000000000e+02 2.489532293460000213e-28
3.250000000000000000e+02 1.284124913610000056e-28
3.260000000000000000e+02 1.683880197480000112e-28
3.270000000000000000e+02 1.406749635360000004e-28
3.280000000000000000e+02 1.297515712219999920e-28
3.290000000000000000e+02 1.309126902989999894e-28
3.300000000000000000e+02 1.975097068130000065e-28
3.310000000000000000e+02 1.293967173630000060e-28
3.320000000000000000e+02 1.340260003310000019e-28
3.330000000000000000e+02 1.297265323330000051e-28
3.340000000000000000e+02 1.330968636820000056e-28
3.350000000000000000e+02 1.306468670160000072e-28
3.360000000000000000e+02 1.307163819050000009e-28
3.370000000000000000e+02 1.435062569119999978e-28
3.380000000000000000e+02 1.844781052700000069e-28
3.390000000000000000e+02 1.626354270070000052e-28
3.400000000000000000e+02 4.251259161160000242e-28
3.410000000000000000e+02 1.237849422070000033e-27
3.420000000000000000e+02 1.328044722179999984e-28
3.430000000000000000e+02 4.099914909689999960e-28
3.440000000000000000e+02 1.336692217880000020e-28
3.450000000000000000e+02 1.325692737839999949e-28
3.460000000000000000e+02 1.379060437279999930e-28
3.470000000000000000e+02 1.328658003030000061e-28
3.480000000000000000e+02 1.377745016440000025e-28
3.490000000000000000e+02 1.337713877450000003e-28
3.500000000000000000e+02 1.365175333759999959e-28
3.510000000000000000e+02 1.434388991930000079e-28
3.520000000000000000e+02 1.411150562730000026e-28
3.530000000000000000e+02 1.344916960560000025e-28
3.540000000000000000e+02 1.367020038739999936e-28
3.550000000000000000e+02 1.363608257760000075e-28
3.560000000000000000e+02 1.420494580359999892e-28
3.570000000000000000e+02 1.373883580519999966e-28
3.580000000000000000e+02 9.974152503909999782e-28
3.590000000000000000e+02 1.362912224199999903e-28
3.600000000000000000e+02 1.374064419580000110e-28
3.610000000000000000e+02 1.364359166059999994e-28
3.620000000000000000e+02 1.402500158340000059e-28
3.630000000000000000e+02 1.435999283130000029e-28
3.640000000000000000e+02 1.377296491129999889e-28
3.650000000000000000e+02 1.393936979259999964e-28
3.660000000000000000e+02 1.380919586280000019e-28
3.670000000000000000e+02 1.383503283330000009e-28
3.680000000000000000e+02 1.397024190419999957e-28
3.690000000000000000e+02 1.386860802810000097e-28
3.700000000000000000e+02 1.476860960150000069e-28
3.710000000000000000e+02 1.407750097909999905e-28
3.720000000000000000e+02 1.391065408199999941e-28
3.735000000000000000e+02 1.453462076100000171e-28
3.760000000000000000e+02 1.638513182936666769e-28
3.795000000000000000e+02 1.433310758784999869e-28
3.835000000000000000e+02 1.528887459570000013e-28
3.875000000000000000e+02 6.080096847134999489e-28
3.915000000000000000e+02 1.460966748467499899e-28
3.955000000000000000e+02 1.744329619622500219e-28
3.995000000000000000e+02 1.462807153939999950e-28
4.035000000000000000e+02 1.998191486357499898e-28
4.075000000000000000e+02 1.513169460662499798e-28
4.115000000000000000e+02 1.555857797512499782e-28
4.155000000000000000e+02 1.599547184545000210e-28
4.195000000000000000e+02 4.693864214496250262e-27
4.235000000000000000e+02 1.988495132279999941e-28
4.280000000000000000e+02 1.552967428912000187e-28
4.325000000000000000e+02 1.603241327065000084e-28
4.365000000000000000e+02 1.593430887832499897e-28
4.410000000000000000e+02 1.592412254358000051e-28
4.455000000000000000e+02 1.715563253127499925e-28
4.495000000000000000e+02 1.620993149052500040e-28
4.540000000000000000e+02 1.635668632641999947e-28
4.590000000000000000e+02 1.691214797029999782e-28
4.635000000000000000e+02 1.658997030297499962e-28
4.680000000000000000e+02 1.694846477982000045e-28
4.725000000000000000e+02 1.706368784627499973e-28
4.770000000000000000e+02 1.718085565974000060e-28
4.820000000000000000e+02 1.725292360277999798e-28
4.870000000000000000e+02 1.748132706767999876e-28
4.920000000000000000e+02 1.768090663135999890e-28
4.970000000000000000e+02 1.780845951749999988e-28
5.020000000000000000e+02 1.816524649561999806e-28
5.070000000000000000e+02 1.837750294840000134e-28
5.120000000000000000e+02 2.155013752077999947e-28
5.170000000000000000e+02 1.861419840930000054e-28
5.220000000000000000e+02 1.879446051943999815e-28
5.270000000000000000e+02 2.271707561238000447e-28
5.325000000000000000e+02 1.935081308531666632e-28
5.380000000000000000e+02 1.953523191359999789e-28
5.430000000000000000e+02 1.972256788080000057e-28
5.485000000000000000e+02 1.996103300681667041e-28
5.540000000000000000e+02 2.199635243257999877e-28
5.595000000000000000e+02 6.517510193870000302e-28
5.655000000000000000e+02 2.084341810426666532e-28
5.710000000000000000e+02 2.104313967802000188e-28
5.765000000000000000e+02 2.131800401298333662e-28
5.825000000000000000e+02 2.277199787889999957e-28
5.885000000000000000e+02 2.195318718111666534e-28
5.945000000000000000e+02 2.228996651790000098e-28
6.005000000000000000e+02 2.261653895151666586e-28
6.065000000000000000e+02 2.298791377248333426e-28
6.125000000000000000e+02 2.332238371008333259e-28
6.185000000000000000e+02 2.367953685966666547e-28
6.245000000000000000e+02 2.747793118471666750e-28
6.305000000000000000e+02 2.444040857861666752e-28
6.370000000000000000e+02 2.639527702137142526e-28
6.435000000000000000e+02 2.545832563025000055e-28
6.500000000000000000e+02 2.584838627684285728e-28
6.565000000000000000e+02 2.621140415533333078e-28
6.630000000000000000e+02 2.675414512975714469e-28
6.695000000000000000e+02 2.717852785440000004e-28
6.760000000000000000e+02 2.771693746665714231e-28
6.830000000000000000e+02 3.040043210694285640e-28
6.900000000000000000e+02 2.882942540222857174e-28
6.970000000000000000e+02 2.943170532179999827e-28
7.040000000000000000e+02 3.237152969125714134e-28
7.110000000000000000e+02 3.070008968631428520e-28
7.180000000000000000e+02 3.139746154788571386e-28
7.250000000000000000e+02 4.700878929922856691e-28
7.320000000000000000e+02 3.278241331324285609e-28
7.395000000000000000e+02 3.605417310388749554e-28
7.470000000000000000e+02 3.458173090660000434e-28
7.545000000000000000e+02 2.105170480858624975e-27
7.620000000000000000e+02 3.665633576728571256e-28
7.695000000000000000e+02 7.228348171515000652e-28
7.775000000000000000e+02 3.839748462042499707e-28
7.855000000000000000e+02 2.884124945971125057e-27
7.930000000000000000e+02 8.031888648741428215e-28
8.005000000000000000e+02 3.723806159700750206e-27
8.085000000000000000e+02 1.486552415751250040e-27
8.170000000000000000e+02 4.504079238131110964e-28
8.255000000000000000e+02 5.885360372243750506e-28
8.335000000000000000e+02 4.763208435474999654e-28
8.415000000000000000e+02 4.941029379653750505e-28
8.500000000000000000e+02 8.848844037583555488e-27
8.585000000000000000e+02 5.243631457298750300e-28
8.670000000000000000e+02 5.390762084892223290e-28
8.760000000000000000e+02 5.997755404938888903e-28
8.850000000000000000e+02 5.856711807758888559e-28
8.935000000000000000e+02 6.077014610762499750e-28
9.020000000000000000e+02 6.917802646911111254e-28
9.115000000000000000e+02 6.610386645952000257e-28
9.210000000000000000e+02 6.940177823762221932e-28
9.300000000000000000e+02 4.577397269493999941e-27
9.390000000000000000e+02 7.686579863121111422e-28
9.485000000000000000e+02 8.978534438341998129e-28
9.580000000000000000e+02 9.147681595429999875e-28
9.675000000000000000e+02 8.957528534316999646e-28
9.775000000000000000e+02 2.456227080792200398e-27
9.870000000000000000e+02 4.571793654158444095e-26
9.965000000000000000e+02 1.347087574016999724e-27
1.006500000000000000e+03 1.615069405881400161e-26
1.016500000000000000e+03 1.142515804540499852e-26
1.027000000000000000e+03 4.182402120523282435e-25
1.037500000000000000e+03 2.168852732249280377e-25
1.047500000000000000e+03 4.706866665690480219e-25
1.058000000000000000e+03 1.180845492159781746e-25
1.069000000000000000e+03 1.706671596231000054e-26
1.079500000000000000e+03 3.057485893397840154e-25
1.090000000000000000e+03 9.188888756991182649e-26
1.101000000000000000e+03 3.884362846451090981e-25
1.112000000000000000e+03 2.431236572728454676e-25
1.123000000000000000e+03 2.589192832271758776e-23
1.134500000000000000e+03 6.935987513655599822e-25
1.146000000000000000e+03 3.329044643684403972e-23
1.157500000000000000e+03 1.717325034773013543e-23
1.169000000000000000e+03 1.051003735544544159e-23
1.180500000000000000e+03 3.668653735569489563e-23
1.192500000000000000e+03 2.453362288793036215e-21
1.204500000000000000e+03 7.322345269948966859e-21
1.216500000000000000e+03 1.842328343593868740e-21
1.228500000000000000e+03 4.529258864901888878e-20
1.240500000000000000e+03 5.590724418123423336e-21
1.253000000000000000e+03 5.116495798817328846e-19
1.266000000000000000e+03 4.722456675395877098e-22
1.278500000000000000e+03 3.216299209284407844e-22
1.291000000000000000e+03 2.545566339044838448e-22
1.304000000000000000e+03 2.199892603212990573e-19
1.317000000000000000e+03 1.826339449354581465e-22
1.330000000000000000e+03 8.532466588816230725e-23
1.343500000000000000e+03 5.096922637082285134e-21
1.357000000000000000e+03 1.334667719966895492e-19
1.370500000000000000e+03 8.795112052052799647e-23
1.384500000000000000e+03 2.270670873439935159e-22
1.398500000000000000e+03 1.076257716372086182e-23
1.412500000000000000e+03 7.788385189564714354e-24
1.426500000000000000e+03 1.999273770744251218e-23
1.440500000000000000e+03 4.434997456849699807e-24
1.455000000000000000e+03 8.445777674091173699e-24
1.469500000000000000e+03 9.071039530464159559e-24
1.484000000000000000e+03 2.063855989672394120e-23
1.499000000000000000e+03 5.643816275571994410e-24
1.514000000000000000e+03 2.380336614471670362e-24
1.529000000000000000e+03 1.355131741997464705e-23
1.544500000000000000e+03 7.856945772130117942e-22
1.560000000000000000e+03 6.852895135410506943e-23
1.575500000000000000e+03 4.160934701283430566e-23
1.591500000000000000e+03 1.841784749007602361e-23
1.607500000000000000e+03 7.339088608729420359e-23
1.623500000000000000e+03 2.524974018240675473e-23
1.639500000000000000e+03 1.281501569381294198e-21
1.656000000000000000e+03 2.657708725909009371e-23
1.672500000000000000e+03 1.717510021135606187e-22
1.689000000000000000e+03 1.543799722437130031e-24
1.706000000000000000e+03 3.470735711516754696e-24
1.723000000000000000e+03 2.924716122692396667e-23
1.740500000000000000e+03 6.791474959939503553e-24
1.758000000000000000e+03 2.606135001974229648e-24
1.775500000000000000e+03 8.986474838248273114e-24
1.793500000000000000e+03 1.003001293656387354e-24
1.811500000000000000e+03 2.145350364364282895e-25
1.829500000000000000e+03 7.920353982883599889e-24
1.847500000000000000e+03 2.584486103598743239e-24
1.866000000000000000e+03 1.197327073713015684e-26
1.884500000000000000e+03 8.347186846504220100e-27
1.903000000000000000e+03 5.335053890482157553e-27
1.922000000000000000e+03 3.881678834345066851e-25
1.941500000000000000e+03 4.697315558500001461e-28
1.961000000000000000e+03 1.107189696879263340e-27
1.980500000000000000e+03 4.541356975206499595e-28
2.000500000000000000e+03 4.004623457421950412e-27
2.020500000000000000e+03 1.334665354416270107e-26
2.040500000000000000e+03 5.167758508173000639e-28
2.061000000000000000e+03 2.440263903019038748e-25
2.082000000000000000e+03 1.058617558907762066e-27
2.102500000000000000e+03 1.246468950940240034e-26
2.123500000000000000e+03 3.162973732246473217e-26
2.145000000000000000e+03 6.410710482891989290e-24
2.166500000000000000e+03 1.098912916332695785e-25
2.188000000000000000e+03 7.864984036090491056e-24
2.209500000000000000e+03 1.480912182021448066e-24
2.231500000000000000e+03 2.902339937827341157e-26
2.254000000000000000e+03 4.157315999970055526e-26
2.277000000000000000e+03 5.231610344285433257e-24
2.299500000000000000e+03 2.302262762644211025e-24
2.322500000000000000e+03 1.179488139584545993e-24
2.346000000000000000e+03 1.229395824129426747e-24
2.369000000000000000e+03 9.352864796714446305e-25
2.392500000000000000e+03 3.401384681603254583e-25
2.416500000000000000e+03 4.828266647802647323e-24
2.441000000000000000e+03 3.896980670305902979e-24
2.465500000000000000e+03 6.291025908941253411e-23
2.490000000000000000e+03 8.259355959853245564e-24
2.515000000000000000e+03 9.106989573616875331e-24
2.540000000000000000e+03 7.227842996728098971e-23
2.565500000000000000e+03 1.274762141412820558e-23
2.591500000000000000e+03 4.788627770842063143e-22
2.617500000000000000e+03 1.412006880295672545e-22
2.643500000000000000e+03 1.211652571030440946e-22
2.669500000000000000e+03 2.307801679719857911e-23
2.696000000000000000e+03 4.906031138910263311e-22
2.723000000000000000e+03 9.943175813758150912e-23
2.750500000000000000e+03 4.583604521234336707e-22
2.778000000000000000e+03 4.175455622697509264e-22
2.805500000000000000e+03 2.896100249771252989e-22
2.834000000000000000e+03 5.204529522617663621e-21
2.862500000000000000e+03 1.861782202835611807e-21
2.891000000000000000e+03 2.680960090773312572e-20
2.920000000000000000e+03 7.887021211091955569e-21
2.949000000000000000e+03 2.679356076507534275e-21
2.978500000000000000e+03 7.665606991931741098e-21
3.008500000000000000e+03 1.323600641309306435e-19
3.038500000000000000e+03 1.393942213751020526e-22
3.068500000000000000e+03 1.685461753846482948e-21
3.099000000000000000e+03 7.306906101851457333e-22
3.130000000000000000e+03 6.590305777833174803e-21
3.161500000000000000e+03 1.215152064601740845e-20
3.193500000000000000e+03 5.539800019004728216e-22
3.225500000000000000e+03 1.986740356475176527e-23
3.257500000000000000e+03 7.232934592634555826e-24
3.290000000000000000e+03 3.407444774866165985e-24
3.323000000000000000e+03 3.241395876067426414e-26
3.356000000000000000e+03 1.280241877004796888e-25
3.389500000000000000e+03 2.262462894163852271e-25
3.423500000000000000e+03 5.571521761364735289e-26
3.458000000000000000e+03 1.882768417566741991e-26
3.492500000000000000e+03 3.366021600249364639e-25
3.527000000000000000e+03 5.703960448191223614e-26
3.562500000000000000e+03 8.733920518723378491e-25
3.598500000000000000e+03 2.573745962009091457e-25
3.634500000000000000e+03 1.310321630567058530e-25
3.670500000000000000e+03 2.585346143278201919e-24
3.707000000000000000e+03 3.040612065695366293e-25
3.744500000000000000e+03 1.143511365846045780e-23
3.782000000000000000e+03 1.475309130533300324e-22
3.819500000000000000e+03 9.946314328363789986e-23
3.858000000000000000e+03 4.726343038274343092e-22
3.896500000000000000e+03 8.116893538254263275e-22
3.935000000000000000e+03 2.037111361186149720e-23
3.974500000000000000e+03 2.036923016134972293e-23
4.014500000000000000e+03 2.017070486881882399e-23
4.054500000000000000e+03 1.368097635505609085e-22
4.095000000000000000e+03 9.103783082541536097e-23
4.136000000000000000e+03 3.734424092795872279e-22
4.177500000000000000e+03 1.723678785035930696e-21
4.219500000000000000e+03 2.733177856909525003e-21
4.261500000000000000e+03 6.975443891293710767e-22
4.304000000000000000e+03 3.467160246988810891e-21
4.347000000000000000e+03 9.928642828266937492e-21
4.390500000000000000e+03 1.100453502166799142e-21
4.434500000000000000e+03 2.272266690417708068e-21
4.479000000000000000e+03 5.744784579878787948e-22
4.524000000000000000e+03 5.163807960954434620e-22
4.569000000000000000e+03 6.092135083063849384e-22
4.614500000000000000e+03 2.956424267036977691e-23
4.660500000000000000e+03 1.490521214540176269e-23
4.707000000000000000e+03 1.662713079456704117e-23
4.754500000000000000e+03 3.621378910628532968e-25
4.802000000000000000e+03 2.309102202618957385e-25
4.850000000000000000e+03 1.241636381776204110e-25
4.898500000000000000e+03 1.621763679178137725e-26
4.947500000000000000e+03 5.447272140500950777e-26
4.997000000000000000e+03 1.888696645827112989e-25
5.047000000000000000e+03 2.601724581849503568e-25
5.097500000000000000e+03 3.019713385055215938e-25
5.148000000000000000e+03 1.587155661212647489e-24
5.199500000000000000e+03 3.424266558475162704e-24
5.251500000000000000e+03 1.591796387543166998e-24
5.304000000000000000e+03 1.815833618961738167e-24
5.357500000000000000e+03 1.186559531167371860e-23
5.411000000000000000e+03 1.750040614149174823e-23
5.465000000000000000e+03 1.570242802425315234e-23
5.520000000000000000e+03 2.359851034785529010e-23
5.575000000000000000e+03 1.337859565681246225e-22
5.630500000000000000e+03 7.290223637873664734e-23
5.687000000000000000e+03 4.584016592041741015e-23
5.744000000000000000e+03 1.669528209918248352e-22
5.801500000000000000e+03 5.485879824593308087e-23
5.859500000000000000e+03 2.378803782839018168e-22
5.918000000000000000e+03 2.441845792077885953e-22
5.977000000000000000e+03 8.618522171599254232e-23
6.036500000000000000e+03 8.644559156780301019e-23
6.097000000000000000e+03 1.139601423362651993e-22
6.158000000000000000e+03 5.841377566741616929e-23
6.219500000000000000e+03 5.086825206330452371e-24
6.282000000000000000e+03 3.664836832399628699e-25
6.345000000000000000e+03 4.757286591907988888e-26
6.408500000000000000e+03 4.376879465917608628e-26
6.472500000000000000e+03 9.607937160839945838e-26
6.537000000000000000e+03 2.271155479236542705e-25
6.602500000000000000e+03 5.180933110864337984e-25
6.668500000000000000e+03 1.406379983102257139e-24
6.735000000000000000e+03 6.272256178289831019e-24
6.802500000000000000e+03 6.072476734303396453e-24
6.870500000000000000e+03 4.199471988260594202e-24
6.939000000000000000e+03 1.399671802843158792e-23
7.008500000000000000e+03 2.350110949096615055e-23
7.078500000000000000e+03 6.423055167700770727e-23
7.149500000000000000e+03 7.286103367370552373e-23
7.221000000000000000e+03 9.510467217495898491e-23
7.293000000000000000e+03 7.401057279925233859e-23
7.366000000000000000e+03 6.477147480617366319e-23
7.439500000000000000e+03 5.092088777460352987e-23
7.514000000000000000e+03 1.042137617302533344e-22
7.589500000000000000e+03 4.168934389742740794e-24
7.665500000000000000e+03 3.454806301603098625e-24
7.742000000000000000e+03 2.348966527343046611e-25
7.819500000000000000e+03 3.680389159124507977e-26
7.897500000000000000e+03 3.784592558514347939e-26
7.976500000000000000e+03 5.490564598265000291e-29
8.056500000000000000e+03 1.938905130788077906e-25
8.137000000000000000e+03 5.777623308670982983e-25
8.218000000000000000e+03 8.452266735898707529e-25
8.300000000000000000e+03 3.555133467657973928e-24
8.383500000000000000e+03 1.302639594782403573e-23
8.467500000000000000e+03 2.337467907968386162e-23
8.552000000000000000e+03 4.097239433515859037e-23
8.637500000000000000e+03 9.052995518506212036e-23
8.724000000000000000e+03 2.676612961373983664e-23
8.811000000000000000e+03 2.342754719603650188e-23
8.899000000000000000e+03 2.158889857874567886e-23
8.988000000000000000e+03 4.078262898071829802e-24
9.078000000000000000e+03 2.378059866403706347e-25
9.169000000000000000e+03 7.697750818603248424e-25
9.260500000000000000e+03 9.728867601553809193e-30
9.353000000000000000e+03 8.925631434395590737e-30
9.446500000000000000e+03 8.388172317454787566e-30
9.541000000000000000e+03 7.967932980922839692e-30
9.636500000000000000e+03 7.616848787135728881e-30
9.733000000000000000e+03 7.311469903586911231e-30
9.830000000000000000e+03 7.040012262478347578e-30
9.928000000000000000e+03 6.793066496010602471e-30
9.989000000000000000e+03 6.649796170043913223e-30
