1.000000000000000000e+01 2.312314459329999939e-28
1.100000000000000000e+01 8.462892070260000617e-30
1.200000000000000000e+01 8.173248143260000250e-30
1.300000000000000000e+01 3.794752256509999771e-29
1.400000000000000000e+01 8.167590047620000006e-30
1.500000000000000000e+01 1.046095941780000043e-29
1.600000000000000000e+01 8.165232502960000186e-30
1.700000000000000000e+01 8.130367464860000454e-30
1.800000000000000000e+01 8.275703221369999972e-30
1.900000000000000000e+01 1.056852039570000061e-29
2.000000000000000000e+01 8.234067678579999806e-30
2.100000000000000000e+01 8.368203751079999557e-30
2.200000000000000000e+01 2.589035358589999882e-29
2.300000000000000000e+01 4.885951456309999968e-29
2.400000000000000000e+01 2.587182615139999728e-29
2.500000000000000000e+01 1.146704475720000005e-29
2.600000000000000000e+01 4.145944156910000227e-28
2.700000000000000000e+01 8.868591826080000394e-30
2.800000000000000000e+01 8.804439995419999312e-30
2.900000000000000000e+01 1.017396431619999980e-27
3.000000000000000000e+01 1.933105490930000031e-29
3.100000000000000000e+01 1.619668592909999922e-29
3.200000000000000000e+01 9.066408230870000611e-30
3.300000000000000000e+01 1.093764669899999967e-29
3.400000000000000000e+01 1.365029073310000068e-28
3.500000000000000000e+01 3.420836353629999897e-29
3.600000000000000000e+01 9.840680180320000539e-30
3.700000000000000000e+01 9.188435297329999333e-30
3.800000000000000000e+01 1.175974159380000050e-29
3.900000000000000000e+01 1.643495339159999865e-29
4.000000000000000000e+01 1.565893738949999887e-29
4.100000000000000000e+01 1.488186373620000000e-28
4.200000000000000000e+01 1.432008822679999977e-29
4.300000000000000000e+01 1.121732073999999965e-29
4.400000000000000000e+01 1.153315561910000050e-29
4.500000000000000000e+01 6.815675629700000162e-28
4.600000000000000000e+01 3.019917748760000058e-28
4.700000000000000000e+01 2.293899261600000086e-29
4.800000000000000000e+01 9.592332820939999714e-30
4.900000000000000000e+01 6.491561019429999789e-29
5.000000000000000000e+01 2.996759123719999882e-29
5.100000000000000000e+01 1.251723741479999995e-29
5.200000000000000000e+01 2.424309923700000108e-29
5.300000000000000000e+01 1.347367180450000003e-29
5.400000000000000000e+01 1.567243412909999905e-25
5.500000000000000000e+01 9.765291567430000039e-30
5.600000000000000000e+01 1.260283088560000040e-28
5.700000000000000000e+01 9.255843471110000046e-29
5.800000000000000000e+01 1.676555520429999942e-29
5.900000000000000000e+01 4.610304885259999980e-28
6.000000000000000000e+01 9.532962188430000381e-30
6.100000000000000000e+01 9.508700023939999661e-30
6.200000000000000000e+01 7.331729430479999994e-28
6.300000000000000000e+01 8.192795722420000316e-29
6.400000000000000000e+01 2.015189092510000113e-29
6.500000000000000000e+01 3.215410764649999798e-29
6.600000000000000000e+01 1.413077119499999895e-29
6.700000000000000000e+01 1.074773746789999989e-28
6.800000000000000000e+01 1.177471061739999976e-29
6.900000000000000000e+01 4.115977718540000175e-29
7.000000000000000000e+01 1.060783311099999943e-27
7.100000000000000000e+01 1.039846057179999981e-29
7.200000000000000000e+01 2.315537991500000040e-29
7.300000000000000000e+01 4.923844202679999802e-29
7.400000000000000000e+01 7.922120100149999918e-29
7.500000000000000000e+01 1.016956968209999936e-29
7.600000000000000000e+01 1.029554028479999981e-27
7.700000000000000000e+01 1.279221409990000114e-29
7.800000000000000000e+01 1.174798238379999969e-29
7.900000000000000000e+01 1.870356603700000066e-28
8.000000000000000000e+01 3.051261396189999982e-29
8.100000000000000000e+01 1.835437528359999980e-27
8.200000000000000000e+01 2.662738881099999828e-29
8.300000000000000000e+01 1.818406958960000084e-29
8.400000000000000000e+01 3.234501764220000238e-29
8.500000000000000000e+01 4.282103496559999990e-29
8.600000000000000000e+01 1.156968479419999980e-29
8.700000000000000000e+01 1.276317929040000120e-29
8.800000000000000000e+01 1.380471910060000023e-29
8.900000000000000000e+01 5.138089565330000269e-29
9.000000000000000000e+01 3.840717157470000079e-29
9.100000000000000000e+01 1.573978879439999863e-29
9.200000000000000000e+01 1.370006984579999890e-29
9.300000000000000000e+01 1.776368866530000096e-28
9.400000000000000000e+01 2.209182524350000003e-27
9.500000000000000000e+01 5.121477284169999629e-29
9.600000000000000000e+01 1.466398415349999914e-29
9.700000000000000000e+01 2.432632265090000100e-29
9.800000000000000000e+01 7.345514812750000546e-27
9.900000000000000000e+01 2.600889224809999911e-28
1.000000000000000000e+02 8.535377006219999745e-27
1.010000000000000000e+02 2.501255273139999952e-29
1.020000000000000000e+02 1.201140005539999952e-29
1.030000000000000000e+02 1.685556823219999928e-29
1.040000000000000000e+02 1.772191106540000098e-26
1.050000000000000000e+02 3.110860120639999997e-29
1.060000000000000000e+02 1.145440546530000013e-29
1.070000000000000000e+02 1.714389178379999944e-29
1.080000000000000000e+02 1.672409756259999899e-29
1.090000000000000000e+02 1.509181345720000027e-29
1.100000000000000000e+02 3.416720886679999851e-29
1.110000000000000000e+02 2.019479885329999903e-29
1.120000000000000000e+02 1.754099431460000129e-29
1.130000000000000000e+02 5.164078762950000336e-28
1.140000000000000000e+02 3.122007169599999738e-29
1.150000000000000000e+02 2.465272423209999917e-27
1.160000000000000000e+02 1.354643141129999942e-29
1.170000000000000000e+02 5.482496363420000345e-29
1.180000000000000000e+02 1.228567524179999989e-28
1.190000000000000000e+02 4.942956735789999800e-27
1.200000000000000000e+02 1.141958952590000050e-29
1.210000000000000000e+02 1.137820538639999950e-29
1.220000000000000000e+02 4.532994600240000158e-29
1.230000000000000000e+02 1.975188901409999883e-29
1.240000000000000000e+02 9.249806809200000504e-29
1.250000000000000000e+02 1.236195484339999949e-27
1.260000000000000000e+02 6.092654888469999698e-29
1.270000000000000000e+02 6.914948821140000101e-29
1.280000000000000000e+02 1.105455877579999968e-29
1.290000000000000000e+02 1.348862445400000008e-29
1.300000000000000000e+02 1.092157753150000009e-29
1.310000000000000000e+02 1.333717762199999947e-29
1.320000000000000000e+02 1.492118052890000061e-29
1.330000000000000000e+02 1.258184150999999982e-29
1.340000000000000000e+02 1.439726252270000116e-29
1.350000000000000000e+02 1.063434806770000067e-27
1.360000000000000000e+02 1.427809679890000066e-28
1.370000000000000000e+02 1.076798873099999965e-28
1.380000000000000000e+02 2.577942966570000080e-28
1.390000000000000000e+02 2.944796766080000153e-28
1.400000000000000000e+02 1.887314800240000015e-29
1.410000000000000000e+02 1.053237729400000051e-29
1.420000000000000000e+02 1.168930665819999971e-29
1.430000000000000000e+02 1.160927716719999998e-29
1.440000000000000000e+02 1.292730553379999925e-29
1.450000000000000000e+02 1.091943106280000048e-28
1.460000000000000000e+02 8.029495207460000235e-29
1.470000000000000000e+02 1.997888941729999981e-28
1.480000000000000000e+02 2.903186867169999911e-29
1.490000000000000000e+02 4.683593715910000363e-28
1.500000000000000000e+02 1.339580232849999871e-29
1.510000000000000000e+02 1.224794440539999964e-28
1.520000000000000000e+02 2.784573264919999737e-29
1.530000000000000000e+02 2.785226618039999862e-26
1.540000000000000000e+02 1.804289021489999885e-29
1.550000000000000000e+02 1.359923195490000024e-28
1.560000000000000000e+02 1.821376442340000073e-28
1.570000000000000000e+02 3.313757972680000253e-29
1.580000000000000000e+02 8.703692273739999460e-29
1.590000000000000000e+02 1.330506616139999971e-29
1.600000000000000000e+02 1.267730286170000041e-29
1.610000000000000000e+02 2.182077170359999896e-29
1.620000000000000000e+02 1.079136690820000002e-29
1.630000000000000000e+02 1.890281636090000138e-29
1.640000000000000000e+02 1.262199448979999911e-29
1.650000000000000000e+02 2.660167730059999919e-29
1.660000000000000000e+02 7.413272100850000540e-29
1.670000000000000000e+02 3.479125335659999997e-29
1.680000000000000000e+02 1.861839984040000021e-29
1.690000000000000000e+02 5.463396799169999881e-29
1.700000000000000000e+02 1.692723325790000046e-29
1.710000000000000000e+02 1.243567633979999977e-29
1.720000000000000000e+02 1.145163552060000021e-29
1.730000000000000000e+02 3.901310220189999972e-28
1.740000000000000000e+02 1.425822614159999943e-28
1.750000000000000000e+02 1.929510248989999960e-29
1.760000000000000000e+02 9.584815649960000543e-27
1.770000000000000000e+02 4.387477055950000036e-29
1.780000000000000000e+02 1.567401600310000028e-27
1.790000000000000000e+02 1.855578256080000019e-29
1.800000000000000000e+02 1.096998387330000005e-29
1.810000000000000000e+02 1.270055074219999979e-29
1.820000000000000000e+02 1.117635430819999970e-29
1.830000000000000000e+02 1.149969488220000090e-28
1.840000000000000000e+02 1.233066007600000006e-29
1.850000000000000000e+02 1.092093444199999955e-28
1.860000000000000000e+02 9.898237605269999734e-29
1.870000000000000000e+02 7.229814712269999499e-29
1.880000000000000000e+02 1.321509364249999997e-29
1.890000000000000000e+02 1.715957249370000049e-29
1.900000000000000000e+02 2.612722795630000103e-25
1.910000000000000000e+02 7.991904112940000272e-29
1.920000000000000000e+02 5.012258244790000169e-29
1.930000000000000000e+02 1.554274649230000124e-29
1.940000000000000000e+02 9.582847093510000229e-29
1.950000000000000000e+02 4.341094405189999824e-28
1.960000000000000000e+02 1.983930105389999971e-28
1.970000000000000000e+02 8.635516794199999942e-27
1.980000000000000000e+02 3.133345051099999887e-29
1.990000000000000000e+02 1.433336821370000091e-29
2.000000000000000000e+02 3.721342491860000021e-28
2.010000000000000000e+02 4.440650181790000278e-29
2.020000000000000000e+02 1.479381739709999996e-29
2.030000000000000000e+02 1.702977931950000100e-29
2.040000000000000000e+02 4.240040342730000101e-29
2.050000000000000000e+02 3.535341535229999805e-29
2.060000000000000000e+02 1.382680127069999916e-29
2.070000000000000000e+02 2.244025115840000038e-29
2.080000000000000000e+02 1.700298142259999903e-29
2.090000000000000000e+02 1.608772838409999930e-27
2.100000000000000000e+02 1.021327711520000027e-28
2.110000000000000000e+02 2.790818409640000012e-29
2.120000000000000000e+02 4.953380090969999607e-28
2.130000000000000000e+02 1.600271200269999900e-29
2.140000000000000000e+02 2.184716134180000018e-28
2.150000000000000000e+02 1.897825979880000000e-28
2.160000000000000000e+02 5.008182055719999855e-29
2.170000000000000000e+02 1.128838138390000046e-29
2.180000000000000000e+02 1.593509468519999993e-28
2.190000000000000000e+02 1.101731161259999992e-29
2.200000000000000000e+02 1.212396651660000025e-29
2.210000000000000000e+02 1.190574522400000036e-29
2.220000000000000000e+02 2.730543250110000116e-29
2.230000000000000000e+02 1.659174422120000053e-29
2.240000000000000000e+02 1.158017305610000062e-29
2.250000000000000000e+02 1.118049749029999995e-29
2.260000000000000000e+02 5.958426051909999553e-29
2.270000000000000000e+02 1.317157544899999892e-29
2.280000000000000000e+02 2.647378439620000192e-29
2.290000000000000000e+02 1.347886361889999892e-29
2.300000000000000000e+02 3.571482723260000256e-29
2.310000000000000000e+02 1.791555936689999975e-29
2.320000000000000000e+02 2.133513602599999910e-28
2.330000000000000000e+02 2.380236691460000055e-29
2.340000000000000000e+02 2.939845739309999775e-29
2.350000000000000000e+02 5.792599343230000513e-29
2.360000000000000000e+02 1.648159942139999904e-29
2.370000000000000000e+02 1.321918393089999860e-29
2.380000000000000000e+02 1.476100340920000016e-29
2.390000000000000000e+02 1.015590549400000106e-28
2.400000000000000000e+02 1.151770278039999935e-29
2.410000000000000000e+02 1.379543720289999866e-29
2.420000000000000000e+02 1.603392203679999947e-29
2.430000000000000000e+02 1.394077342810000021e-29
2.440000000000000000e+02 1.376009359539999870e-29
2.450000000000000000e+02 4.746577165749999719e-28
2.460000000000000000e+02 8.412302680649999933e-27
2.470000000000000000e+02 1.142096001029999944e-29
2.480000000000000000e+02 9.947950568720000144e-29
2.490000000000000000e+02 1.302585386159999883e-29
2.500000000000000000e+02 1.289896295790000104e-29
2.510000000000000000e+02 2.666913205939999846e-29
2.520000000000000000e+02 1.292712853499999906e-29
2.530000000000000000e+02 8.609820514740000528e-29
2.540000000000000000e+02 1.452597695340000104e-29
2.550000000000000000e+02 1.308478564229999997e-27
2.560000000000000000e+02 1.238340360340000036e-29
2.570000000000000000e+02 1.402758187700000006e-29
2.580000000000000000e+02 3.168675609639999995e-29
2.590000000000000000e+02 7.258662726599999942e-29
2.600000000000000000e+02 1.196757249459999964e-29
2.610000000000000000e+02 1.206630834569999949e-29
2.620000000000000000e+02 1.168126155939999935e-29
2.630000000000000000e+02 1.189657154289999985e-29
2.640000000000000000e+02 1.743761797309999902e-28
2.650000000000000000e+02 1.294852253730000116e-29
2.660000000000000000e+02 1.286799846529999877e-29
2.670000000000000000e+02 1.891647650739999970e-29
2.680000000000000000e+02 1.214751963769999950e-29
2.690000000000000000e+02 3.001084718950000130e-28
2.700000000000000000e+02 2.113880923779999971e-29
2.710000000000000000e+02 1.674522294180000005e-29
2.720000000000000000e+02 8.944610219970000503e-26
2.730000000000000000e+02 1.814937321090000028e-29
2.740000000000000000e+02 1.297931609960000100e-29
2.750000000000000000e+02 1.309634712089999887e-29
2.760000000000000000e+02 2.068473428470000107e-29
2.770000000000000000e+02 1.205580918159999966e-29
2.780000000000000000e+02 1.102624952690000063e-26
2.790000000000000000e+02 1.533541250689999925e-29
2.800000000000000000e+02 1.520764757910000034e-29
2.810000000000000000e+02 1.224222422249999956e-29
2.820000000000000000e+02 6.536374604870000379e-28
2.830000000000000000e+02 1.282532420790000034e-29
2.840000000000000000e+02 1.683098104059999883e-29
2.850000000000000000e+02 1.397953820999999968e-29
2.860000000000000000e+02 1.773877167520000085e-29
2.870000000000000000e+02 1.242171794769999984e-29
2.880000000000000000e+02 1.385105782470000089e-29
2.890000000000000000e+02 1.265369090569999946e-29
2.900000000000000000e+02 3.983106942079999872e-29
2.910000000000000000e+02 1.221542970150000053e-29
2.920000000000000000e+02 1.220902667909999954e-29
2.930000000000000000e+02 1.227391345960000019e-29
2.940000000000000000e+02 1.288955460160000004e-29
2.950000000000000000e+02 1.239716494230000052e-29
2.960000000000000000e+02 1.440058754239999915e-29
2.970000000000000000e+02 2.517905718729999935e-29
2.980000000000000000e+02 1.311774609969999904e-29
2.990000000000000000e+02 4.172589120579999986e-29
3.000000000000000000e+02 1.592389677300000127e-29
3.010000000000000000e+02 1.237212573160000009e-29
3.020000000000000000e+02 1.613282742250000084e-29
3.030000000000000000e+02 1.249272848999999986e-29
3.040000000000000000e+02 1.260958710250000067e-29
3.050000000000000000e+02 1.636140170189999985e-29
3.060000000000000000e+02 3.387546331730000089e-29
3.070000000000000000e+02 1.397058304950000007e-29
3.080000000000000000e+02 1.380741821439999966e-29
3.090000000000000000e+02 2.492472055709999806e-28
3.100000000000000000e+02 1.304163379329999979e-29
3.110000000000000000e+02 1.262192596359999904e-29
3.120000000000000000e+02 2.333724702669999894e-29
3.130000000000000000e+02 8.686528854400000475e-29
3.140000000000000000e+02 1.263369561680000092e-29
3.150000000000000000e+02 1.324979744599999996e-29
3.160000000000000000e+02 1.392730765710000079e-29
3.170000000000000000e+02 2.057726782500000039e-29
3.180000000000000000e+02 1.320156318070000006e-29
3.190000000000000000e+02 1.271385328589999895e-29
3.200000000000000000e+02 1.311910833239999931e-29
3.210000000000000000e+02 2.009284302509999884e-27
3.220000000000000000e+02 1.469229917320000138e-29
3.230000000000000000e+02 1.285008670879999876e-29
3.240000000000000000e+02 2.489602522100000075e-29
3.250000000000000000e+02 1.284125046750000024e-29
3.260000000000000000e+02 1.688044638870000014e-29
3.270000000000000000e+02 1.406844467029999897e-29
3.280000000000000000e+02 1.297515715439999997e-29
3.290000000000000000e+02 1.309127697399999976e-29
3.300000000000000000e+02 1.975120168420000080e-29
3.310000000000000000e+02 1.293967212960000120e-29
3.320000000000000000e+02 1.684015371659999930e-29
3.330000000000000000e+02 1.297265343610000045e-29
3.340000000000000000e+02 1.330969177439999922e-29
3.350000000000000000e+02 1.306468739020000100e-29
3.360000000000000000e+02 1.307163890250000093e-29
3.370000000000000000e+02 1.435102474899999928e-29
3.380000000000000000e+02 1.895931425919999930e-29
3.390000000000000000e+02 1.626404881149999998e-29
3.400000000000000000e+02 3.020369053850000062e-28
3.410000000000000000e+02 1.012837898379999991e-27
3.420000000000000000e+02 1.328046698969999883e-29
3.430000000000000000e+02 3.022137698269999928e-28
3.440000000000000000e+02 1.336699854320000070e-29
3.450000000000000000e+02 1.325692774320000012e-29
3.460000000000000000e+02 1.379062188470000077e-29
3.470000000000000000e+02 1.328658004329999893e-29
3.480000000000000000e+02 1.377750239009999958e-29
3.490000000000000000e+02 1.337713882699999957e-29
3.500000000000000000e+02 1.365175395120000054e-29
3.510000000000000000e+02 1.434391220750000095e-29
3.520000000000000000e+02 1.411165750950000061e-29
3.530000000000000000e+02 1.344916961459999882e-29
3.540000000000000000e+02 1.533850756150000138e-29
3.550000000000000000e+02 1.367589860179999944e-29
3.560000000000000000e+02 1.420495958619999956e-29
3.570000000000000000e+02 1.375649924740000030e-29
3.580000000000000000e+02 9.974804647770000175e-29
3.590000000000000000e+02 1.362912336770000094e-29
3.600000000000000000e+02 1.374064499890000025e-29
3.610000000000000000e+02 1.364359248650000064e-29
3.620000000000000000e+02 1.402500943430000096e-29
3.630000000000000000e+02 1.780629061460000119e-29
3.640000000000000000e+02 1.377307868899999945e-29
3.650000000000000000e+02 1.393937126640000138e-29
3.660000000000000000e+02 1.380919590140000009e-29
3.670000000000000000e+02 1.383503890170000120e-29
3.680000000000000000e+02 1.397024327610000067e-29
3.690000000000000000e+02 1.386860810010000077e-29
3.700000000000000000e+02 1.476863286540000073e-29
3.710000000000000000e+02 1.407751173159999862e-29
3.720000000000000000e+02 1.391065442139999905e-29
3.735000000000000000e+02 1.547277231584999998e-29
3.760000000000000000e+02 2.225133276753333700e-29
3.795000000000000000e+02 1.453935534852500040e-29
3.835000000000000000e+02 1.749602592252500179e-29
3.875000000000000000e+02 4.754677866306000107e-28
3.915000000000000000e+02 1.460966997857500065e-29
3.955000000000000000e+02 1.850541710452499785e-29
3.995000000000000000e+02 1.462807157405000192e-29
4.035000000000000000e+02 2.086181866992499924e-29
4.075000000000000000e+02 1.595354971682499938e-29
4.115000000000000000e+02 1.880511817884999950e-29
4.155000000000000000e+02 1.614754537322500066e-29
4.195000000000000000e+02 4.646465057259624859e-27
4.235000000000000000e+02 2.799913520425000333e-29
4.280000000000000000e+02 1.553042012874000181e-29
4.325000000000000000e+02 1.966764091130000059e-29
4.365000000000000000e+02 1.740307660092500196e-29
4.410000000000000000e+02 1.592412472263999906e-29
4.455000000000000000e+02 2.432966522294999965e-29
4.495000000000000000e+02 1.620993764159999941e-29
4.540000000000000000e+02 1.635668752646000202e-29
4.590000000000000000e+02 1.734327905537999972e-29
4.635000000000000000e+02 1.659374616587500142e-29
4.680000000000000000e+02 1.710966262103999858e-29
4.725000000000000000e+02 1.706544016659999888e-29
4.770000000000000000e+02 1.718421714775999799e-29
4.820000000000000000e+02 1.725292461057999693e-29
4.870000000000000000e+02 1.748133044312000334e-29
4.920000000000000000e+02 1.809266151828000071e-29
4.970000000000000000e+02 1.781206053259999937e-29
5.020000000000000000e+02 1.877983563794000058e-29
5.070000000000000000e+02 1.838393384864000204e-29
5.120000000000000000e+02 4.848554476896000374e-29
5.170000000000000000e+02 1.861420094556000089e-29
5.220000000000000000e+02 1.879446668737999860e-29
5.270000000000000000e+02 5.265320083621999972e-29
5.325000000000000000e+02 1.935081656761666554e-29
5.380000000000000000e+02 1.958267817227999893e-29
5.430000000000000000e+02 1.985180713244000299e-29
5.485000000000000000e+02 1.998437442134999887e-29
5.540000000000000000e+02 3.611985113478000158e-29
5.595000000000000000e+02 4.846790296988666616e-28
5.655000000000000000e+02 2.084342519918333701e-29
5.710000000000000000e+02 2.104313977962000134e-29
5.765000000000000000e+02 2.131800402643333503e-29
5.825000000000000000e+02 3.315972775521666812e-29
5.885000000000000000e+02 2.195318724193333258e-29
5.945000000000000000e+02 2.228999046775000073e-29
6.005000000000000000e+02 2.261654276908333032e-29
6.065000000000000000e+02 2.321927648054999996e-29
6.125000000000000000e+02 2.332246942033333080e-29
6.185000000000000000e+02 2.367953693206666816e-29
6.245000000000000000e+02 5.942394932749999206e-29
6.305000000000000000e+02 2.444040859923333059e-29
6.370000000000000000e+02 4.014939687444285919e-29
6.435000000000000000e+02 2.545834035273333136e-29
6.500000000000000000e+02 2.584839647595714248e-29
6.565000000000000000e+02 2.621140416144999745e-29
6.630000000000000000e+02 2.675419880341428571e-29
6.695000000000000000e+02 2.717852785868333337e-29
6.760000000000000000e+02 2.771693789160000255e-29
6.830000000000000000e+02 4.438590713928571431e-29
6.900000000000000000e+02 2.882942540465714641e-29
6.970000000000000000e+02 2.943170532845714688e-29
7.040000000000000000e+02 3.998265815457142628e-29
7.110000000000000000e+02 3.070008969054285802e-29
7.180000000000000000e+02 3.139746220161429087e-29
7.250000000000000000e+02 1.718226320147571436e-28
7.320000000000000000e+02 3.278241332309999867e-29
7.395000000000000000e+02 5.069715930634999510e-29
7.470000000000000000e+02 3.458173424992857302e-29
7.545000000000000000e+02 1.837887522061737623e-27
7.620000000000000000e+02 3.665637925890000238e-29
7.695000000000000000e+02 3.678878228125374866e-28
7.775000000000000000e+02 3.839748682076250208e-29
7.855000000000000000e+02 2.602526047190649914e-27
7.930000000000000000e+02 4.252338792488142872e-28
8.005000000000000000e+02 3.150097169177324885e-27
8.085000000000000000e+02 1.082137383663087619e-27
8.170000000000000000e+02 4.504081027920000513e-29
8.255000000000000000e+02 8.086307652148748973e-29
8.335000000000000000e+02 4.763210172747499747e-29
8.415000000000000000e+02 4.941031971273749768e-29
8.500000000000000000e+02 8.586848651801923314e-27
8.585000000000000000e+02 5.243631841607500241e-29
8.670000000000000000e+02 5.390762089978888287e-29
8.760000000000000000e+02 9.132915689824444520e-29
8.850000000000000000e+02 5.856711885913333376e-29
8.935000000000000000e+02 6.077014903398750552e-29
9.020000000000000000e+02 8.802760305802223698e-29
9.115000000000000000e+02 6.610386647934000392e-29
9.210000000000000000e+02 6.940177988684443690e-29
9.300000000000000000e+02 3.984726645471288785e-27
9.390000000000000000e+02 7.715361781273332698e-29
9.485000000000000000e+02 1.018369136143600172e-28
9.580000000000000000e+02 9.147686182436666887e-29
9.675000000000000000e+02 8.957528602516998411e-29
9.775000000000000000e+02 6.758928385790501429e-28
9.870000000000000000e+02 4.099405899542644851e-26
9.965000000000000000e+02 1.347406814060000039e-28
1.006500000000000000e+03 1.485824202009639915e-26
1.016500000000000000e+03 1.038549624953620150e-26
1.027000000000000000e+03 4.190111190101694658e-25
1.037500000000000000e+03 2.059088850510010669e-25
1.047500000000000000e+03 4.742163605219649439e-25
1.058000000000000000e+03 1.001471170325361978e-25
1.069000000000000000e+03 5.993941641714092278e-27
1.079500000000000000e+03 3.058327556617096217e-25
1.090000000000000000e+03 5.776103791833473387e-26
1.101000000000000000e+03 2.679126333077076179e-25
1.112000000000000000e+03 1.793116294465763344e-25
1.123000000000000000e+03 2.578817874891527376e-23
1.134500000000000000e+03 4.459885035565867423e-25
1.146000000000000000e+03 3.131400330156053962e-23
1.157500000000000000e+03 1.499489302658985055e-23
1.169000000000000000e+03 7.706831025238814101e-24
1.180500000000000000e+03 3.576208395450761428e-23
1.192500000000000000e+03 2.497133313100222453e-21
1.204500000000000000e+03 7.382341908837052937e-21
1.216500000000000000e+03 1.573204431370907984e-21
1.228500000000000000e+03 4.590611050229488223e-20
1.240500000000000000e+03 4.046553476010748590e-21
1.253000000000000000e+03 5.232491979695594231e-19
1.266000000000000000e+03 3.783964094360536335e-22
1.278500000000000000e+03 3.917161061430324929e-23
1.291000000000000000e+03 1.898295969943630832e-22
1.304000000000000000e+03 2.167999815583544020e-19
1.317000000000000000e+03 1.664351677740538466e-22
1.330000000000000000e+03 2.276797900611246308e-23
1.343500000000000000e+03 5.023865093220083395e-21
1.357000000000000000e+03 1.351253702163864884e-19
1.370500000000000000e+03 3.108482939587295857e-23
1.384500000000000000e+03 2.072049841631692201e-22
1.398500000000000000e+03 9.726866212356569121e-24
1.412500000000000000e+03 6.617996410243221521e-24
1.426500000000000000e+03 1.964698316577944715e-23
1.440500000000000000e+03 2.852414455251973928e-24
1.455000000000000000e+03 4.890445306609950260e-24
1.469500000000000000e+03 4.105895981992939103e-24
1.484000000000000000e+03 2.052716882424226086e-23
1.499000000000000000e+03 5.104575223725193967e-24
1.514000000000000000e+03 1.998846216598187273e-24
1.529000000000000000e+03 1.233105176758098194e-23
1.544500000000000000e+03 7.978172710417584797e-22
1.560000000000000000e+03 6.306461528730935795e-23
1.575500000000000000e+03 3.636955399962638329e-23
1.591500000000000000e+03 1.601655110058711664e-23
1.607500000000000000e+03 7.420377254182768828e-23
1.623500000000000000e+03 2.355722401325194828e-23
1.639500000000000000e+03 1.286948029074166140e-21
1.656000000000000000e+03 2.692605049265526275e-23
1.672500000000000000e+03 1.737548380660265140e-22
1.689000000000000000e+03 1.240180147346930918e-24
1.706000000000000000e+03 3.343981754915193227e-24
1.723000000000000000e+03 2.932446709590149708e-23
1.740500000000000000e+03 6.796222066153765056e-24
1.758000000000000000e+03 2.544164595632341602e-24
1.775500000000000000e+03 8.916502614146374200e-24
1.793500000000000000e+03 4.953364461384126335e-25
1.811500000000000000e+03 1.541197976198717248e-25
1.829500000000000000e+03 7.263022619547911303e-24
1.847500000000000000e+03 2.537172541697463667e-24
1.866000000000000000e+03 7.383061190989489412e-27
1.884500000000000000e+03 5.834178314192611582e-27
1.903000000000000000e+03 4.575781516707336375e-27
1.922000000000000000e+03 3.923722631228089509e-25
1.941500000000000000e+03 6.520931633193001149e-29
1.961000000000000000e+03 6.956703315637263945e-28
1.980500000000000000e+03 6.921515091060500261e-29
2.000500000000000000e+03 3.664943491401638684e-27
2.020500000000000000e+03 1.297287360806328966e-26
2.040500000000000000e+03 9.241772279584997739e-29
2.061000000000000000e+03 2.446474387476628598e-25
2.082000000000000000e+03 5.668200655981760774e-28
2.102500000000000000e+03 4.686335927006405219e-27
2.123500000000000000e+03 2.952943426072693478e-26
2.145000000000000000e+03 6.413216567881329584e-24
2.166500000000000000e+03 1.084339645142990163e-25
2.188000000000000000e+03 7.896053299119791318e-24
2.209500000000000000e+03 1.416824397870149010e-24
2.231500000000000000e+03 2.237588320460935328e-26
2.254000000000000000e+03 1.539826775136084987e-26
2.277000000000000000e+03 5.211544265788808702e-24
2.299500000000000000e+03 2.175490605853260037e-24
2.322500000000000000e+03 1.022588094045885276e-24
2.346000000000000000e+03 1.200292933200313877e-24
2.369000000000000000e+03 9.185318147661006679e-25
2.392500000000000000e+03 2.886256574383462245e-25
2.416500000000000000e+03 4.760980303798105466e-24
2.441000000000000000e+03 3.847352805319466860e-24
2.465500000000000000e+03 6.298126587511838853e-23
2.490000000000000000e+03 7.750029101538725070e-24
2.515000000000000000e+03 8.502179679150143532e-24
2.540000000000000000e+03 7.250779458518020022e-23
2.565500000000000000e+03 1.152783206728414351e-23
2.591500000000000000e+03 4.775953464667892296e-22
2.617500000000000000e+03 1.381965242495546575e-22
2.643500000000000000e+03 1.196432495924801039e-22
2.669500000000000000e+03 2.261420755328284758e-23
2.696000000000000000e+03 4.939915087468903134e-22
2.723000000000000000e+03 9.844810283710914201e-23
2.750500000000000000e+03 4.583448905739106820e-22
2.778000000000000000e+03 4.178130807381877655e-22
2.805500000000000000e+03 2.873384467059404318e-22
2.834000000000000000e+03 5.254125077673533221e-21
2.862500000000000000e+03 1.844331190402684585e-21
2.891000000000000000e+03 2.679454072846518379e-20
2.920000000000000000e+03 7.885233647408141557e-21
2.949000000000000000e+03 2.416490996285166158e-21
2.978500000000000000e+03 6.655168283633165413e-21
3.008500000000000000e+03 1.321698712382051464e-19
3.038500000000000000e+03 1.323046495231708814e-22
3.068500000000000000e+03 1.665077363453997482e-21
3.099000000000000000e+03 5.679146379535783936e-22
3.130000000000000000e+03 6.433084069475883407e-21
3.161500000000000000e+03 1.219788268506655870e-20
3.193500000000000000e+03 5.509081015266090499e-22
3.225500000000000000e+03 1.994573272227479914e-23
3.257500000000000000e+03 7.255421277643809720e-24
3.290000000000000000e+03 3.415869295932177629e-24
3.323000000000000000e+03 2.871253934779264779e-26
3.356000000000000000e+03 1.238910389926104791e-25
3.389500000000000000e+03 2.254704037201367065e-25
3.423500000000000000e+03 5.388281110321847988e-26
3.458000000000000000e+03 1.711673301158333612e-26
3.492500000000000000e+03 3.329244633050423595e-25
3.527000000000000000e+03 5.331346383891741313e-26
3.562500000000000000e+03 8.746942797163889593e-25
3.598500000000000000e+03 2.558027093473783686e-25
3.634500000000000000e+03 1.286980219863663924e-25
3.670500000000000000e+03 2.594237191097257556e-24
3.707000000000000000e+03 2.942674861558926450e-25
3.744500000000000000e+03 1.148063555371653503e-23
3.782000000000000000e+03 1.481059236794211259e-22
3.819500000000000000e+03 9.910723268495924768e-23
3.858000000000000000e+03 4.736609767202059125e-22
3.896500000000000000e+03 8.137035368280048549e-22
3.935000000000000000e+03 2.028733577725958965e-23
3.974500000000000000e+03 2.024812920723634266e-23
4.014500000000000000e+03 2.005543174762275369e-23
4.054500000000000000e+03 1.372231425300816028e-22
4.095000000000000000e+03 9.012743961660240203e-23
4.136000000000000000e+03 3.699734790083293847e-22
4.177500000000000000e+03 1.728144697820687486e-21
4.219500000000000000e+03 2.719239962654721165e-21
4.261500000000000000e+03 6.876201598372527672e-22
4.304000000000000000e+03 3.468833213982823729e-21
4.347000000000000000e+03 9.990345959214048062e-21
4.390500000000000000e+03 1.097846818951329983e-21
4.434500000000000000e+03 2.270441826301401117e-21
4.479000000000000000e+03 5.722491394582472980e-22
4.524000000000000000e+03 5.173656851509663033e-22
4.569000000000000000e+03 6.116473910599120952e-22
4.614500000000000000e+03 2.894180565189651342e-23
4.660500000000000000e+03 1.461146618567686162e-23
4.707000000000000000e+03 1.664016983981205936e-23
4.754500000000000000e+03 3.618615602918958598e-25
4.802000000000000000e+03 2.306672827293145135e-25
4.850000000000000000e+03 1.243691224172326535e-25
4.898500000000000000e+03 1.553173616577552098e-26
4.947500000000000000e+03 5.424848573534447582e-26
4.997000000000000000e+03 1.879300144897928156e-25
5.047000000000000000e+03 2.596392608629230453e-25
5.097500000000000000e+03 3.000199257730797437e-25
5.148000000000000000e+03 1.589199739686199192e-24
5.199500000000000000e+03 3.411008048852346315e-24
5.251500000000000000e+03 1.575986230473840621e-24
5.304000000000000000e+03 1.815931853267454533e-24
5.357500000000000000e+03 1.186120441598996826e-23
5.411000000000000000e+03 1.748377512810677647e-23
5.465000000000000000e+03 1.563698325424737016e-23
5.520000000000000000e+03 2.342871071743608410e-23
5.575000000000000000e+03 1.334637327218537180e-22
5.630500000000000000e+03 7.262967553474265608e-23
5.687000000000000000e+03 4.588810789175070690e-23
5.744000000000000000e+03 1.672739372397883153e-22
5.801500000000000000e+03 5.441833576796093358e-23
5.859500000000000000e+03 2.375184042527279881e-22
5.918000000000000000e+03 2.446381460559005801e-22
5.977000000000000000e+03 8.606729027838979448e-23
6.036500000000000000e+03 8.580542330111940420e-23
6.097000000000000000e+03 1.129509918437258519e-22
6.158000000000000000e+03 5.838415763300957999e-23
6.219500000000000000e+03 5.091515998961705906e-24
6.282000000000000000e+03 3.666565580494323050e-25
6.345000000000000000e+03 4.752534366681953714e-26
6.408500000000000000e+03 4.358432376785007116e-26
6.472500000000000000e+03 9.618304469644262632e-26
6.537000000000000000e+03 2.269554384000295795e-25
6.602500000000000000e+03 5.178969366506393280e-25
6.668500000000000000e+03 1.408974724156091136e-24
6.735000000000000000e+03 6.282618955161709887e-24
6.802500000000000000e+03 6.068347391184031346e-24
6.870500000000000000e+03 4.195863843564623178e-24
6.939000000000000000e+03 1.397222615509168498e-23
7.008500000000000000e+03 2.345489044626050129e-23
7.078500000000000000e+03 6.428213285598828633e-23
7.149500000000000000e+03 7.287266629960434291e-23
7.221000000000000000e+03 9.501907494636030337e-23
7.293000000000000000e+03 7.402443257832341745e-23
7.366000000000000000e+03 6.475252597228839130e-23
7.439500000000000000e+03 5.089646680652037098e-23
7.514000000000000000e+03 1.043579179537911388e-22
7.589500000000000000e+03 4.122352289624582593e-24
7.665500000000000000e+03 3.449878151962100985e-24
7.742000000000000000e+03 2.349345861779428244e-25
7.819500000000000000e+03 3.676647076111620922e-26
7.897500000000000000e+03 3.778240840562926716e-26
7.976500000000000000e+03 2.198634132551362156e-29
8.056500000000000000e+03 1.939003557981789670e-25
8.137000000000000000e+03 5.779599176728218822e-25
8.218000000000000000e+03 8.452553765103458588e-25
8.300000000000000000e+03 3.554150653960267832e-24
8.383500000000000000e+03 1.302299533749303419e-23
8.467500000000000000e+03 2.336826387242035626e-23
8.552000000000000000e+03 4.094258037737992258e-23
8.637500000000000000e+03 9.050776832706056506e-23
8.724000000000000000e+03 2.676510789901376981e-23
8.811000000000000000e+03 2.341409902205271672e-23
8.899000000000000000e+03 2.157186755841406262e-23
8.988000000000000000e+03 4.078550682146853598e-24
9.078000000000000000e+03 2.377024775329005422e-25
9.169000000000000000e+03 7.705361339112127046e-25
9.260500000000000000e+03 9.728867601553800435e-31
9.353000000000000000e+03 8.925631434395700038e-31
9.446500000000000000e+03 8.388172317454682469e-31
9.541000000000000000e+03 7.967932980922843896e-31
9.636500000000000000e+03 7.616848787135520963e-31
9.733000000000000000e+03 7.311469903587006870e-31
9.830000000000000000e+03 7.040012262478348629e-31
9.928000000000000000e+03 6.793066496010608076e-31
9.989000000000000000e+03 6.649796170043912172e-31
