1.000000000000000000e+01 9.284766367569999447e-28
1.100000000000000000e+01 9.305978941410000510e-28
1.200000000000000000e+01 9.322356193109999502e-28
1.300000000000000000e+01 9.341217802620000755e-28
1.400000000000000000e+01 9.435811368050000538e-28
1.500000000000000000e+01 9.379177487499999164e-28
1.600000000000000000e+01 9.398411953350000565e-28
1.700000000000000000e+01 9.420080342439999183e-28
1.800000000000000000e+01 9.436656179930000017e-28
1.900000000000000000e+01 9.456496889919999521e-28
2.000000000000000000e+01 9.475985754229999192e-28
2.100000000000000000e+01 9.494820752300000714e-28
2.200000000000000000e+01 9.516232289339999791e-28
2.300000000000000000e+01 9.534185503510000713e-28
2.400000000000000000e+01 9.553690499449999175e-28
2.500000000000000000e+01 9.605072838539999630e-28
2.600000000000000000e+01 9.593343863039999106e-28
2.700000000000000000e+01 9.613288299470000821e-28
2.800000000000000000e+01 9.647027502689999748e-28
2.900000000000000000e+01 9.653307280249999284e-28
3.000000000000000000e+01 9.673659239990000470e-28
3.100000000000000000e+01 9.697148831170000816e-28
3.200000000000000000e+01 9.714040794739999395e-28
3.300000000000000000e+01 9.734951379630000538e-28
3.400000000000000000e+01 9.755328287130000195e-28
3.500000000000000000e+01 9.775543265119999535e-28
3.600000000000000000e+01 9.800843665590000682e-28
3.700000000000000000e+01 9.816979594759999439e-28
3.800000000000000000e+01 9.837823836260000436e-28
3.900000000000000000e+01 9.859772920909999104e-28
4.000000000000000000e+01 9.879755704070000513e-28
4.100000000000000000e+01 9.900899908169999324e-28
4.200000000000000000e+01 9.922126784469999840e-28
4.300000000000000000e+01 9.943339351199999933e-28
4.400000000000000000e+01 9.964813361200000893e-28
4.500000000000000000e+01 9.986186163069999600e-28
4.600000000000000000e+01 1.000773158340000088e-27
4.700000000000000000e+01 1.005705092529999930e-27
4.800000000000000000e+01 1.005111256400000087e-27
4.900000000000000000e+01 1.007294087210000078e-27
5.000000000000000000e+01 1.009487707009999911e-27
5.100000000000000000e+01 1.011687350089999951e-27
5.200000000000000000e+01 1.013898488239999934e-27
5.300000000000000000e+01 1.016118375780000070e-27
5.400000000000000000e+01 1.018347858180000047e-27
5.500000000000000000e+01 1.020590258609999979e-27
5.600000000000000000e+01 1.022835713450000008e-27
5.700000000000000000e+01 1.025094066379999961e-27
5.800000000000000000e+01 1.027362349310000029e-27
5.900000000000000000e+01 1.029639914699999938e-27
6.000000000000000000e+01 1.031927571200000011e-27
6.100000000000000000e+01 1.034225070439999933e-27
6.200000000000000000e+01 1.036532519159999949e-27
6.300000000000000000e+01 1.038850225390000083e-27
6.400000000000000000e+01 1.041177527669999932e-27
6.500000000000000000e+01 1.043515204549999930e-27
6.600000000000000000e+01 1.045863090840000047e-27
6.700000000000000000e+01 1.048221226520000059e-27
6.800000000000000000e+01 1.050589704120000089e-27
6.900000000000000000e+01 1.052968581330000025e-27
7.000000000000000000e+01 1.055357924969999949e-27
7.100000000000000000e+01 1.057757802710000060e-27
7.200000000000000000e+01 1.060168282800000008e-27
7.300000000000000000e+01 1.062589434049999922e-27
7.400000000000000000e+01 1.065021325879999996e-27
7.500000000000000000e+01 1.067464028249999957e-27
7.600000000000000000e+01 1.069917611739999979e-27
7.700000000000000000e+01 1.072382147510000047e-27
7.800000000000000000e+01 1.074857707320000008e-27
7.900000000000000000e+01 1.077344363539999949e-27
8.000000000000000000e+01 1.079842189150000024e-27
8.100000000000000000e+01 1.082351257749999937e-27
8.200000000000000000e+01 1.084871643570000041e-27
8.300000000000000000e+01 1.087403421440000015e-27
8.400000000000000000e+01 1.089946666879999975e-27
8.500000000000000000e+01 1.092501456000000052e-27
8.600000000000000000e+01 1.095067865599999922e-27
8.700000000000000000e+01 1.097645973129999960e-27
8.800000000000000000e+01 1.100235856679999963e-27
8.900000000000000000e+01 1.102837595029999986e-27
9.000000000000000000e+01 1.105451267649999988e-27
9.100000000000000000e+01 1.108076954659999910e-27
9.200000000000000000e+01 1.110714736910000054e-27
9.300000000000000000e+01 1.113364695930000058e-27
9.400000000000000000e+01 1.116026913950000026e-27
9.500000000000000000e+01 1.118701473930000064e-27
9.600000000000000000e+01 1.121388459540000047e-27
9.700000000000000000e+01 1.124087955180000031e-27
9.800000000000000000e+01 1.126800045999999942e-27
9.900000000000000000e+01 1.129524817880000065e-27
1.000000000000000000e+02 1.132262357460000041e-27
1.010000000000000000e+02 1.135012752139999944e-27
1.020000000000000000e+02 1.137776090070000076e-27
1.030000000000000000e+02 1.140552460210000040e-27
1.040000000000000000e+02 1.143341952290000076e-27
1.050000000000000000e+02 1.146144656820000008e-27
1.060000000000000000e+02 1.148960665130000060e-27
1.070000000000000000e+02 1.151790069349999913e-27
1.080000000000000000e+02 1.154632962440000030e-27
1.090000000000000000e+02 1.157489438180000021e-27
1.100000000000000000e+02 1.160359591179999919e-27
1.110000000000000000e+02 1.163243516919999925e-27
1.120000000000000000e+02 1.166141311699999920e-27
1.130000000000000000e+02 1.169053072720000026e-27
1.140000000000000000e+02 1.171978898029999942e-27
1.150000000000000000e+02 1.174918886579999964e-27
1.160000000000000000e+02 1.177873138190000015e-27
1.170000000000000000e+02 1.180841753609999972e-27
1.180000000000000000e+02 1.183824834479999925e-27
1.190000000000000000e+02 1.186822483369999918e-27
1.200000000000000000e+02 1.189834803799999998e-27
1.210000000000000000e+02 1.192861900209999963e-27
1.220000000000000000e+02 1.195903877989999970e-27
1.230000000000000000e+02 1.198960843529999944e-27
1.240000000000000000e+02 1.202032904139999919e-27
1.250000000000000000e+02 1.205120168169999973e-27
1.260000000000000000e+02 1.208222744930000032e-27
1.270000000000000000e+02 1.211340744750000016e-27
1.280000000000000000e+02 1.214474278980000023e-27
1.290000000000000000e+02 1.217623459999999988e-27
1.300000000000000000e+02 1.220788401220000049e-27
1.310000000000000000e+02 1.223969217129999945e-27
1.320000000000000000e+02 1.227166023239999951e-27
1.330000000000000000e+02 1.230378936199999915e-27
1.340000000000000000e+02 1.233608073680000037e-27
1.350000000000000000e+02 1.236853554509999961e-27
1.360000000000000000e+02 1.240115498600000013e-27
1.370000000000000000e+02 1.243394026999999911e-27
1.380000000000000000e+02 1.246689261889999997e-27
1.390000000000000000e+02 1.250001326620000081e-27
1.400000000000000000e+02 1.253330345680000084e-27
1.410000000000000000e+02 1.256676444770000031e-27
1.420000000000000000e+02 1.260039750740000081e-27
1.430000000000000000e+02 1.263420391700000083e-27
1.440000000000000000e+02 1.266818496930000069e-27
1.450000000000000000e+02 1.270234196979999966e-27
1.460000000000000000e+02 1.273667623620000005e-27
1.470000000000000000e+02 1.277118909910000002e-27
1.480000000000000000e+02 1.280588190169999999e-27
1.490000000000000000e+02 1.284075600009999978e-27
1.500000000000000000e+02 1.287581276359999940e-27
1.510000000000000000e+02 1.291105357470000076e-27
1.520000000000000000e+02 1.294647982910000056e-27
1.530000000000000000e+02 1.298209293630000073e-27
1.540000000000000000e+02 1.301789431930000046e-27
1.550000000000000000e+02 1.305388541500000086e-27
1.560000000000000000e+02 1.309006767439999998e-27
1.570000000000000000e+02 1.312644256270000031e-27
1.580000000000000000e+02 1.316301155919999949e-27
1.590000000000000000e+02 1.319977615799999928e-27
1.600000000000000000e+02 1.323673786789999988e-27
1.610000000000000000e+02 1.327389821219999944e-27
1.620000000000000000e+02 1.331125872980000038e-27
1.630000000000000000e+02 1.334882097430000001e-27
1.640000000000000000e+02 1.338658651510000036e-27
1.650000000000000000e+02 1.342455693689999979e-27
1.660000000000000000e+02 1.346273384040000016e-27
1.670000000000000000e+02 1.350111884219999929e-27
1.680000000000000000e+02 1.353971357500000053e-27
1.690000000000000000e+02 1.357851968790000088e-27
1.700000000000000000e+02 1.361753884660000045e-27
1.710000000000000000e+02 1.365677273349999918e-27
1.720000000000000000e+02 1.369622304799999926e-27
1.730000000000000000e+02 1.373589150660000013e-27
1.740000000000000000e+02 1.377577984320000087e-27
1.750000000000000000e+02 1.381588980939999928e-27
1.760000000000000000e+02 1.385622317440000048e-27
1.770000000000000000e+02 1.389678172570000080e-27
1.780000000000000000e+02 1.393756726879999951e-27
1.790000000000000000e+02 1.397858162770000010e-27
1.800000000000000000e+02 1.401982664520000026e-27
1.810000000000000000e+02 1.406130418309999950e-27
1.820000000000000000e+02 1.410301612210000074e-27
1.830000000000000000e+02 1.414496436249999948e-27
1.840000000000000000e+02 1.418715082419999988e-27
1.850000000000000000e+02 1.422957744709999968e-27
1.860000000000000000e+02 1.427224619109999913e-27
1.870000000000000000e+02 1.431515903639999992e-27
1.880000000000000000e+02 1.435831798409999950e-27
1.890000000000000000e+02 1.440172505609999981e-27
1.900000000000000000e+02 1.444538229549999928e-27
1.910000000000000000e+02 1.448929176670000023e-27
1.920000000000000000e+02 1.453345555609999989e-27
1.930000000000000000e+02 1.457787577180000036e-27
1.940000000000000000e+02 1.462255454419999935e-27
1.950000000000000000e+02 1.466749402660000063e-27
1.960000000000000000e+02 1.471269639470000023e-27
1.970000000000000000e+02 1.475816384759999968e-27
1.980000000000000000e+02 1.480389860770000036e-27
1.990000000000000000e+02 1.484990292129999959e-27
2.000000000000000000e+02 1.489617905849999940e-27
2.010000000000000000e+02 1.494272931409999970e-27
2.020000000000000000e+02 1.498955600719999916e-27
2.030000000000000000e+02 1.503666148209999917e-27
2.040000000000000000e+02 1.508404810840000052e-27
2.050000000000000000e+02 1.513171828120000029e-27
2.060000000000000000e+02 1.517967442180000076e-27
2.070000000000000000e+02 1.522791897770000044e-27
2.080000000000000000e+02 1.527645442310000065e-27
2.090000000000000000e+02 1.532528325919999914e-27
2.100000000000000000e+02 1.537440801449999973e-27
2.110000000000000000e+02 1.542383124529999924e-27
2.120000000000000000e+02 1.547355553619999947e-27
2.130000000000000000e+02 1.552358349979999926e-27
2.140000000000000000e+02 1.557391777809999974e-27
2.150000000000000000e+02 1.562456104199999955e-27
2.160000000000000000e+02 1.567551599200000009e-27
2.170000000000000000e+02 1.572678535900000034e-27
2.180000000000000000e+02 1.577837190379999923e-27
2.190000000000000000e+02 1.583027841859999928e-27
2.200000000000000000e+02 1.588250772629999958e-27
2.210000000000000000e+02 1.593506268199999937e-27
2.220000000000000000e+02 1.598794617260000074e-27
2.230000000000000000e+02 1.604116111759999979e-27
2.240000000000000000e+02 1.609471046950000017e-27
2.250000000000000000e+02 1.614859721419999970e-27
2.260000000000000000e+02 1.620282437170000109e-27
2.270000000000000000e+02 1.625739499610000118e-27
2.280000000000000000e+02 1.631231217649999849e-27
2.290000000000000000e+02 1.636757903730000116e-27
2.300000000000000000e+02 1.642319873860000105e-27
2.310000000000000000e+02 1.647917447690000053e-27
2.320000000000000000e+02 1.653550948539999887e-27
2.330000000000000000e+02 1.659220703480000144e-27
2.340000000000000000e+02 1.664927043349999859e-27
2.350000000000000000e+02 1.670670302819999947e-27
2.360000000000000000e+02 1.676450820470000170e-27
2.370000000000000000e+02 1.682268938799999878e-27
2.380000000000000000e+02 1.688125004340000074e-27
2.390000000000000000e+02 1.694019367649999824e-27
2.400000000000000000e+02 1.699952383410000070e-27
2.410000000000000000e+02 1.705924410479999828e-27
2.420000000000000000e+02 1.711935811949999898e-27
2.430000000000000000e+02 1.717986955200000145e-27
2.440000000000000000e+02 1.724078211960000002e-27
2.450000000000000000e+02 1.730209958370000052e-27
2.460000000000000000e+02 1.736382575080000124e-27
2.470000000000000000e+02 1.742596447250000009e-27
2.480000000000000000e+02 1.748851964650000064e-27
2.490000000000000000e+02 1.755149521739999975e-27
2.500000000000000000e+02 1.761489517709999930e-27
2.510000000000000000e+02 1.767872356590000173e-27
2.520000000000000000e+02 1.774298447259999952e-27
2.530000000000000000e+02 1.780768203559999941e-27
2.540000000000000000e+02 1.787282044359999902e-27
2.550000000000000000e+02 1.793840393629999932e-27
2.560000000000000000e+02 1.800443680529999970e-27
2.570000000000000000e+02 1.807092339439999864e-27
2.580000000000000000e+02 1.813786810080000034e-27
2.590000000000000000e+02 1.820527537589999864e-27
2.600000000000000000e+02 1.827314972590000012e-27
2.610000000000000000e+02 1.834149571250000064e-27
2.620000000000000000e+02 1.841031795429999959e-27
2.630000000000000000e+02 1.847962112700000032e-27
2.640000000000000000e+02 1.854940996459999883e-27
2.650000000000000000e+02 1.861968926009999973e-27
2.660000000000000000e+02 1.869046386670000136e-27
2.670000000000000000e+02 1.876173869850000101e-27
2.680000000000000000e+02 1.883351873110000004e-27
2.690000000000000000e+02 1.890580900330000086e-27
2.700000000000000000e+02 1.897861461740000048e-27
2.710000000000000000e+02 1.905194074030000042e-27
2.720000000000000000e+02 1.912579260489999935e-27
2.730000000000000000e+02 1.920017551050000130e-27
2.740000000000000000e+02 1.927509482420000110e-27
2.750000000000000000e+02 1.935055598200000147e-27
2.760000000000000000e+02 1.942656448950000040e-27
2.770000000000000000e+02 1.950312592349999864e-27
2.780000000000000000e+02 1.958024593270000144e-27
2.790000000000000000e+02 1.965793023869999949e-27
2.800000000000000000e+02 1.973618463789999865e-27
2.810000000000000000e+02 1.981501500159999875e-27
2.820000000000000000e+02 1.989442727809999870e-27
2.830000000000000000e+02 1.997442749349999844e-27
2.840000000000000000e+02 2.005502175289999838e-27
2.850000000000000000e+02 2.013621624179999914e-27
2.860000000000000000e+02 2.021801722710000053e-27
2.870000000000000000e+02 2.030043105899999896e-27
2.880000000000000000e+02 2.038346417149999950e-27
2.890000000000000000e+02 2.046712308459999969e-27
2.900000000000000000e+02 2.055141440489999826e-27
2.910000000000000000e+02 2.063634482760000000e-27
2.920000000000000000e+02 2.072192113750000029e-27
2.930000000000000000e+02 2.080815021090000052e-27
2.940000000000000000e+02 2.089503901649999960e-27
2.950000000000000000e+02 2.098259461759999926e-27
2.960000000000000000e+02 2.107082417289999894e-27
2.970000000000000000e+02 2.115973493860000090e-27
2.980000000000000000e+02 2.124933427010000007e-27
2.990000000000000000e+02 2.133962962290000058e-27
3.000000000000000000e+02 2.143062855510000041e-27
3.010000000000000000e+02 2.152233872860000151e-27
3.020000000000000000e+02 2.161476791079999962e-27
3.030000000000000000e+02 2.170792397690000068e-27
3.040000000000000000e+02 2.180181491080000153e-27
3.050000000000000000e+02 2.189644880790000036e-27
3.060000000000000000e+02 2.199183387629999969e-27
3.070000000000000000e+02 2.208797843880000048e-27
3.080000000000000000e+02 2.218489093520000064e-27
3.090000000000000000e+02 2.228257992379999872e-27
3.100000000000000000e+02 2.238105408369999954e-27
3.110000000000000000e+02 2.248032221690000141e-27
3.120000000000000000e+02 2.258039325030000106e-27
3.130000000000000000e+02 2.268127623759999834e-27
3.140000000000000000e+02 2.278298036199999918e-27
3.150000000000000000e+02 2.288551493809999883e-27
3.160000000000000000e+02 2.298888941400000131e-27
3.170000000000000000e+02 2.309311337420000146e-27
3.180000000000000000e+02 2.319819654140000008e-27
3.190000000000000000e+02 2.330414877919999987e-27
3.200000000000000000e+02 2.341098009440000025e-27
3.210000000000000000e+02 2.351870063980000070e-27
3.220000000000000000e+02 2.362732071629999872e-27
3.230000000000000000e+02 2.373685077610000132e-27
3.240000000000000000e+02 2.384730142499999833e-27
3.250000000000000000e+02 2.395868342500000112e-27
3.260000000000000000e+02 2.407100769750000021e-27
3.270000000000000000e+02 2.418428532600000063e-27
3.280000000000000000e+02 2.429852755879999984e-27
3.290000000000000000e+02 2.441374581219999918e-27
3.300000000000000000e+02 2.452995167330000001e-27
3.310000000000000000e+02 2.464715690340000127e-27
3.320000000000000000e+02 2.476537344109999995e-27
3.330000000000000000e+02 2.488461340519999821e-27
3.340000000000000000e+02 2.500488909830000145e-27
3.350000000000000000e+02 2.512621301039999847e-27
3.360000000000000000e+02 2.524859782170000065e-27
3.370000000000000000e+02 2.537205640670000178e-27
3.380000000000000000e+02 2.549660183770000102e-27
3.390000000000000000e+02 2.562224738830000073e-27
3.400000000000000000e+02 2.574900653749999862e-27
3.410000000000000000e+02 2.587689297419999883e-27
3.420000000000000000e+02 2.600592060099999967e-27
3.430000000000000000e+02 2.613610354219999903e-27
3.440000000000000000e+02 2.626745616019999871e-27
3.450000000000000000e+02 2.639999319990000061e-27
3.460000000000000000e+02 2.653379350789999888e-27
3.470000000000000000e+02 2.666868041979999941e-27
3.480000000000000000e+02 2.680485945609999975e-27
3.490000000000000000e+02 2.695258780380000166e-27
3.500000000000000000e+02 2.708096897959999961e-27
3.510000000000000000e+02 2.722093112109999832e-27
3.520000000000000000e+02 2.736239866490000143e-27
3.530000000000000000e+02 2.750474870600000045e-27
3.540000000000000000e+02 2.764864216900000073e-27
3.550000000000000000e+02 2.779398312630000165e-27
3.560000000000000000e+02 2.794046613690000074e-27
3.570000000000000000e+02 2.808844835509999890e-27
3.580000000000000000e+02 2.823789233169999833e-27
3.590000000000000000e+02 2.838859482529999869e-27
3.600000000000000000e+02 2.854083512790000052e-27
3.610000000000000000e+02 2.869475566749999950e-27
3.620000000000000000e+02 2.884962570629999989e-27
3.630000000000000000e+02 2.900629870160000142e-27
3.640000000000000000e+02 2.916445623130000055e-27
3.650000000000000000e+02 2.932418287469999862e-27
3.660000000000000000e+02 2.948539583529999878e-27
3.670000000000000000e+02 2.964810983790000015e-27
3.680000000000000000e+02 2.981259688600000057e-27
3.690000000000000000e+02 2.997877707929999941e-27
3.700000000000000000e+02 3.014610479180000087e-27
3.710000000000000000e+02 3.031537906369999853e-27
3.720000000000000000e+02 3.048816147599999837e-27
3.735000000000000000e+02 3.074622302430000001e-27
3.760000000000000000e+02 3.122723052300000136e-27
3.795000000000000000e+02 3.182615220590000246e-27
3.835000000000000000e+02 3.258559453497499978e-27
3.875000000000000000e+02 3.338991312107500182e-27
3.915000000000000000e+02 3.419748460507499958e-27
3.955000000000000000e+02 3.505234940977500210e-27
3.995000000000000000e+02 3.595208310317500058e-27
4.035000000000000000e+02 3.695669891607499996e-27
4.075000000000000000e+02 3.786722256205000094e-27
4.115000000000000000e+02 3.889214408797499810e-27
4.155000000000000000e+02 3.997897706000000142e-27
4.195000000000000000e+02 4.125782952752500217e-27
4.235000000000000000e+02 4.227834781560000362e-27
4.280000000000000000e+02 4.375282418223999920e-27
4.325000000000000000e+02 4.515927592924999811e-27
4.365000000000000000e+02 4.681483117617499480e-27
4.410000000000000000e+02 5.454234472228000251e-27
4.455000000000000000e+02 5.091508232455000848e-27
4.495000000000000000e+02 5.203293407965000153e-27
4.540000000000000000e+02 5.427971547269999918e-27
4.590000000000000000e+02 5.700873294271999273e-27
4.635000000000000000e+02 3.814582876894899471e-25
4.680000000000000000e+02 8.137340390697999261e-27
4.725000000000000000e+02 1.082426904367499981e-26
4.770000000000000000e+02 6.700666285222000024e-27
4.820000000000000000e+02 1.067252052902399919e-26
4.870000000000000000e+02 7.522122185092001691e-27
4.920000000000000000e+02 8.866884633937998946e-27
4.970000000000000000e+02 8.325145949054000617e-27
5.020000000000000000e+02 9.061455456074000117e-27
5.070000000000000000e+02 3.459435751003216267e-24
5.120000000000000000e+02 1.288013490531999819e-26
5.170000000000000000e+02 1.260144006289999997e-26
5.220000000000000000e+02 1.362545557584000238e-26
5.270000000000000000e+02 1.735734372773999818e-26
5.325000000000000000e+02 1.246159476899666889e-24
5.380000000000000000e+02 1.469941396021960235e-24
5.430000000000000000e+02 1.761303113904700080e-24
5.485000000000000000e+02 1.416199197301833222e-25
5.540000000000000000e+02 5.096823169140000022e-26
5.595000000000000000e+02 1.309687787606500093e-25
5.655000000000000000e+02 5.361850200780666635e-25
5.710000000000000000e+02 1.245259220125600079e-24
5.765000000000000000e+02 5.558768726249833081e-25
5.825000000000000000e+02 1.020254119076093468e-22
5.885000000000000000e+02 1.289449515082000039e-24
5.945000000000000000e+02 7.994189645784070254e-22
6.005000000000000000e+02 1.232828812987883266e-22
6.065000000000000000e+02 3.394754946098166592e-23
6.125000000000000000e+02 6.053467260583149826e-23
6.185000000000000000e+02 1.057271400622283874e-21
6.245000000000000000e+02 6.440282214113333288e-24
6.305000000000000000e+02 1.091713422136833498e-22
6.370000000000000000e+02 3.520100392070614137e-21
6.435000000000000000e+02 1.915616510165433946e-22
6.500000000000000000e+02 2.261014682710857054e-22
6.565000000000000000e+02 2.978424857271658541e-20
6.630000000000000000e+02 8.189908300926171042e-21
6.695000000000000000e+02 2.210153998283223077e-17
6.760000000000000000e+02 1.184043287026914318e-20
6.830000000000000000e+02 8.590371830112285061e-22
6.900000000000000000e+02 9.901422908912856214e-22
6.970000000000000000e+02 9.409521891403572078e-23
7.040000000000000000e+02 3.689430320057842639e-22
7.110000000000000000e+02 2.412530571115214013e-22
7.180000000000000000e+02 2.360684485482428605e-23
7.250000000000000000e+02 1.958996297081028760e-23
7.320000000000000000e+02 2.510931377504000135e-24
7.395000000000000000e+02 3.219875475097750003e-24
7.470000000000000000e+02 1.415582601857428740e-24
7.545000000000000000e+02 4.502408337611250317e-25
7.620000000000000000e+02 2.985785135154285828e-25
7.695000000000000000e+02 4.862987132269677185e-23
7.775000000000000000e+02 9.170591181318750840e-26
7.855000000000000000e+02 4.950272095226000553e-24
7.930000000000000000e+02 1.306399793270371324e-23
8.005000000000000000e+02 9.868555996074999422e-26
8.085000000000000000e+02 2.896193249068749763e-26
8.170000000000000000e+02 4.642251158675554377e-26
8.255000000000000000e+02 2.033242745037500031e-26
8.335000000000000000e+02 1.983354843230462409e-25
8.415000000000000000e+02 2.463411142655250360e-26
8.500000000000000000e+02 1.300478375721777909e-26
8.585000000000000000e+02 1.334755971637249805e-26
8.670000000000000000e+02 8.789989794652223173e-27
8.760000000000000000e+02 8.327269409702222550e-27
8.850000000000000000e+02 7.100662192388777820e-26
8.935000000000000000e+02 7.068594470631874397e-26
9.020000000000000000e+02 3.706418632283777323e-26
9.115000000000000000e+02 1.087180638029400079e-26
9.210000000000000000e+02 4.012841949972999732e-26
9.300000000000000000e+02 9.358862159291440519e-23
9.390000000000000000e+02 1.139889122507444330e-26
9.485000000000000000e+02 1.712783360541490027e-25
9.580000000000000000e+02 1.169911693108205717e-24
9.675000000000000000e+02 1.739831733117370475e-25
9.775000000000000000e+02 3.222215040782199880e-26
9.870000000000000000e+02 9.034865023139998998e-27
9.965000000000000000e+02 6.035151150030000945e-27
1.006500000000000000e+03 3.464381058886199577e-26
1.016500000000000000e+03 2.987506569310600016e-26
1.027000000000000000e+03 3.521552842389237006e-25
1.037500000000000000e+03 3.217493442804100089e-26
1.047500000000000000e+03 2.025662249069499935e-25
1.058000000000000000e+03 4.190052230931636104e-26
1.069000000000000000e+03 3.320787336573572972e-25
1.079500000000000000e+03 6.796043527951231289e-25
1.090000000000000000e+03 1.748662100868175966e-22
1.101000000000000000e+03 1.430382201409727138e-26
1.112000000000000000e+03 2.803009291412727723e-27
1.123000000000000000e+03 2.635634227127272677e-27
1.134500000000000000e+03 2.611336711610000088e-27
1.146000000000000000e+03 2.592995083878181747e-27
1.157500000000000000e+03 2.580016792464999823e-27
1.169000000000000000e+03 2.571011888048182057e-27
1.180500000000000000e+03 2.947926774233333484e-27
1.192500000000000000e+03 2.585333762948333655e-27
1.204500000000000000e+03 2.802479999194999603e-27
1.216500000000000000e+03 5.583006275930416649e-26
1.228500000000000000e+03 7.020743810300001207e-27
1.240500000000000000e+03 7.544422642052498947e-27
1.253000000000000000e+03 3.969360497563691892e-26
1.266000000000000000e+03 2.643849142543615069e-26
1.278500000000000000e+03 5.419818150435833658e-27
1.291000000000000000e+03 3.701865881749999819e-27
1.304000000000000000e+03 2.771181565943076291e-27
1.317000000000000000e+03 2.765273625592307699e-27
1.330000000000000000e+03 3.364264046939999643e-27
1.343500000000000000e+03 4.272895526537143243e-27
1.357000000000000000e+03 9.964354548528461550e-27
1.370500000000000000e+03 3.713127745758857040e-25
1.384500000000000000e+03 2.599083915272281631e-24
1.398500000000000000e+03 1.303533869342954422e-24
1.412500000000000000e+03 2.049912563965785237e-26
1.426500000000000000e+03 3.877426870623571867e-27
1.440500000000000000e+03 4.389278022562857117e-27
1.455000000000000000e+03 3.329566278440666442e-27
1.469500000000000000e+03 3.416336324537142621e-27
1.484000000000000000e+03 3.527834114702001160e-27
1.499000000000000000e+03 3.611352253372666194e-27
1.514000000000000000e+03 3.720674561922000037e-27
1.529000000000000000e+03 3.836714373917999983e-27
1.544500000000000000e+03 3.964568108689375485e-27
1.560000000000000000e+03 4.101577517197333257e-27
1.575500000000000000e+03 4.264560606217500152e-27
1.591500000000000000e+03 4.409843240055624760e-27
1.607500000000000000e+03 4.583371713331875400e-27
1.623500000000000000e+03 4.769573841487500311e-27
1.639500000000000000e+03 4.969547723297498885e-27
1.656000000000000000e+03 5.191589201030588029e-27
1.672500000000000000e+03 5.430936781571875940e-27
1.689000000000000000e+03 5.689694930804705937e-27
1.706000000000000000e+03 5.978356843061764375e-27
1.723000000000000000e+03 6.293354120518823779e-27
1.740500000000000000e+03 6.646239286061668208e-27
1.758000000000000000e+03 7.028801648309410866e-27
1.775500000000000000e+03 8.409474627242222175e-27
1.793500000000000000e+03 8.811214664830555480e-27
1.811500000000000000e+03 8.535159453361110004e-27
1.829500000000000000e+03 9.357134125011666262e-27
1.847500000000000000e+03 5.039306650907056244e-26
1.866000000000000000e+03 1.230149384249158179e-24
1.884500000000000000e+03 1.024242177480555539e-25
1.903000000000000000e+03 3.598930381959526141e-25
1.922000000000000000e+03 6.359381291954894753e-25
1.941500000000000000e+03 4.716297709764576028e-23
1.961000000000000000e+03 3.402099941360000137e-26
1.980500000000000000e+03 1.059346749671200006e-25
2.000500000000000000e+03 2.304779177112499523e-26
2.020500000000000000e+03 4.670733188149449330e-25
2.040500000000000000e+03 1.595263160341044851e-24
2.061000000000000000e+03 1.397010589176037672e-24
2.082000000000000000e+03 2.069325710747609265e-24
2.102500000000000000e+03 9.583756263659282986e-23
2.123500000000000000e+03 2.995902640876090627e-25
2.145000000000000000e+03 1.354458673440676024e-24
2.166500000000000000e+03 8.633231915314088033e-26
2.188000000000000000e+03 1.817744391927590799e-24
2.209500000000000000e+03 5.896772923718499431e-24
2.231500000000000000e+03 4.960815489256077424e-23
2.254000000000000000e+03 8.584692446604304288e-23
2.277000000000000000e+03 5.923184671579088908e-22
2.299500000000000000e+03 2.481690148939248011e-20
2.322500000000000000e+03 7.648519150805251521e-19
2.346000000000000000e+03 1.160165239849047663e-19
2.369000000000000000e+03 2.909477262181257622e-19
2.392500000000000000e+03 2.772290724851286709e-21
2.416500000000000000e+03 6.355572989505833118e-25
2.441000000000000000e+03 3.817066993558400134e-25
2.465500000000000000e+03 3.846516779602917048e-25
2.490000000000000000e+03 1.277198662994800088e-25
2.515000000000000000e+03 9.049301048304801364e-26
2.540000000000000000e+03 6.528146285791599963e-26
2.565500000000000000e+03 5.142080406270770447e-26
2.591500000000000000e+03 1.021232825325961439e-25
2.617500000000000000e+03 1.163470401180307370e-25
2.643500000000000000e+03 5.162498571867693028e-26
2.669500000000000000e+03 4.257553898588461769e-26
2.696000000000000000e+03 2.566975706827407664e-26
2.723000000000000000e+03 1.771613866195556139e-26
2.750500000000000000e+03 2.228342211373928620e-26
2.778000000000000000e+03 1.499836696151852062e-26
2.805500000000000000e+03 3.568836136222857218e-26
2.834000000000000000e+03 1.125602072742137605e-26
2.862500000000000000e+03 9.301387690086429391e-27
2.891000000000000000e+03 8.153492884445861556e-27
2.920000000000000000e+03 7.354923156212068549e-27
2.949000000000000000e+03 6.743613848734827665e-27
2.978500000000000000e+03 8.499822955637331938e-27
3.008500000000000000e+03 5.705599950339332541e-27
3.038500000000000000e+03 5.271526062166667435e-27
3.068500000000000000e+03 6.156656450688333075e-27
3.099000000000000000e+03 7.335872637850323024e-27
3.130000000000000000e+03 8.187886474236128168e-27
3.161500000000000000e+03 3.584955025102967642e-26
3.193500000000000000e+03 4.522771048739062546e-27
3.225500000000000000e+03 3.857754466744999676e-27
3.257500000000000000e+03 5.796866094205594748e-26
3.290000000000000000e+03 3.368072153301958039e-25
3.323000000000000000e+03 3.240018330348486110e-26
3.356000000000000000e+03 9.412726823072395974e-26
3.389500000000000000e+03 1.054123587201014718e-25
3.423500000000000000e+03 2.214379174850156139e-25
3.458000000000000000e+03 2.858310477751291087e-24
3.492500000000000000e+03 1.820545080697984540e-23
3.527000000000000000e+03 2.298463267293645097e-22
3.562500000000000000e+03 7.314875271829269245e-22
3.598500000000000000e+03 4.022488894348279153e-23
3.634500000000000000e+03 1.432629763373619387e-22
3.670500000000000000e+03 5.287451274696100319e-23
3.707000000000000000e+03 2.007410895095971406e-19
3.744500000000000000e+03 8.793480374027021058e-20
3.782000000000000000e+03 3.585249744871866619e-25
3.819500000000000000e+03 2.777862079065578914e-26
3.858000000000000000e+03 6.574626696557078116e-26
3.896500000000000000e+03 4.266750687615001884e-27
3.935000000000000000e+03 9.577449717928204255e-27
3.974500000000000000e+03 4.940430967396500227e-27
4.014500000000000000e+03 5.643598516747700443e-26
4.054500000000000000e+03 1.834706631330000374e-27
4.095000000000000000e+03 1.176934752487073333e-27
4.136000000000000000e+03 1.656330248177804809e-27
4.177500000000000000e+03 1.090397648859785774e-27
4.219500000000000000e+03 9.207166899027856611e-28
4.261500000000000000e+03 8.684672532059521349e-28
4.304000000000000000e+03 8.255482132847441098e-28
4.347000000000000000e+03 8.600009818272557789e-28
4.390500000000000000e+03 1.831897429604976774e-27
4.434500000000000000e+03 7.204500039645226099e-28
4.479000000000000000e+03 1.664434792387571137e-26
4.524000000000000000e+03 2.275896416332777504e-27
4.569000000000000000e+03 2.784770826106888204e-27
4.614500000000000000e+03 1.763917477825281197e-25
4.660500000000000000e+03 2.505283378664526837e-25
4.707000000000000000e+03 1.889351892459109696e-25
4.754500000000000000e+03 1.658989502824394833e-24
4.802000000000000000e+03 1.943224631338202209e-23
4.850000000000000000e+03 1.127792175776278711e-22
4.898500000000000000e+03 5.923820013468747596e-24
4.947500000000000000e+03 8.914727385354369669e-24
4.997000000000000000e+03 2.011927867581816203e-24
5.047000000000000000e+03 1.000845469165079653e-24
5.097500000000000000e+03 8.756731160529385058e-24
5.148000000000000000e+03 3.647749691626274880e-23
5.199500000000000000e+03 1.069077407885957655e-25
5.251500000000000000e+03 1.695727278599509043e-25
5.304000000000000000e+03 1.056535299711470185e-25
5.357500000000000000e+03 3.599394426172907319e-26
5.411000000000000000e+03 3.107235998683396493e-28
5.465000000000000000e+03 4.845687172605271531e-28
5.520000000000000000e+03 5.636237051266473207e-27
5.575000000000000000e+03 2.542974667204641938e-26
5.630500000000000000e+03 4.180718907956571586e-27
5.687000000000000000e+03 4.779598699653858729e-28
5.744000000000000000e+03 3.064262744023332761e-28
5.801500000000000000e+03 6.470472125633276237e-28
5.859500000000000000e+03 7.829743695199413704e-27
5.918000000000000000e+03 9.016637634333339080e-27
5.977000000000000000e+03 1.002977820442318080e-25
6.036500000000000000e+03 4.523679462011635428e-26
6.097000000000000000e+03 1.521125906987701743e-24
6.158000000000000000e+03 8.740031215127982916e-26
6.219500000000000000e+03 5.486641669371822412e-25
6.282000000000000000e+03 4.561595514692025610e-24
6.345000000000000000e+03 3.278283739679144981e-24
6.408500000000000000e+03 1.605019747118284919e-25
6.472500000000000000e+03 5.455940404526612096e-26
6.537000000000000000e+03 2.129744411729731824e-25
6.602500000000000000e+03 5.160712053088729558e-27
6.668500000000000000e+03 7.005075925843714553e-26
6.735000000000000000e+03 1.212750384729037528e-26
6.802500000000000000e+03 7.121239263647868062e-27
6.870500000000000000e+03 1.191914367355408380e-24
6.939000000000000000e+03 5.774192180283065052e-23
7.008500000000000000e+03 8.984643209120705621e-25
7.078500000000000000e+03 1.348355572305142632e-28
7.149500000000000000e+03 3.460464999431527391e-28
7.221000000000000000e+03 6.537340570514224652e-28
7.293000000000000000e+03 9.553442598991166603e-27
7.366000000000000000e+03 4.885390817213835536e-28
7.439500000000000000e+03 2.306050205955823611e-27
7.514000000000000000e+03 3.773352767806199285e-27
7.589500000000000000e+03 2.418363887320234429e-25
7.665500000000000000e+03 6.100891704854489306e-28
7.742000000000000000e+03 9.808346325766460015e-26
7.819500000000000000e+03 2.121194458372371523e-28
7.897500000000000000e+03 4.048983610078411318e-28
7.976500000000000000e+03 3.365726807570678001e-27
8.056500000000000000e+03 2.016459987587702120e-26
8.137000000000000000e+03 1.134878626873818666e-25
8.218000000000000000e+03 4.885737040175932595e-25
8.300000000000000000e+03 1.404135395954704037e-24
8.383500000000000000e+03 7.170745326232262061e-29
8.467500000000000000e+03 1.073422691539857263e-28
8.552000000000000000e+03 8.521769563484705479e-29
8.637500000000000000e+03 2.735993241457907207e-28
8.724000000000000000e+03 1.972130162575022938e-28
8.811000000000000000e+03 2.354663845070621163e-28
8.899000000000000000e+03 7.705155840527413303e-29
8.988000000000000000e+03 6.931869957294203303e-28
9.078000000000000000e+03 2.713396175180714210e-28
9.169000000000000000e+03 1.749556188600471628e-28
9.260500000000000000e+03 2.225208949275250252e-28
9.353000000000000000e+03 5.603215069931759704e-27
9.446500000000000000e+03 2.843921625841190304e-27
9.541000000000000000e+03 1.226543566506366771e-26
9.636500000000000000e+03 3.311621886144827329e-27
9.733000000000000000e+03 4.762702081914945570e-29
9.830000000000000000e+03 4.639750869796494740e-29
9.928000000000000000e+03 4.520656959153333527e-29
9.989000000000000000e+03 4.448676357491739540e-29
