1.000000000000000000e+01 1.071355552400000026e-26
1.100000000000000000e+01 1.073907463229999990e-26
1.200000000000000000e+01 1.075696587389999957e-26
1.300000000000000000e+01 1.077872170500000064e-26
1.400000000000000000e+01 1.089473501719999955e-26
1.500000000000000000e+01 1.082252078150000017e-26
1.600000000000000000e+01 1.084475160630000055e-26
1.700000000000000000e+01 1.086988208460000060e-26
1.800000000000000000e+01 1.088883294340000042e-26
1.900000000000000000e+01 1.091181413599999982e-26
2.000000000000000000e+01 1.093424617789999952e-26
2.100000000000000000e+01 1.095593197139999971e-26
2.200000000000000000e+01 1.098078552000000001e-26
2.300000000000000000e+01 1.100133728459999939e-26
2.400000000000000000e+01 1.102384170770000071e-26
2.500000000000000000e+01 1.108268308669999988e-26
2.600000000000000000e+01 1.106957796160000060e-26
2.700000000000000000e+01 1.109258590299999935e-26
2.800000000000000000e+01 1.112868275290000071e-26
2.900000000000000000e+01 1.113876326740000065e-26
3.000000000000000000e+01 1.116220559669999972e-26
3.100000000000000000e+01 1.118840306309999993e-26
3.200000000000000000e+01 1.120884628419999971e-26
3.300000000000000000e+01 1.123282307379999993e-26
3.400000000000000000e+01 1.125636858030000000e-26
3.500000000000000000e+01 1.127981889110000005e-26
3.600000000000000000e+01 1.130707188279999961e-26
3.700000000000000000e+01 1.132763313749999933e-26
3.800000000000000000e+01 1.135168671219999957e-26
3.900000000000000000e+01 1.137648791450000066e-26
4.000000000000000000e+01 1.140008626260000024e-26
4.100000000000000000e+01 1.142446496310000028e-26
4.200000000000000000e+01 1.144894096210000054e-26
4.300000000000000000e+01 1.147346435329999981e-26
4.400000000000000000e+01 1.149817760299999966e-26
4.500000000000000000e+01 1.152290290420000058e-26
4.600000000000000000e+01 1.154777191620000056e-26
4.700000000000000000e+01 1.158341208270000007e-26
4.800000000000000000e+01 1.159783257610000023e-26
4.900000000000000000e+01 1.162302150950000033e-26
5.000000000000000000e+01 1.164832214299999979e-26
5.100000000000000000e+01 1.167371908809999931e-26
5.200000000000000000e+01 1.169923076909999954e-26
5.300000000000000000e+01 1.172484900499999999e-26
5.400000000000000000e+01 1.175057676979999940e-26
5.500000000000000000e+01 1.177642228510000044e-26
5.600000000000000000e+01 1.180236309830000009e-26
5.700000000000000000e+01 1.182842265940000007e-26
5.800000000000000000e+01 1.185459452140000070e-26
5.900000000000000000e+01 1.188087806319999958e-26
6.000000000000000000e+01 1.190727538509999939e-26
6.100000000000000000e+01 1.193378664250000031e-26
6.200000000000000000e+01 1.196041263129999950e-26
6.300000000000000000e+01 1.198715438619999978e-26
6.400000000000000000e+01 1.201401173710000071e-26
6.500000000000000000e+01 1.204098631619999975e-26
6.600000000000000000e+01 1.206807858349999943e-26
6.700000000000000000e+01 1.209528926910000022e-26
6.800000000000000000e+01 1.212261915979999987e-26
6.900000000000000000e+01 1.215006901469999981e-26
7.000000000000000000e+01 1.217763960729999955e-26
7.100000000000000000e+01 1.220533171799999975e-26
7.200000000000000000e+01 1.223314613369999985e-26
7.300000000000000000e+01 1.226108364789999971e-26
7.400000000000000000e+01 1.228914506050000057e-26
7.500000000000000000e+01 1.231733117859999985e-26
7.600000000000000000e+01 1.234564281550000015e-26
7.700000000000000000e+01 1.237408079180000048e-26
7.800000000000000000e+01 1.240264593460000004e-26
7.900000000000000000e+01 1.243133907840000046e-26
8.000000000000000000e+01 1.246016106439999971e-26
8.100000000000000000e+01 1.248911274119999960e-26
8.200000000000000000e+01 1.251819496430000025e-26
8.300000000000000000e+01 1.254740859659999989e-26
8.400000000000000000e+01 1.257675450849999936e-26
8.500000000000000000e+01 1.260623357760000002e-26
8.600000000000000000e+01 1.263584668900000009e-26
8.700000000000000000e+01 1.266559473549999952e-26
8.800000000000000000e+01 1.269547861739999946e-26
8.900000000000000000e+01 1.272549924290000040e-26
9.000000000000000000e+01 1.275565752779999997e-26
9.100000000000000000e+01 1.278595439599999992e-26
9.200000000000000000e+01 1.281639077929999990e-26
9.300000000000000000e+01 1.284696761740000029e-26
9.400000000000000000e+01 1.287768585830000038e-26
9.500000000000000000e+01 1.290854645810000069e-26
9.600000000000000000e+01 1.293955038150000135e-26
9.700000000000000000e+01 1.297069860119999920e-26
9.800000000000000000e+01 1.300199209870000121e-26
9.900000000000000000e+01 1.303343186390000058e-26
1.000000000000000000e+02 1.306501889530000013e-26
1.010000000000000000e+02 1.309675420049999924e-26
1.020000000000000000e+02 1.312863879550000069e-26
1.030000000000000000e+02 1.316067370550000120e-26
1.040000000000000000e+02 1.319285996479999974e-26
1.050000000000000000e+02 1.322519861670000018e-26
1.060000000000000000e+02 1.325769071380000055e-26
1.070000000000000000e+02 1.329033731790000139e-26
1.080000000000000000e+02 1.332313950040000102e-26
1.090000000000000000e+02 1.335609834220000100e-26
1.100000000000000000e+02 1.338921493380000066e-26
1.110000000000000000e+02 1.342249037529999996e-26
1.120000000000000000e+02 1.345592577700000097e-26
1.130000000000000000e+02 1.348952225890000088e-26
1.140000000000000000e+02 1.352328095100000138e-26
1.150000000000000000e+02 1.355720299360000079e-26
1.160000000000000000e+02 1.359128953739999999e-26
1.170000000000000000e+02 1.362554174309999864e-26
1.180000000000000000e+02 1.365996078240000044e-26
1.190000000000000000e+02 1.369454783729999999e-26
1.200000000000000000e+02 1.372930410050000095e-26
1.210000000000000000e+02 1.376423077569999958e-26
1.220000000000000000e+02 1.379932907769999932e-26
1.230000000000000000e+02 1.383460023209999859e-26
1.240000000000000000e+02 1.387004547590000086e-26
1.250000000000000000e+02 1.390566605740000006e-26
1.260000000000000000e+02 1.394146323630000093e-26
1.270000000000000000e+02 1.397743828409999987e-26
1.280000000000000000e+02 1.401359248379999860e-26
1.290000000000000000e+02 1.404992713029999938e-26
1.300000000000000000e+02 1.408644353070000002e-26
1.310000000000000000e+02 1.412314300399999887e-26
1.320000000000000000e+02 1.416002688140000128e-26
1.330000000000000000e+02 1.419709650680000079e-26
1.340000000000000000e+02 1.423435323630000083e-26
1.350000000000000000e+02 1.427179843889999920e-26
1.360000000000000000e+02 1.430943349639999933e-26
1.370000000000000000e+02 1.434725980349999907e-26
1.380000000000000000e+02 1.438527876789999949e-26
1.390000000000000000e+02 1.442349181090000065e-26
1.400000000000000000e+02 1.446190036690000035e-26
1.410000000000000000e+02 1.450050588390000114e-26
1.420000000000000000e+02 1.453930982389999978e-26
1.430000000000000000e+02 1.457831366240000037e-26
1.440000000000000000e+02 1.461751888929999936e-26
1.450000000000000000e+02 1.465692700830000126e-26
1.460000000000000000e+02 1.469653953780000083e-26
1.470000000000000000e+02 1.473635801069999972e-26
1.480000000000000000e+02 1.477638397440000080e-26
1.490000000000000000e+02 1.481661899130000073e-26
1.500000000000000000e+02 1.485706463879999862e-26
1.510000000000000000e+02 1.489772250949999934e-26
1.520000000000000000e+02 1.493859421160000019e-26
1.530000000000000000e+02 1.497968136859999876e-26
1.540000000000000000e+02 1.502098561979999990e-26
1.550000000000000000e+02 1.506250862059999921e-26
1.560000000000000000e+02 1.510425204240000009e-26
1.570000000000000000e+02 1.514621757290000002e-26
1.580000000000000000e+02 1.518840691640000002e-26
1.590000000000000000e+02 1.523082179389999905e-26
1.600000000000000000e+02 1.527346394320000008e-26
1.610000000000000000e+02 1.531633511929999955e-26
1.620000000000000000e+02 1.535943709459999935e-26
1.630000000000000000e+02 1.540277165870000058e-26
1.640000000000000000e+02 1.544634061919999980e-26
1.650000000000000000e+02 1.549014580150000000e-26
1.660000000000000000e+02 1.553418904940000058e-26
1.670000000000000000e+02 1.557847222459999904e-26
1.680000000000000000e+02 1.562299720789999962e-26
1.690000000000000000e+02 1.566776589860000035e-26
1.700000000000000000e+02 1.571278021500000007e-26
1.710000000000000000e+02 1.575804209499999984e-26
1.720000000000000000e+02 1.580355349569999911e-26
1.730000000000000000e+02 1.584931639400000009e-26
1.740000000000000000e+02 1.589533278689999983e-26
1.750000000000000000e+02 1.594160469149999889e-26
1.760000000000000000e+02 1.598813414549999963e-26
1.770000000000000000e+02 1.603492320720000052e-26
1.780000000000000000e+02 1.608197395600000023e-26
1.790000000000000000e+02 1.612928849240000048e-26
1.800000000000000000e+02 1.617686893859999893e-26
1.810000000000000000e+02 1.622471743840000039e-26
1.820000000000000000e+02 1.627283615770000084e-26
1.830000000000000000e+02 1.632122728459999918e-26
1.840000000000000000e+02 1.636989303009999890e-26
1.850000000000000000e+02 1.641883562770000139e-26
1.860000000000000000e+02 1.646805733439999980e-26
1.870000000000000000e+02 1.651756043030000096e-26
1.880000000000000000e+02 1.656734721939999873e-26
1.890000000000000000e+02 1.661742002990000049e-26
1.900000000000000000e+02 1.666778121420000135e-26
1.910000000000000000e+02 1.671843314919999923e-26
1.920000000000000000e+02 1.676937823699999946e-26
1.930000000000000000e+02 1.682061890490000039e-26
1.940000000000000000e+02 1.687215760580000017e-26
1.950000000000000000e+02 1.692399681850000032e-26
1.960000000000000000e+02 1.697613904810000098e-26
1.970000000000000000e+02 1.702858682629999877e-26
1.980000000000000000e+02 1.708134271169999905e-26
1.990000000000000000e+02 1.713440929009999937e-26
2.000000000000000000e+02 1.718778917509999960e-26
2.010000000000000000e+02 1.724148500819999930e-26
2.020000000000000000e+02 1.729549945929999894e-26
2.030000000000000000e+02 1.734983522700000063e-26
2.040000000000000000e+02 1.740449503890000027e-26
2.050000000000000000e+02 1.745948165220000049e-26
2.060000000000000000e+02 1.751479785379999941e-26
2.070000000000000000e+02 1.757044646119999862e-26
2.080000000000000000e+02 1.762643032199999903e-26
2.090000000000000000e+02 1.768275231529999863e-26
2.100000000000000000e+02 1.773941535150000057e-26
2.110000000000000000e+02 1.779642237290000027e-26
2.120000000000000000e+02 1.785377635390000034e-26
2.130000000000000000e+02 1.791148030180000095e-26
2.140000000000000000e+02 1.796953725710000069e-26
2.150000000000000000e+02 1.802795029380000005e-26
2.160000000000000000e+02 1.808672251989999991e-26
2.170000000000000000e+02 1.814585707800000004e-26
2.180000000000000000e+02 1.820535714559999988e-26
2.190000000000000000e+02 1.826522593559999978e-26
2.200000000000000000e+02 1.832546669699999983e-26
2.210000000000000000e+02 1.838608271489999986e-26
2.220000000000000000e+02 1.844707731139999880e-26
2.230000000000000000e+02 1.850845384619999899e-26
2.240000000000000000e+02 1.857021571640000000e-26
2.250000000000000000e+02 1.863236635809999963e-26
2.260000000000000000e+02 1.869490924590000136e-26
2.270000000000000000e+02 1.875784789389999952e-26
2.280000000000000000e+02 1.882118585650000140e-26
2.290000000000000000e+02 1.888492672830000113e-26
2.300000000000000000e+02 1.894907414529999989e-26
2.310000000000000000e+02 1.901363178500000038e-26
2.320000000000000000e+02 1.907860336720000022e-26
2.330000000000000000e+02 1.914399265459999910e-26
2.340000000000000000e+02 1.920980345319999982e-26
2.350000000000000000e+02 1.927603961329999925e-26
2.360000000000000000e+02 1.934270502949999981e-26
2.370000000000000000e+02 1.940980364210000141e-26
2.380000000000000000e+02 1.947733943700000123e-26
2.390000000000000000e+02 1.954531644669999905e-26
2.400000000000000000e+02 1.961373875119999944e-26
2.410000000000000000e+02 1.968261047810000055e-26
2.420000000000000000e+02 1.975193580359999940e-26
2.430000000000000000e+02 1.982171895339999989e-26
2.440000000000000000e+02 1.989196420279999862e-26
2.450000000000000000e+02 1.996267587820000015e-26
2.460000000000000000e+02 2.003385835689999919e-26
2.470000000000000000e+02 2.010551606879999921e-26
2.480000000000000000e+02 2.017765349650000113e-26
2.490000000000000000e+02 2.025027517619999989e-26
2.500000000000000000e+02 2.032338569850000065e-26
2.510000000000000000e+02 2.039698970940000125e-26
2.520000000000000000e+02 2.047109191079999913e-26
2.530000000000000000e+02 2.054569706139999931e-26
2.540000000000000000e+02 2.062080997749999910e-26
2.550000000000000000e+02 2.069643553419999971e-26
2.560000000000000000e+02 2.077257866560000095e-26
2.570000000000000000e+02 2.084924436619999897e-26
2.580000000000000000e+02 2.092643769169999966e-26
2.590000000000000000e+02 2.100416375970000035e-26
2.600000000000000000e+02 2.108242775070000080e-26
2.610000000000000000e+02 2.116123490930000047e-26
2.620000000000000000e+02 2.124059054469999972e-26
2.630000000000000000e+02 2.132050003189999989e-26
2.640000000000000000e+02 2.140096881290000050e-26
2.650000000000000000e+02 2.148200239720000053e-26
2.660000000000000000e+02 2.156360636339999939e-26
2.670000000000000000e+02 2.164578635960000088e-26
2.680000000000000000e+02 2.172854810510000006e-26
2.690000000000000000e+02 2.181189739089999886e-26
2.700000000000000000e+02 2.189584008130000143e-26
2.710000000000000000e+02 2.198038211450000123e-26
2.720000000000000000e+02 2.206552950439999980e-26
2.730000000000000000e+02 2.215128834089999891e-26
2.740000000000000000e+02 2.223766479189999974e-26
2.750000000000000000e+02 2.232466510390000143e-26
2.760000000000000000e+02 2.241229560339999887e-26
2.770000000000000000e+02 2.250056269850000089e-26
2.780000000000000000e+02 2.258947287950000024e-26
2.790000000000000000e+02 2.267903272060000066e-26
2.800000000000000000e+02 2.276924888130000030e-26
2.810000000000000000e+02 2.286012810729999961e-26
2.820000000000000000e+02 2.295167723240000031e-26
2.830000000000000000e+02 2.304390317920000136e-26
2.840000000000000000e+02 2.313681296129999860e-26
2.850000000000000000e+02 2.323041368420000136e-26
2.860000000000000000e+02 2.332471254669999857e-26
2.870000000000000000e+02 2.341971684280000069e-26
2.880000000000000000e+02 2.351543396289999970e-26
2.890000000000000000e+02 2.361187139539999880e-26
2.900000000000000000e+02 2.370903672829999914e-26
2.910000000000000000e+02 2.380693765080000086e-26
2.920000000000000000e+02 2.390558195499999870e-26
2.930000000000000000e+02 2.400497753729999975e-26
2.940000000000000000e+02 2.410513240049999996e-26
2.950000000000000000e+02 2.420605465500000137e-26
2.960000000000000000e+02 2.430775252120000084e-26
2.970000000000000000e+02 2.441023433069999874e-26
2.980000000000000000e+02 2.451350852830000094e-26
2.990000000000000000e+02 2.461758367420000134e-26
3.000000000000000000e+02 2.472246844539999959e-26
3.010000000000000000e+02 2.482817163780000055e-26
3.020000000000000000e+02 2.493470216849999983e-26
3.030000000000000000e+02 2.504206907719999872e-26
3.040000000000000000e+02 2.515028152869999885e-26
3.050000000000000000e+02 2.525934881490000140e-26
3.060000000000000000e+02 2.536928035680000045e-26
3.070000000000000000e+02 2.548008570680000022e-26
3.080000000000000000e+02 2.559177455080000005e-26
3.090000000000000000e+02 2.570435671050000010e-26
3.100000000000000000e+02 2.581784214579999864e-26
3.110000000000000000e+02 2.593224095689999717e-26
3.120000000000000000e+02 2.604756338709999874e-26
3.130000000000000000e+02 2.616381982469999825e-26
3.140000000000000000e+02 2.628102080579999792e-26
3.150000000000000000e+02 2.639917701710000273e-26
3.160000000000000000e+02 2.651829929779999923e-26
3.170000000000000000e+02 2.663839864290000096e-26
3.180000000000000000e+02 2.675948620560000272e-26
3.190000000000000000e+02 2.688157329989999840e-26
3.200000000000000000e+02 2.700467140369999722e-26
3.210000000000000000e+02 2.712879216160000193e-26
3.220000000000000000e+02 2.725394738780000157e-26
3.230000000000000000e+02 2.738014906879999819e-26
3.240000000000000000e+02 2.750740936699999849e-26
3.250000000000000000e+02 2.763574062329999725e-26
3.260000000000000000e+02 2.776515536039999976e-26
3.270000000000000000e+02 2.789566628629999891e-26
3.280000000000000000e+02 2.802728629729999973e-26
3.290000000000000000e+02 2.816002848150000217e-26
3.300000000000000000e+02 2.829390612230000112e-26
3.310000000000000000e+02 2.842893270150000260e-26
3.320000000000000000e+02 2.856512190360000280e-26
3.330000000000000000e+02 2.870248761900000163e-26
3.340000000000000000e+02 2.884104394769999751e-26
3.350000000000000000e+02 2.898080520340000031e-26
3.360000000000000000e+02 2.912178591709999997e-26
3.370000000000000000e+02 2.926400084159999773e-26
3.380000000000000000e+02 2.940746495470000242e-26
3.390000000000000000e+02 2.955219346450000053e-26
3.400000000000000000e+02 2.969820181250000105e-26
3.410000000000000000e+02 2.984550567889999978e-26
3.420000000000000000e+02 2.999412098660000058e-26
3.430000000000000000e+02 3.014406390579999802e-26
3.440000000000000000e+02 3.029535085960000258e-26
3.450000000000000000e+02 3.044799853380000164e-26
3.460000000000000000e+02 3.060202643460000276e-26
3.470000000000000000e+02 3.075744409449999853e-26
3.480000000000000000e+02 3.091427660459999994e-26
3.490000000000000000e+02 3.107301223690000158e-26
3.500000000000000000e+02 3.123225000399999877e-26
3.510000000000000000e+02 3.139342724619999907e-26
3.520000000000000000e+02 3.155610084450000013e-26
3.530000000000000000e+02 3.172025578730000188e-26
3.540000000000000000e+02 3.188594546830000023e-26
3.550000000000000000e+02 3.205318416999999727e-26
3.560000000000000000e+02 3.222197234319999874e-26
3.570000000000000000e+02 3.239235055290000095e-26
3.580000000000000000e+02 3.256433646900000178e-26
3.590000000000000000e+02 3.273793592559999714e-26
3.600000000000000000e+02 3.291318783269999733e-26
3.610000000000000000e+02 3.309011756160000164e-26
3.620000000000000000e+02 3.326870921850000023e-26
3.630000000000000000e+02 3.344902947090000050e-26
3.640000000000000000e+02 3.363108081679999949e-26
3.650000000000000000e+02 3.381488836189999814e-26
3.660000000000000000e+02 3.400047874960000227e-26
3.670000000000000000e+02 3.418786266559999718e-26
3.680000000000000000e+02 3.437708433549999774e-26
3.690000000000000000e+02 3.456817584269999864e-26
3.700000000000000000e+02 3.476109736010000025e-26
3.710000000000000000e+02 3.495594597400000077e-26
3.720000000000000000e+02 3.515287769629999956e-26
3.735000000000000000e+02 3.545181728124999805e-26
3.760000000000000000e+02 3.596408974620000345e-26
3.795000000000000000e+02 3.669415447742499894e-26
3.835000000000000000e+02 3.756492718172500221e-26
3.875000000000000000e+02 3.847269503284999569e-26
3.915000000000000000e+02 3.941831052384999732e-26
3.955000000000000000e+02 4.040518291049999785e-26
3.995000000000000000e+02 4.143632523802499700e-26
4.035000000000000000e+02 4.251426851207500395e-26
4.075000000000000000e+02 4.363983445657499494e-26
4.115000000000000000e+02 4.481853662347499852e-26
4.155000000000000000e+02 4.605429273784999830e-26
4.195000000000000000e+02 4.736184038715000323e-26
4.235000000000000000e+02 4.870426071042499950e-26
4.280000000000000000e+02 5.031674954645999737e-26
4.325000000000000000e+02 5.201250185669998716e-26
4.365000000000000000e+02 5.361211259759999112e-26
4.410000000000000000e+02 5.620756592702000078e-26
4.455000000000000000e+02 5.763778836289999853e-26
4.495000000000000000e+02 5.945301000649999862e-26
4.540000000000000000e+02 6.169897879526000609e-26
4.590000000000000000e+02 6.447270584517999614e-26
4.635000000000000000e+02 2.142609971682749963e-25
4.680000000000000000e+02 6.992441035087999545e-26
4.725000000000000000e+02 7.341075149829999382e-26
4.770000000000000000e+02 7.591051884224000370e-26
4.820000000000000000e+02 8.325619323903999135e-26
4.870000000000000000e+02 8.411310336907998750e-26
4.920000000000000000e+02 8.995529870146000297e-26
4.970000000000000000e+02 9.343243849398000597e-26
5.020000000000000000e+02 9.897079888788000473e-26
5.070000000000000000e+02 8.491776429580001254e-25
5.120000000000000000e+02 1.137027745526000005e-25
5.170000000000000000e+02 1.231121215945999949e-25
5.220000000000000000e+02 1.311148479766000044e-25
5.270000000000000000e+02 1.476891041072000112e-25
5.325000000000000000e+02 3.232620015663833693e-24
5.380000000000000000e+02 6.183777996933999933e-25
5.430000000000000000e+02 7.651809581147999245e-25
5.485000000000000000e+02 4.543525479418333461e-25
5.540000000000000000e+02 2.703822757987999513e-25
5.595000000000000000e+02 3.636178395350000077e-25
5.655000000000000000e+02 1.307679910319499990e-24
5.710000000000000000e+02 1.219742903043000052e-24
5.765000000000000000e+02 1.037073441518833335e-24
5.825000000000000000e+02 1.800519930390749787e-23
5.885000000000000000e+02 4.545289386325000387e-24
5.945000000000000000e+02 8.403456752660333420e-23
6.005000000000000000e+02 3.031287931564166772e-22
6.065000000000000000e+02 5.566886847218832905e-23
6.125000000000000000e+02 4.138875301917266612e-22
6.185000000000000000e+02 7.572556820660995748e-21
6.245000000000000000e+02 3.361220952488333588e-23
6.305000000000000000e+02 5.739934787940001087e-22
6.370000000000000000e+02 2.008238888884900381e-21
6.435000000000000000e+02 4.325112093127999923e-22
6.500000000000000000e+02 2.469339717933285824e-21
6.565000000000000000e+02 3.697215764040790204e-19
6.630000000000000000e+02 8.915925215220286402e-21
6.695000000000000000e+02 1.209987234431248884e-17
6.760000000000000000e+02 6.505112311008355863e-20
6.830000000000000000e+02 4.343066094025714141e-21
6.900000000000000000e+02 4.343268693967429163e-21
6.970000000000000000e+02 6.223653461472572176e-22
7.040000000000000000e+02 9.428280289447570013e-22
7.110000000000000000e+02 1.603572994606157165e-21
7.180000000000000000e+02 1.355254393687242968e-22
7.250000000000000000e+02 1.255055941257742606e-22
7.320000000000000000e+02 1.256413398338142875e-23
7.395000000000000000e+02 1.272523117371499984e-23
7.470000000000000000e+02 4.462219557414286132e-24
7.545000000000000000e+02 1.601562118447249977e-24
7.620000000000000000e+02 9.961092059058570742e-25
7.695000000000000000e+02 1.602921057982524854e-23
7.775000000000000000e+02 3.818052423761250344e-25
7.855000000000000000e+02 3.924368194208749816e-25
7.930000000000000000e+02 1.443122117231714587e-24
8.005000000000000000e+02 4.619406042821249910e-25
8.085000000000000000e+02 1.862031045717500047e-25
8.170000000000000000e+02 1.817840726595555566e-25
8.255000000000000000e+02 1.299313338746249889e-25
8.335000000000000000e+02 1.192277203263749987e-25
8.415000000000000000e+02 1.023371896449875116e-25
8.500000000000000000e+02 9.009465205504443810e-26
8.585000000000000000e+02 8.273621058428749767e-26
8.670000000000000000e+02 7.965758365325554493e-26
8.760000000000000000e+02 7.267124831361111406e-26
8.850000000000000000e+02 7.156290800178888878e-26
8.935000000000000000e+02 9.046559898984999845e-26
9.020000000000000000e+02 9.709698513377778098e-26
9.115000000000000000e+02 6.364290689005000132e-26
9.210000000000000000e+02 1.057975279546777732e-25
9.300000000000000000e+02 2.734857071271020053e-23
9.390000000000000000e+02 6.648860952097777935e-26
9.485000000000000000e+02 5.532573061323301068e-25
9.580000000000000000e+02 3.113134466610776902e-25
9.675000000000000000e+02 1.377429061249300006e-25
9.775000000000000000e+02 1.124374198678999860e-25
9.870000000000000000e+02 5.331643417377778741e-26
9.965000000000000000e+02 4.557040855588001031e-26
1.006500000000000000e+03 4.694060436574999609e-26
1.016500000000000000e+03 4.668807979654000872e-26
1.027000000000000000e+03 8.460554546905455512e-26
1.037500000000000000e+03 7.474655822761000323e-26
1.047500000000000000e+03 6.530243388689999918e-25
1.058000000000000000e+03 1.789687347156363721e-25
1.069000000000000000e+03 1.344018229561272591e-24
1.079500000000000000e+03 2.467500292572109649e-24
1.090000000000000000e+03 3.200183317935679607e-23
1.101000000000000000e+03 4.523376580803636036e-26
1.112000000000000000e+03 3.069719247462727408e-26
1.123000000000000000e+03 3.027623499160909184e-26
1.134500000000000000e+03 3.002774458549999921e-26
1.146000000000000000e+03 2.983535330537272493e-26
1.157500000000000000e+03 2.969476504525833408e-26
1.169000000000000000e+03 2.959990023370000176e-26
1.180500000000000000e+03 2.957663717242500014e-26
1.192500000000000000e+03 2.957645161580832884e-26
1.204500000000000000e+03 3.046995720907500768e-26
1.216500000000000000e+03 5.743929420942499741e-26
1.228500000000000000e+03 4.487964660686666534e-26
1.240500000000000000e+03 8.080368964485000257e-26
1.253000000000000000e+03 4.482677424023385195e-25
1.266000000000000000e+03 1.153162395538230709e-25
1.278500000000000000e+03 5.146895331168333913e-26
1.291000000000000000e+03 3.980570271328460873e-26
1.304000000000000000e+03 3.156812465196153893e-26
1.317000000000000000e+03 3.181616547249229901e-26
1.330000000000000000e+03 3.642173971781538410e-26
1.343500000000000000e+03 4.221755244535000340e-26
1.357000000000000000e+03 8.727603647936154727e-26
1.370500000000000000e+03 4.537961673887213858e-25
1.384500000000000000e+03 2.563703407094278207e-24
1.398500000000000000e+03 5.937961670535356629e-25
1.412500000000000000e+03 5.267688807927143423e-26
1.426500000000000000e+03 3.699813264111428491e-26
1.440500000000000000e+03 3.761626359969285561e-26
1.455000000000000000e+03 3.835399569098666181e-26
1.469500000000000000e+03 3.935301294106428222e-26
1.484000000000000000e+03 4.044391442580000420e-26
1.499000000000000000e+03 4.159486333658667521e-26
1.514000000000000000e+03 4.284956928837999429e-26
1.529000000000000000e+03 4.418519116089333308e-26
1.544500000000000000e+03 4.565917505026874560e-26
1.560000000000000000e+03 4.723430626415332975e-26
1.575500000000000000e+03 4.892097762536249992e-26
1.591500000000000000e+03 5.077960935673125393e-26
1.607500000000000000e+03 5.277468128702500396e-26
1.623500000000000000e+03 5.491525521280624493e-26
1.639500000000000000e+03 5.721391362236250297e-26
1.656000000000000000e+03 5.976595257483528630e-26
1.672500000000000000e+03 6.251657750525624858e-26
1.689000000000000000e+03 6.548980893311175887e-26
1.706000000000000000e+03 6.880617966931177457e-26
1.723000000000000000e+03 7.241043617768824601e-26
1.740500000000000000e+03 7.645381169439445376e-26
1.758000000000000000e+03 8.086596660232354155e-26
1.775500000000000000e+03 8.602286704744444693e-26
1.793500000000000000e+03 9.141612242397222416e-26
1.811500000000000000e+03 9.735713213518332746e-26
1.829500000000000000e+03 1.044834011866111231e-25
1.847500000000000000e+03 1.244720109082778212e-25
1.866000000000000000e+03 7.345410879495263696e-25
1.884500000000000000e+03 1.661675044251666351e-25
1.903000000000000000e+03 2.250485985497368219e-24
1.922000000000000000e+03 1.076731028972262900e-24
1.941500000000000000e+03 3.443647440865124398e-23
1.961000000000000000e+03 2.494768233711578743e-25
1.980500000000000000e+03 2.200670222179500067e-25
2.000500000000000000e+03 2.409303808186999680e-25
2.020500000000000000e+03 9.158949131331496796e-25
2.040500000000000000e+03 7.187276424128848903e-24
2.061000000000000000e+03 4.360631164697143123e-24
2.082000000000000000e+03 1.195534161021576289e-23
2.102500000000000000e+03 3.451116885920845272e-23
2.123500000000000000e+03 7.925496412274999652e-25
2.145000000000000000e+03 2.017056471263333442e-24
2.166500000000000000e+03 8.773925131375454513e-25
2.188000000000000000e+03 1.473566344520286058e-24
2.209500000000000000e+03 2.981634819838182007e-24
2.231500000000000000e+03 3.359332506430909450e-23
2.254000000000000000e+03 4.987922040178564000e-22
2.277000000000000000e+03 1.307442552389283178e-21
2.299500000000000000e+03 1.158321746062077240e-20
2.322500000000000000e+03 4.527036223655021990e-19
2.346000000000000000e+03 2.565267175497908375e-19
2.369000000000000000e+03 1.334963381562332843e-19
2.392500000000000000e+03 3.120357874457783727e-21
2.416500000000000000e+03 7.132753702415417745e-24
2.441000000000000000e+03 3.533573436506000310e-24
2.465500000000000000e+03 2.223896980727500016e-24
2.490000000000000000e+03 1.419549728716399836e-24
2.515000000000000000e+03 1.012367741097600090e-24
2.540000000000000000e+03 7.551219536932401002e-25
2.565500000000000000e+03 5.881279065351154633e-25
2.591500000000000000e+03 5.037785263706154421e-25
2.617500000000000000e+03 4.602574808996923462e-25
2.643500000000000000e+03 3.559746767412691723e-25
2.669500000000000000e+03 2.777665172418461229e-25
2.696000000000000000e+03 2.326356008292592393e-25
2.723000000000000000e+03 1.960414245708889153e-25
2.750500000000000000e+03 1.911192834824285379e-25
2.778000000000000000e+03 1.536733842121852231e-25
2.805500000000000000e+03 1.464647594125000124e-25
2.834000000000000000e+03 1.174648134402413903e-25
2.862500000000000000e+03 1.046089633694499977e-25
2.891000000000000000e+03 9.411326484867242470e-26
2.920000000000000000e+03 8.504583195122758684e-26
2.949000000000000000e+03 7.733879802929312981e-26
2.978500000000000000e+03 7.341364324584999305e-26
3.008500000000000000e+03 6.466833030247000876e-26
3.038500000000000000e+03 5.947338899756999140e-26
3.068500000000000000e+03 5.541854636475666515e-26
3.099000000000000000e+03 5.187908645701290704e-26
3.130000000000000000e+03 5.192555436454839473e-26
3.161500000000000000e+03 6.572034561390314307e-26
3.193500000000000000e+03 4.876472273593437385e-26
3.225500000000000000e+03 4.091795266956875633e-26
3.257500000000000000e+03 5.855857660734999911e-26
3.290000000000000000e+03 2.010805264209182104e-25
3.323000000000000000e+03 7.078144690124851595e-26
3.356000000000000000e+03 3.124074541279667442e-25
3.389500000000000000e+03 6.917235817747647744e-26
3.423500000000000000e+03 8.124380062961468967e-26
3.458000000000000000e+03 1.920484962797491185e-24
3.492500000000000000e+03 1.668918808471346931e-23
3.527000000000000000e+03 1.277116441791215318e-22
3.562500000000000000e+03 5.406698911103044971e-22
3.598500000000000000e+03 4.222842927033192908e-22
3.634500000000000000e+03 5.215939358426666229e-22
3.670500000000000000e+03 5.149826944587361564e-23
3.707000000000000000e+03 2.158544989504823734e-19
3.744500000000000000e+03 7.021689686479912809e-20
3.782000000000000000e+03 1.785974864593811076e-25
3.819500000000000000e+03 1.189035858349710782e-25
3.858000000000000000e+03 6.261780689018975690e-26
3.896500000000000000e+03 3.224697972937367805e-26
3.935000000000000000e+03 2.516082591830512351e-26
3.974500000000000000e+03 2.167260106366749980e-26
4.014500000000000000e+03 5.475281052455249866e-26
4.054500000000000000e+03 1.531504113624750221e-26
4.095000000000000000e+03 1.351531033180243879e-26
4.136000000000000000e+03 1.295167920160976081e-26
4.177500000000000000e+03 1.147886889731428277e-26
4.219500000000000000e+03 1.055319478640476194e-26
4.261500000000000000e+03 9.850840042818333281e-27
4.304000000000000000e+03 9.245555132762325304e-27
4.347000000000000000e+03 8.756905892801627583e-27
4.390500000000000000e+03 8.810031732324772391e-27
4.434500000000000000e+03 7.857994132529545906e-27
4.479000000000000000e+03 2.228912529574888165e-26
4.524000000000000000e+03 8.296832230563110926e-27
4.569000000000000000e+03 8.255010736072888979e-27
4.614500000000000000e+03 1.309511708289989038e-25
4.660500000000000000e+03 2.265412382171873921e-25
4.707000000000000000e+03 1.103223984934731625e-25
4.754500000000000000e+03 4.154236847801588146e-25
4.802000000000000000e+03 1.030028149790743222e-23
4.850000000000000000e+03 1.308203907802080532e-22
4.898500000000000000e+03 6.331575392762665041e-24
4.947500000000000000e+03 4.690411872396634556e-23
4.997000000000000000e+03 2.074365044296923525e-23
5.047000000000000000e+03 1.095980371429499878e-24
5.097500000000000000e+03 1.258567204069981848e-23
5.148000000000000000e+03 2.114081802523261676e-23
5.199500000000000000e+03 3.958379991568058199e-26
5.251500000000000000e+03 9.873462954840081648e-26
5.304000000000000000e+03 1.167066481223739081e-25
5.357500000000000000e+03 2.431498163770185470e-26
5.411000000000000000e+03 3.353217132266791679e-27
5.465000000000000000e+03 3.235203400540182353e-27
5.520000000000000000e+03 3.936987062345818546e-27
5.575000000000000000e+03 9.025741770250180523e-27
5.630500000000000000e+03 3.520360952655356509e-27
5.687000000000000000e+03 2.873037231017017603e-27
5.744000000000000000e+03 2.683886902750877101e-27
5.801500000000000000e+03 2.769808213071551891e-27
5.859500000000000000e+03 1.026244611468344622e-26
5.918000000000000000e+03 1.078644827197864426e-26
5.977000000000000000e+03 5.173175960671440210e-26
6.036500000000000000e+03 2.374612142571967081e-26
6.097000000000000000e+03 1.360050368551119847e-24
6.158000000000000000e+03 3.635478010384031510e-26
6.219500000000000000e+03 5.541178218165807690e-25
6.282000000000000000e+03 3.015294152413043015e-24
6.345000000000000000e+03 3.924868407453686476e-24
6.408500000000000000e+03 6.020855505409264483e-26
6.472500000000000000e+03 3.401155398428530569e-26
6.537000000000000000e+03 1.200021881273817532e-25
6.602500000000000000e+03 3.100342275699544390e-27
6.668500000000000000e+03 7.328534605987652464e-26
6.735000000000000000e+03 9.167816941936717077e-27
6.802500000000000000e+03 1.306045511630618597e-26
6.870500000000000000e+03 5.237447956252346733e-25
6.939000000000000000e+03 6.078752433285334199e-23
7.008500000000000000e+03 1.681981847808124728e-24
7.078500000000000000e+03 1.404022756917428685e-27
7.149500000000000000e+03 1.518315257385832887e-27
7.221000000000000000e+03 1.546254136118732303e-27
7.293000000000000000e+03 1.206726922613753903e-26
7.366000000000000000e+03 1.529090233510685096e-27
7.439500000000000000e+03 4.892006498432299973e-27
7.514000000000000000e+03 3.341251868960135295e-27
7.589500000000000000e+03 2.288367999329982316e-25
7.665500000000000000e+03 1.369701751616315676e-27
7.742000000000000000e+03 1.135825937232893668e-25
7.819500000000000000e+03 1.068128459412628204e-27
7.897500000000000000e+03 1.311703369654627980e-27
7.976500000000000000e+03 4.375070081420762690e-27
8.056500000000000000e+03 1.423014797975441476e-26
8.137000000000000000e+03 7.101750551700950725e-26
8.218000000000000000e+03 5.565470793100931299e-25
8.300000000000000000e+03 1.357968535517607952e-24
8.383500000000000000e+03 8.266096524887021755e-28
8.467500000000000000e+03 8.475835412929402754e-28
8.552000000000000000e+03 7.924805990898117904e-28
8.637500000000000000e+03 9.806535408935112007e-28
8.724000000000000000e+03 8.862971432200803995e-28
8.811000000000000000e+03 9.189614711912298213e-28
8.899000000000000000e+03 7.123122385058990369e-28
8.988000000000000000e+03 1.412832047458763428e-27
9.078000000000000000e+03 8.764282135923733766e-28
9.169000000000000000e+03 7.499937877853295914e-28
9.260500000000000000e+03 6.976330643056305527e-28
9.353000000000000000e+03 6.717966172550879960e-27
9.446500000000000000e+03 2.370504848707680538e-27
9.541000000000000000e+03 1.124667639714045959e-26
9.636500000000000000e+03 2.959869935917521016e-27
9.733000000000000000e+03 5.497788964487216502e-28
9.830000000000000000e+03 5.355906968120618039e-28
9.928000000000000000e+03 5.218417835453030619e-28
9.989000000000000000e+03 5.135319616746087023e-28
