1.000000000000000000e+01 1.071355552509999937e-27
1.100000000000000000e+01 1.073907612360000014e-27
1.200000000000000000e+01 1.075696587869999953e-27
1.300000000000000000e+01 1.077872170820000061e-27
1.400000000000000000e+01 1.089605068949999952e-27
1.500000000000000000e+01 1.082252078420000071e-27
1.600000000000000000e+01 1.084475161619999977e-27
1.700000000000000000e+01 1.086988296939999989e-27
1.800000000000000000e+01 1.088883294509999958e-27
1.900000000000000000e+01 1.091181417370000027e-27
2.000000000000000000e+01 1.093424621770000082e-27
2.100000000000000000e+01 1.095593197279999921e-27
2.200000000000000000e+01 1.098078578950000077e-27
2.300000000000000000e+01 1.100133729189999940e-27
2.400000000000000000e+01 1.102384170920000009e-27
2.500000000000000000e+01 1.108274802069999945e-27
2.600000000000000000e+01 1.106957796369999966e-27
2.700000000000000000e+01 1.109258590550000047e-27
2.800000000000000000e+01 1.112875582939999943e-27
2.900000000000000000e+01 1.113876326820000082e-27
3.000000000000000000e+01 1.116220560269999976e-27
3.100000000000000000e+01 1.118841324780000067e-27
3.200000000000000000e+01 1.120884628460000069e-27
3.300000000000000000e+01 1.123282310440000051e-27
3.400000000000000000e+01 1.125636873520000075e-27
3.500000000000000000e+01 1.127981889139999971e-27
3.600000000000000000e+01 1.130707464400000023e-27
3.700000000000000000e+01 1.132763313779999971e-27
3.800000000000000000e+01 1.135168671259999983e-27
3.900000000000000000e+01 1.137648811179999978e-27
4.000000000000000000e+01 1.140008626270000085e-27
4.100000000000000000e+01 1.142446496379999913e-27
4.200000000000000000e+01 1.144894096389999958e-27
4.300000000000000000e+01 1.147346435330000017e-27
4.400000000000000000e+01 1.149817760719999958e-27
4.500000000000000000e+01 1.152290290430000011e-27
4.600000000000000000e+01 1.154777191619999985e-27
4.700000000000000000e+01 1.158383992279999981e-27
4.800000000000000000e+01 1.159783257609999987e-27
4.900000000000000000e+01 1.162302150960000022e-27
5.000000000000000000e+01 1.164832214360000019e-27
5.100000000000000000e+01 1.167371908810000003e-27
5.200000000000000000e+01 1.169923076910000025e-27
5.300000000000000000e+01 1.172484900509999916e-27
5.400000000000000000e+01 1.175057676980000048e-27
5.500000000000000000e+01 1.177642228990000040e-27
5.600000000000000000e+01 1.180236309829999937e-27
5.700000000000000000e+01 1.182842265939999936e-27
5.800000000000000000e+01 1.185459452150000023e-27
5.900000000000000000e+01 1.188087806319999958e-27
6.000000000000000000e+01 1.190727538510000082e-27
6.100000000000000000e+01 1.193378664249999995e-27
6.200000000000000000e+01 1.196041263129999950e-27
6.300000000000000000e+01 1.198715438649999944e-27
6.400000000000000000e+01 1.201401173709999928e-27
6.500000000000000000e+01 1.204098631619999975e-27
6.600000000000000000e+01 1.206807858350000050e-27
6.700000000000000000e+01 1.209528926910000022e-27
6.800000000000000000e+01 1.212261915990000083e-27
6.900000000000000000e+01 1.215006901469999981e-27
7.000000000000000000e+01 1.217763960729999919e-27
7.100000000000000000e+01 1.220533171800000082e-27
7.200000000000000000e+01 1.223314613369999949e-27
7.300000000000000000e+01 1.226108364790000078e-27
7.400000000000000000e+01 1.228914506059999938e-27
7.500000000000000000e+01 1.231733117859999949e-27
7.600000000000000000e+01 1.234564281550000050e-27
7.700000000000000000e+01 1.237408079180000083e-27
7.800000000000000000e+01 1.240264593460000076e-27
7.900000000000000000e+01 1.243133907840000082e-27
8.000000000000000000e+01 1.246016106450000031e-27
8.100000000000000000e+01 1.248911274119999960e-27
8.200000000000000000e+01 1.251819496429999954e-27
8.300000000000000000e+01 1.254740859670000049e-27
8.400000000000000000e+01 1.257675450850000080e-27
8.500000000000000000e+01 1.260623357760000002e-27
8.600000000000000000e+01 1.263584668900000080e-27
8.700000000000000000e+01 1.266559473549999987e-27
8.800000000000000000e+01 1.269547861739999982e-27
8.900000000000000000e+01 1.272549924289999933e-27
9.000000000000000000e+01 1.275565752779999962e-27
9.100000000000000000e+01 1.278595439610000053e-27
9.200000000000000000e+01 1.281639077930000061e-27
9.300000000000000000e+01 1.284696761739999957e-27
9.400000000000000000e+01 1.287768585830000038e-27
9.500000000000000000e+01 1.290854645819999950e-27
9.600000000000000000e+01 1.293955038149999920e-27
9.700000000000000000e+01 1.297069860129999980e-27
9.800000000000000000e+01 1.300199209869999978e-27
9.900000000000000000e+01 1.303343186390000022e-27
1.000000000000000000e+02 1.306501889539999930e-27
1.010000000000000000e+02 1.309675420050000067e-27
1.020000000000000000e+02 1.312863879549999962e-27
1.030000000000000000e+02 1.316067370560000073e-27
1.040000000000000000e+02 1.319285996489999998e-27
1.050000000000000000e+02 1.322519861680000006e-27
1.060000000000000000e+02 1.325769071379999911e-27
1.070000000000000000e+02 1.329033731790000067e-27
1.080000000000000000e+02 1.332313950040000066e-27
1.090000000000000000e+02 1.335609834220000064e-27
1.100000000000000000e+02 1.338921493380000066e-27
1.110000000000000000e+02 1.342249037539999949e-27
1.120000000000000000e+02 1.345592577710000049e-27
1.130000000000000000e+02 1.348952225890000088e-27
1.140000000000000000e+02 1.352328095099999959e-27
1.150000000000000000e+02 1.355720299370000068e-27
1.160000000000000000e+02 1.359128953740000071e-27
1.170000000000000000e+02 1.362554174319999924e-27
1.180000000000000000e+02 1.365996078239999936e-27
1.190000000000000000e+02 1.369454783730000070e-27
1.200000000000000000e+02 1.372930410049999951e-27
1.210000000000000000e+02 1.376423077579999982e-27
1.220000000000000000e+02 1.379932907769999968e-27
1.230000000000000000e+02 1.383460023210000002e-27
1.240000000000000000e+02 1.387004547590000014e-27
1.250000000000000000e+02 1.390566605740000042e-27
1.260000000000000000e+02 1.394146323630000057e-27
1.270000000000000000e+02 1.397743828410000058e-27
1.280000000000000000e+02 1.401359248380000003e-27
1.290000000000000000e+02 1.404992713039999927e-27
1.300000000000000000e+02 1.408644353079999919e-27
1.310000000000000000e+02 1.412314300399999994e-27
1.320000000000000000e+02 1.416002688150000009e-27
1.330000000000000000e+02 1.419709650680000079e-27
1.340000000000000000e+02 1.423435323630000083e-27
1.350000000000000000e+02 1.427179843899999944e-27
1.360000000000000000e+02 1.430943349639999969e-27
1.370000000000000000e+02 1.434725980350000015e-27
1.380000000000000000e+02 1.438527876800000010e-27
1.390000000000000000e+02 1.442349181089999921e-27
1.400000000000000000e+02 1.446190036690000035e-27
1.410000000000000000e+02 1.450050588399999960e-27
1.420000000000000000e+02 1.453930982389999978e-27
1.430000000000000000e+02 1.457831366249999918e-27
1.440000000000000000e+02 1.461751888930000079e-27
1.450000000000000000e+02 1.465692700830000019e-27
1.460000000000000000e+02 1.469653953789999964e-27
1.470000000000000000e+02 1.473635801070000044e-27
1.480000000000000000e+02 1.477638397439999972e-27
1.490000000000000000e+02 1.481661899130000001e-27
1.500000000000000000e+02 1.485706463879999970e-27
1.510000000000000000e+02 1.489772250960000066e-27
1.520000000000000000e+02 1.493859421159999912e-27
1.530000000000000000e+02 1.497968136859999984e-27
1.540000000000000000e+02 1.502098561980000061e-27
1.550000000000000000e+02 1.506250862059999957e-27
1.560000000000000000e+02 1.510425204240000009e-27
1.570000000000000000e+02 1.514621757290000074e-27
1.580000000000000000e+02 1.518840691639999966e-27
1.590000000000000000e+02 1.523082179390000013e-27
1.600000000000000000e+02 1.527346394320000008e-27
1.610000000000000000e+02 1.531633511940000052e-27
1.620000000000000000e+02 1.535943709459999935e-27
1.630000000000000000e+02 1.540277165870000058e-27
1.640000000000000000e+02 1.544634061919999944e-27
1.650000000000000000e+02 1.549014580159999953e-27
1.660000000000000000e+02 1.553418904940000023e-27
1.670000000000000000e+02 1.557847222470000001e-27
1.680000000000000000e+02 1.562299720789999926e-27
1.690000000000000000e+02 1.566776589860000071e-27
1.700000000000000000e+02 1.571278021509999924e-27
1.710000000000000000e+02 1.575804209499999948e-27
1.720000000000000000e+02 1.580355349569999911e-27
1.730000000000000000e+02 1.584931639400000045e-27
1.740000000000000000e+02 1.589533278689999983e-27
1.750000000000000000e+02 1.594160469149999997e-27
1.760000000000000000e+02 1.598813414550000035e-27
1.770000000000000000e+02 1.603492320720000088e-27
1.780000000000000000e+02 1.608197395599999951e-27
1.790000000000000000e+02 1.612928849249999965e-27
1.800000000000000000e+02 1.617686893859999965e-27
1.810000000000000000e+02 1.622471743840000039e-27
1.820000000000000000e+02 1.627283615769999869e-27
1.830000000000000000e+02 1.632122728470000158e-27
1.840000000000000000e+02 1.636989303009999962e-27
1.850000000000000000e+02 1.641883562780000092e-27
1.860000000000000000e+02 1.646805733440000123e-27
1.870000000000000000e+02 1.651756043030000096e-27
1.880000000000000000e+02 1.656734721940000088e-27
1.890000000000000000e+02 1.661742003000000074e-27
1.900000000000000000e+02 1.666778121420000135e-27
1.910000000000000000e+02 1.671843314920000067e-27
1.920000000000000000e+02 1.676937823700000018e-27
1.930000000000000000e+02 1.682061890489999895e-27
1.940000000000000000e+02 1.687215760580000160e-27
1.950000000000000000e+02 1.692399681860000128e-27
1.960000000000000000e+02 1.697613904820000122e-27
1.970000000000000000e+02 1.702858682629999877e-27
1.980000000000000000e+02 1.708134271170000049e-27
1.990000000000000000e+02 1.713440929010000009e-27
2.000000000000000000e+02 1.718778917509999889e-27
2.010000000000000000e+02 1.724148500819999858e-27
2.020000000000000000e+02 1.729549945929999894e-27
2.030000000000000000e+02 1.734983522699999847e-27
2.040000000000000000e+02 1.740449503889999883e-27
2.050000000000000000e+02 1.745948165219999905e-27
2.060000000000000000e+02 1.751479785389999966e-27
2.070000000000000000e+02 1.757044646120000005e-27
2.080000000000000000e+02 1.762643032210000000e-27
2.090000000000000000e+02 1.768275231539999959e-27
2.100000000000000000e+02 1.773941535160000153e-27
2.110000000000000000e+02 1.779642237290000027e-27
2.120000000000000000e+02 1.785377635390000177e-27
2.130000000000000000e+02 1.791148030179999880e-27
2.140000000000000000e+02 1.796953725710000140e-27
2.150000000000000000e+02 1.802795029380000149e-27
2.160000000000000000e+02 1.808672251989999919e-27
2.170000000000000000e+02 1.814585707800000076e-27
2.180000000000000000e+02 1.820535714560000132e-27
2.190000000000000000e+02 1.826522593570000075e-27
2.200000000000000000e+02 1.832546669700000055e-27
2.210000000000000000e+02 1.838608271489999915e-27
2.220000000000000000e+02 1.844707731149999905e-27
2.230000000000000000e+02 1.850845384620000114e-27
2.240000000000000000e+02 1.857021571649999953e-27
2.250000000000000000e+02 1.863236635809999963e-27
2.260000000000000000e+02 1.869490924589999921e-27
2.270000000000000000e+02 1.875784789399999905e-27
2.280000000000000000e+02 1.882118585650000140e-27
2.290000000000000000e+02 1.888492672840000137e-27
2.300000000000000000e+02 1.894907414540000085e-27
2.310000000000000000e+02 1.901363178510000063e-27
2.320000000000000000e+02 1.907860336730000118e-27
2.330000000000000000e+02 1.914399265460000053e-27
2.340000000000000000e+02 1.920980345330000007e-27
2.350000000000000000e+02 1.927603961330000069e-27
2.360000000000000000e+02 1.934270502959999934e-27
2.370000000000000000e+02 1.940980364209999925e-27
2.380000000000000000e+02 1.947733943699999908e-27
2.390000000000000000e+02 1.954531644680000001e-27
2.400000000000000000e+02 1.961373875130000112e-27
2.410000000000000000e+02 1.968261047810000055e-27
2.420000000000000000e+02 1.975193580369999821e-27
2.430000000000000000e+02 1.982171895339999917e-27
2.440000000000000000e+02 1.989196420289999959e-27
2.450000000000000000e+02 1.996267587820000087e-27
2.460000000000000000e+02 2.003385835699999872e-27
2.470000000000000000e+02 2.010551606890000160e-27
2.480000000000000000e+02 2.017765349660000138e-27
2.490000000000000000e+02 2.025027517619999917e-27
2.500000000000000000e+02 2.032338569860000161e-27
2.510000000000000000e+02 2.039698970949999934e-27
2.520000000000000000e+02 2.047109191079999913e-27
2.530000000000000000e+02 2.054569706140000074e-27
2.540000000000000000e+02 2.062080997760000150e-27
2.550000000000000000e+02 2.069643553419999899e-27
2.560000000000000000e+02 2.077257866560000095e-27
2.570000000000000000e+02 2.084924436630000136e-27
2.580000000000000000e+02 2.092643769180000062e-27
2.590000000000000000e+02 2.100416375980000131e-27
2.600000000000000000e+02 2.108242775079999889e-27
2.610000000000000000e+02 2.116123490939999928e-27
2.620000000000000000e+02 2.124059054469999829e-27
2.630000000000000000e+02 2.132050003200000013e-27
2.640000000000000000e+02 2.140096881289999979e-27
2.650000000000000000e+02 2.148200239729999862e-27
2.660000000000000000e+02 2.156360636340000083e-27
2.670000000000000000e+02 2.164578635970000041e-27
2.680000000000000000e+02 2.172854810509999934e-27
2.690000000000000000e+02 2.181189739099999839e-27
2.700000000000000000e+02 2.189584008130000072e-27
2.710000000000000000e+02 2.198038211459999932e-27
2.720000000000000000e+02 2.206552950449999933e-27
2.730000000000000000e+02 2.215128834099999988e-27
2.740000000000000000e+02 2.223766479200000142e-27
2.750000000000000000e+02 2.232466510390000000e-27
2.760000000000000000e+02 2.241229560349999912e-27
2.770000000000000000e+02 2.250056269860000042e-27
2.780000000000000000e+02 2.258947287960000048e-27
2.790000000000000000e+02 2.267903272070000091e-27
2.800000000000000000e+02 2.276924888140000126e-27
2.810000000000000000e+02 2.286012810740000129e-27
2.820000000000000000e+02 2.295167723240000174e-27
2.830000000000000000e+02 2.304390317930000017e-27
2.840000000000000000e+02 2.313681296140000100e-27
2.850000000000000000e+02 2.323041368429999874e-27
2.860000000000000000e+02 2.332471254680000168e-27
2.870000000000000000e+02 2.341971684290000094e-27
2.880000000000000000e+02 2.351543396299999851e-27
2.890000000000000000e+02 2.361187139550000048e-27
2.900000000000000000e+02 2.370903672839999938e-27
2.910000000000000000e+02 2.380693765089999967e-27
2.920000000000000000e+02 2.390558195510000038e-27
2.930000000000000000e+02 2.400497753739999857e-27
2.940000000000000000e+02 2.410513240060000164e-27
2.950000000000000000e+02 2.420605465510000162e-27
2.960000000000000000e+02 2.430775252129999894e-27
2.970000000000000000e+02 2.441023433079999826e-27
2.980000000000000000e+02 2.451350852839999903e-27
2.990000000000000000e+02 2.461758367430000087e-27
3.000000000000000000e+02 2.472246844549999984e-27
3.010000000000000000e+02 2.482817163790000080e-27
3.020000000000000000e+02 2.493470216860000151e-27
3.030000000000000000e+02 2.504206907729999968e-27
3.040000000000000000e+02 2.515028152879999910e-27
3.050000000000000000e+02 2.525934881500000021e-27
3.060000000000000000e+02 2.536928035690000142e-27
3.070000000000000000e+02 2.548008570690000118e-27
3.080000000000000000e+02 2.559177455089999958e-27
3.090000000000000000e+02 2.570435671060000035e-27
3.100000000000000000e+02 2.581784214589999888e-27
3.110000000000000000e+02 2.593224095709999838e-27
3.120000000000000000e+02 2.604756338720000114e-27
3.130000000000000000e+02 2.616381982480000136e-27
3.140000000000000000e+02 2.628102080600000056e-27
3.150000000000000000e+02 2.639917701720000011e-27
3.160000000000000000e+02 2.651829929800000115e-27
3.170000000000000000e+02 2.663839864309999858e-27
3.180000000000000000e+02 2.675948620570000010e-27
3.190000000000000000e+02 2.688157330000000008e-27
3.200000000000000000e+02 2.700467140380000034e-27
3.210000000000000000e+02 2.712879216180000027e-27
3.220000000000000000e+02 2.725394738789999895e-27
3.230000000000000000e+02 2.738014906900000084e-27
3.240000000000000000e+02 2.750740936719999970e-27
3.250000000000000000e+02 2.763574062339999821e-27
3.260000000000000000e+02 2.776515536050000144e-27
3.270000000000000000e+02 2.789566628649999940e-27
3.280000000000000000e+02 2.802728629749999950e-27
3.290000000000000000e+02 2.816002848170000051e-27
3.300000000000000000e+02 2.829390612239999993e-27
3.310000000000000000e+02 2.842893270159999926e-27
3.320000000000000000e+02 2.856512190379999898e-27
3.330000000000000000e+02 2.870248761909999900e-27
3.340000000000000000e+02 2.884104394789999944e-27
3.350000000000000000e+02 2.898080520349999983e-27
3.360000000000000000e+02 2.912178591730000118e-27
3.370000000000000000e+02 2.926400084169999869e-27
3.380000000000000000e+02 2.940746495490000076e-27
3.390000000000000000e+02 2.955219346459999862e-27
3.400000000000000000e+02 2.969820181269999939e-27
3.410000000000000000e+02 2.984550567909999955e-27
3.420000000000000000e+02 2.999412098680000107e-27
3.430000000000000000e+02 3.014406390599999994e-27
3.440000000000000000e+02 3.029535085969999996e-27
3.450000000000000000e+02 3.044799853389999830e-27
3.460000000000000000e+02 3.060202643519999993e-27
3.470000000000000000e+02 3.075744409470000117e-27
3.480000000000000000e+02 3.091427660470000091e-27
3.490000000000000000e+02 3.107301759739999957e-27
3.500000000000000000e+02 3.123225000420000070e-27
3.510000000000000000e+02 3.139342724640000171e-27
3.520000000000000000e+02 3.155610084620000072e-27
3.530000000000000000e+02 3.172025578750000022e-27
3.540000000000000000e+02 3.188594546849999929e-27
3.550000000000000000e+02 3.205318417050000137e-27
3.560000000000000000e+02 3.222197234339999995e-27
3.570000000000000000e+02 3.239235055310000001e-27
3.580000000000000000e+02 3.256433646929999821e-27
3.590000000000000000e+02 3.273793592579999907e-27
3.600000000000000000e+02 3.291318783290000356e-27
3.610000000000000000e+02 3.309011756529999782e-27
3.620000000000000000e+02 3.326870921870000073e-27
3.630000000000000000e+02 3.344902947119999693e-27
3.640000000000000000e+02 3.363108081710000309e-27
3.650000000000000000e+02 3.381488836330000015e-27
3.660000000000000000e+02 3.400047874989999871e-27
3.670000000000000000e+02 3.418786266589999935e-27
3.680000000000000000e+02 3.437708433740000097e-27
3.690000000000000000e+02 3.456817584379999990e-27
3.700000000000000000e+02 3.476109736040000098e-27
3.710000000000000000e+02 3.495594597419999840e-27
3.720000000000000000e+02 3.515287772719999801e-27
3.735000000000000000e+02 3.545181728150000296e-27
3.760000000000000000e+02 3.596413530696666711e-27
3.795000000000000000e+02 3.669415447944999889e-27
3.835000000000000000e+02 3.756492723899999874e-27
3.875000000000000000e+02 3.847271663734999669e-27
3.915000000000000000e+02 3.941831099077499320e-27
3.955000000000000000e+02 4.040518291257500224e-27
3.995000000000000000e+02 4.143632534647500378e-27
4.035000000000000000e+02 4.251486450519999834e-27
4.075000000000000000e+02 4.363983446924999811e-27
4.115000000000000000e+02 4.481853664102499860e-27
4.155000000000000000e+02 4.605429575387499770e-27
4.195000000000000000e+02 4.736193554782500686e-27
4.235000000000000000e+02 4.870426082207499836e-27
4.280000000000000000e+02 5.031681636104000173e-27
4.325000000000000000e+02 5.201250187017499517e-27
4.365000000000000000e+02 5.361411448384999704e-27
4.410000000000000000e+02 5.622175694273999367e-27
4.455000000000000000e+02 5.764535805212499693e-27
4.495000000000000000e+02 5.945342116537500286e-27
4.540000000000000000e+02 6.171509982786000261e-27
4.590000000000000000e+02 6.448547298076001611e-27
4.635000000000000000e+02 6.182859749627000080e-26
4.680000000000000000e+02 7.128100149809999775e-27
4.725000000000000000e+02 8.058766909144998688e-27
4.770000000000000000e+02 7.591553466737999633e-27
4.820000000000000000e+02 8.365652848929998658e-27
4.870000000000000000e+02 8.411394718510001574e-27
4.920000000000000000e+02 8.996133333608000424e-27
4.970000000000000000e+02 9.343659554644000198e-27
5.020000000000000000e+02 9.904513153156000115e-27
5.070000000000000000e+02 3.674132450975799811e-25
5.120000000000000000e+02 1.138446247229999981e-26
5.170000000000000000e+02 1.232525792431999989e-26
5.220000000000000000e+02 1.311330526328000067e-26
5.270000000000000000e+02 1.487222894453999847e-26
5.325000000000000000e+02 4.328012802730999921e-25
5.380000000000000000e+02 1.687057360683399563e-25
5.430000000000000000e+02 5.212947453225200501e-25
5.485000000000000000e+02 4.615306952461667211e-26
5.540000000000000000e+02 2.748393371837999818e-26
5.595000000000000000e+02 4.461691627763332789e-26
5.655000000000000000e+02 1.314966297186333461e-25
5.710000000000000000e+02 1.636857705104400154e-25
5.765000000000000000e+02 1.150797987748833395e-25
5.825000000000000000e+02 3.317069713891661123e-23
5.885000000000000000e+02 5.604566483801667132e-25
5.945000000000000000e+02 1.191216114438054842e-22
6.005000000000000000e+02 7.859571233085984083e-23
6.065000000000000000e+02 1.044097460851650152e-23
6.125000000000000000e+02 4.165527160362382744e-23
6.185000000000000000e+02 7.956531155647283183e-22
6.245000000000000000e+02 3.445021842093333388e-24
6.305000000000000000e+02 6.635558591981667560e-23
6.370000000000000000e+02 2.553537908646247752e-21
6.435000000000000000e+02 5.984612675244333991e-23
6.500000000000000000e+02 2.486718997674428616e-22
6.565000000000000000e+02 3.857387176225940063e-20
6.630000000000000000e+02 9.366446409025345227e-21
6.695000000000000000e+02 2.326155441275034241e-17
6.760000000000000000e+02 8.201642254987899807e-21
6.830000000000000000e+02 6.866753113991715158e-22
6.900000000000000000e+02 4.986568857036000211e-22
6.970000000000000000e+02 6.230946563954570733e-23
7.040000000000000000e+02 1.136024441565714388e-22
7.110000000000000000e+02 1.639440451652513988e-22
7.180000000000000000e+02 1.357180239923500224e-23
7.250000000000000000e+02 1.265213345129371517e-23
7.320000000000000000e+02 1.284019612065857136e-24
7.395000000000000000e+02 1.306878986566874984e-24
7.470000000000000000e+02 5.720144501881429331e-25
7.545000000000000000e+02 1.616699769302875068e-25
7.620000000000000000e+02 1.019826081534714291e-25
7.695000000000000000e+02 8.263270612192737778e-24
7.775000000000000000e+02 3.819921237120000307e-26
7.855000000000000000e+02 2.836045339627374656e-25
7.930000000000000000e+02 1.386045708756142633e-24
8.005000000000000000e+02 4.632103888666250555e-26
8.085000000000000000e+02 1.876343679982500171e-26
8.170000000000000000e+02 1.947124724527777700e-26
8.255000000000000000e+02 1.306270983075000003e-26
8.335000000000000000e+02 2.678139562060000161e-26
8.415000000000000000e+02 1.065137273459875021e-26
8.500000000000000000e+02 9.437758012875556428e-27
8.585000000000000000e+02 8.695455684150000394e-27
8.670000000000000000e+02 7.969594215410001335e-27
8.760000000000000000e+02 7.295531778056665728e-27
8.850000000000000000e+02 1.064330343039444403e-26
8.935000000000000000e+02 1.052774282403375138e-26
9.020000000000000000e+02 9.985355908904443736e-27
9.115000000000000000e+02 6.370022183003000778e-27
9.210000000000000000e+02 1.083241066752222278e-26
9.300000000000000000e+02 1.643370067773373525e-23
9.390000000000000000e+02 6.649263391663333733e-27
9.485000000000000000e+02 5.569295075483599665e-26
9.580000000000000000e+02 3.706281049312633865e-25
9.675000000000000000e+02 5.940655584615200798e-26
9.775000000000000000e+02 1.139129627030400164e-26
9.870000000000000000e+02 5.345254911191110594e-27
9.965000000000000000e+02 4.559701881949000360e-27
1.006500000000000000e+03 1.267780645840099709e-26
1.016500000000000000e+03 1.291394249671100355e-26
1.027000000000000000e+03 2.423055855215363180e-26
1.037500000000000000e+03 7.726679609058998989e-27
1.047500000000000000e+03 6.574624200198600388e-26
1.058000000000000000e+03 1.796887148410090923e-26
1.069000000000000000e+03 1.354731710881609028e-25
1.079500000000000000e+03 2.479138276753220143e-25
1.090000000000000000e+03 3.482946630334930379e-23
1.101000000000000000e+03 4.904458571488182284e-27
1.112000000000000000e+03 3.069968733964545589e-27
1.123000000000000000e+03 3.027623634446363887e-27
1.134500000000000000e+03 3.002774487656666439e-27
1.146000000000000000e+03 2.983535344182727391e-27
1.157500000000000000e+03 2.969476510046666605e-27
1.169000000000000000e+03 2.959990024244545373e-27
1.180500000000000000e+03 2.995581519539166528e-27
1.192500000000000000e+03 2.957824857695000049e-27
1.204500000000000000e+03 3.048265654269167068e-27
1.216500000000000000e+03 1.826834424139416517e-26
1.228500000000000000e+03 4.973837244830833785e-27
1.240500000000000000e+03 8.105098412450832901e-27
1.253000000000000000e+03 4.783194518757230343e-26
1.266000000000000000e+03 1.558674196924692319e-26
1.278500000000000000e+03 5.225335834564167459e-27
1.291000000000000000e+03 3.987323793036922968e-27
1.304000000000000000e+03 3.156976341804615389e-27
1.317000000000000000e+03 3.181730591517692301e-27
1.330000000000000000e+03 3.643579218076154289e-27
1.343500000000000000e+03 4.268577465236428285e-27
1.357000000000000000e+03 9.626994241800000950e-27
1.370500000000000000e+03 4.861751654974114832e-25
1.384500000000000000e+03 2.029971440513184264e-24
1.398500000000000000e+03 7.972767536965285589e-25
1.412500000000000000e+03 1.147929261572000127e-26
1.426500000000000000e+03 3.850112260959285336e-27
1.440500000000000000e+03 3.877680573827141799e-27
1.455000000000000000e+03 3.835399574716666929e-27
1.469500000000000000e+03 3.935301294773570197e-27
1.484000000000000000e+03 4.046154256013332390e-27
1.499000000000000000e+03 4.159486473556665773e-27
1.514000000000000000e+03 4.284957416305333208e-27
1.529000000000000000e+03 4.418524641934666733e-27
1.544500000000000000e+03 4.565917509520624877e-27
1.560000000000000000e+03 4.723430901127332913e-27
1.575500000000000000e+03 4.894682225963124712e-27
1.591500000000000000e+03 5.077960935678749887e-27
1.607500000000000000e+03 5.277468128711874505e-27
1.623500000000000000e+03 5.491525521291249430e-27
1.639500000000000000e+03 5.721391362248125057e-27
1.656000000000000000e+03 5.976595257497059011e-27
1.672500000000000000e+03 6.251657750539375214e-27
1.689000000000000000e+03 6.548980896199998598e-27
1.706000000000000000e+03 6.880617968185883080e-27
1.723000000000000000e+03 7.241045940757059963e-27
1.740500000000000000e+03 7.645386937273888885e-27
1.758000000000000000e+03 8.086596752068822621e-27
1.775500000000000000e+03 8.765637077194999935e-27
1.793500000000000000e+03 9.222647660972778302e-27
1.811500000000000000e+03 9.738079128153332388e-27
1.829500000000000000e+03 1.048306159467222181e-26
1.847500000000000000e+03 2.185127365752777140e-26
1.866000000000000000e+03 8.497470810713948113e-25
1.884500000000000000e+03 3.385603264829444170e-26
1.903000000000000000e+03 2.617275728716315517e-25
1.922000000000000000e+03 4.679649924308315323e-25
1.941500000000000000e+03 3.904439179458946695e-23
1.961000000000000000e+03 2.631541628546842424e-26
1.980500000000000000e+03 3.363757862936499071e-26
2.000500000000000000e+03 2.441364177952499597e-26
2.020500000000000000e+03 1.590964027543449529e-25
2.040500000000000000e+03 7.996348946112750156e-25
2.061000000000000000e+03 7.047873867915476979e-25
2.082000000000000000e+03 1.411008764167286094e-24
2.102500000000000000e+03 4.390785165879197678e-23
2.123500000000000000e+03 1.019362145341636212e-25
2.145000000000000000e+03 6.713861299391236721e-25
2.166500000000000000e+03 8.809907545289547538e-26
2.188000000000000000e+03 3.595973431999047988e-25
2.209500000000000000e+03 8.680855533402724852e-25
2.231500000000000000e+03 2.108510512762896060e-23
2.254000000000000000e+03 5.395014275202825653e-23
2.277000000000000000e+03 1.716476468056913178e-22
2.299500000000000000e+03 7.311801066293122485e-21
2.322500000000000000e+03 4.771631834588971889e-19
2.346000000000000000e+03 1.170509321087207477e-19
2.369000000000000000e+03 1.244682104604065836e-19
2.392500000000000000e+03 5.680218928425045887e-22
2.416500000000000000e+03 7.137279387491668684e-25
2.441000000000000000e+03 3.941064877083999554e-25
2.465500000000000000e+03 3.407687058016249101e-25
2.490000000000000000e+03 1.433187733252800155e-25
2.515000000000000000e+03 1.030649720913040128e-25
2.540000000000000000e+03 7.552906042180801517e-26
2.565500000000000000e+03 5.904539820543460896e-26
2.591500000000000000e+03 7.721399442218076948e-26
2.617500000000000000e+03 9.735357736290770865e-26
2.643500000000000000e+03 5.395154674111153784e-26
2.669500000000000000e+03 3.925780929086538061e-26
2.696000000000000000e+03 2.987169467324074789e-26
2.723000000000000000e+03 1.980488782878888244e-26
2.750500000000000000e+03 2.162927140816785185e-26
2.778000000000000000e+03 1.586089579789259138e-26
2.805500000000000000e+03 2.669701991182499853e-26
2.834000000000000000e+03 1.206732530892413876e-26
2.862500000000000000e+03 1.050416601103857294e-26
2.891000000000000000e+03 9.417908908926206529e-27
2.920000000000000000e+03 8.504947564809307141e-27
2.949000000000000000e+03 7.758753655340687946e-27
2.978500000000000000e+03 9.728350050395330665e-27
3.008500000000000000e+03 6.517910413487000548e-27
3.038500000000000000e+03 5.993653524455000535e-27
3.068500000000000000e+03 6.016371586122334117e-27
3.099000000000000000e+03 5.717028268145484799e-27
3.130000000000000000e+03 6.450819036373870242e-27
3.161500000000000000e+03 2.525970543188500206e-26
3.193500000000000000e+03 4.983017789087189204e-27
3.225500000000000000e+03 4.132017396171249145e-27
3.257500000000000000e+03 2.751420723044718072e-26
3.290000000000000000e+03 1.867706538657824380e-25
3.323000000000000000e+03 1.377959422406605896e-26
3.356000000000000000e+03 4.368508878775212815e-26
3.389500000000000000e+03 2.992177961249411892e-26
3.423500000000000000e+03 4.769597858917294186e-26
3.458000000000000000e+03 1.801315117327832303e-24
3.492500000000000000e+03 1.075919518620000520e-23
3.527000000000000000e+03 1.199295865440681662e-22
3.562500000000000000e+03 3.046149715029791588e-22
3.598500000000000000e+03 4.342231316765805499e-23
3.634500000000000000e+03 8.701830501033675042e-23
3.670500000000000000e+03 2.495801411002439320e-23
3.707000000000000000e+03 2.459742808631195001e-19
3.744500000000000000e+03 8.003608959671516012e-20
3.782000000000000000e+03 3.972930601354539753e-26
3.819500000000000000e+03 1.281048526394684275e-26
3.858000000000000000e+03 1.818360163589461412e-26
3.896500000000000000e+03 4.026163335541053365e-27
3.935000000000000000e+03 4.240741057309487163e-27
3.974500000000000000e+03 3.083954793923749768e-27
4.014500000000000000e+03 3.142134338118525810e-26
4.054500000000000000e+03 1.648011407364249955e-27
4.095000000000000000e+03 1.353101917114634566e-27
4.136000000000000000e+03 1.779636270080488088e-27
4.177500000000000000e+03 1.224138277342857245e-27
4.219500000000000000e+03 1.057275622928809228e-27
4.261500000000000000e+03 9.884574650914994771e-28
4.304000000000000000e+03 9.328363116001393572e-28
4.347000000000000000e+03 9.216330701228141159e-28
4.390500000000000000e+03 1.386270304311636254e-27
4.434500000000000000e+03 7.954434501481816939e-28
4.479000000000000000e+03 1.710441852416298146e-26
4.524000000000000000e+03 1.432009998357644405e-27
4.569000000000000000e+03 1.543840047217733282e-27
4.614500000000000000e+03 1.148204942261153404e-25
4.660500000000000000e+03 1.866953923303921507e-25
4.707000000000000000e+03 1.015586140687324837e-25
4.754500000000000000e+03 4.025404963163606587e-25
4.802000000000000000e+03 1.027938964309723942e-23
4.850000000000000000e+03 8.725398275055214349e-23
4.898500000000000000e+03 5.794439680296220152e-24
4.947500000000000000e+03 6.060401152367378258e-24
4.997000000000000000e+03 2.126206389003913312e-24
5.047000000000000000e+03 7.054650477462467792e-25
5.097500000000000000e+03 4.203393784500328726e-24
5.148000000000000000e+03 2.315872406299931289e-23
5.199500000000000000e+03 3.989218169034288274e-26
5.251500000000000000e+03 1.061519762856991800e-25
5.304000000000000000e+03 6.392196006848675500e-26
5.357500000000000000e+03 1.952259288414487450e-26
5.411000000000000000e+03 3.365914575823018102e-28
5.465000000000000000e+03 3.460364033592363937e-28
5.520000000000000000e+03 1.227974594145054554e-27
5.575000000000000000e+03 6.989384913846382158e-27
5.630500000000000000e+03 9.331790598827676716e-28
5.687000000000000000e+03 3.034995097109298911e-28
5.744000000000000000e+03 2.914832103521579487e-28
5.801500000000000000e+03 4.522795761428966572e-28
5.859500000000000000e+03 7.634934811572084888e-27
5.918000000000000000e+03 9.117411812685983333e-27
5.977000000000000000e+03 5.414291714268054350e-26
6.036500000000000000e+03 1.811067435865813981e-26
6.097000000000000000e+03 1.455125776116681407e-24
6.158000000000000000e+03 3.149137779915807001e-26
6.219500000000000000e+03 3.513507182463689032e-25
6.282000000000000000e+03 3.318207527734663183e-24
6.345000000000000000e+03 2.904560473385808040e-24
6.408500000000000000e+03 6.035355841701722694e-26
6.472500000000000000e+03 2.474801382243012896e-26
6.537000000000000000e+03 1.138088489715649499e-25
6.602500000000000000e+03 1.634790266939970911e-27
6.668500000000000000e+03 7.128955686754728004e-26
6.735000000000000000e+03 6.003854383027136003e-27
6.802500000000000000e+03 2.814092767113985536e-27
6.870500000000000000e+03 5.713699198038857389e-25
6.939000000000000000e+03 6.498382324406619904e-23
7.008500000000000000e+03 4.425859223594259274e-25
7.078500000000000000e+03 1.532160932213999370e-28
7.149500000000000000e+03 3.381617736778612261e-28
7.221000000000000000e+03 3.744663547880844446e-28
7.293000000000000000e+03 1.176786509861450498e-26
7.366000000000000000e+03 3.373029561752740065e-28
7.439500000000000000e+03 1.392631350068202935e-27
7.514000000000000000e+03 2.087701464011814108e-27
7.589500000000000000e+03 2.248396039407023611e-25
7.665500000000000000e+03 3.335400343666973966e-28
7.742000000000000000e+03 1.228043970543287518e-25
7.819500000000000000e+03 1.628716772412743352e-28
7.897500000000000000e+03 3.520452644556012489e-28
7.976500000000000000e+03 3.210569350419469225e-27
8.056500000000000000e+03 1.384656636562803005e-26
8.137000000000000000e+03 6.203174746036617782e-26
8.218000000000000000e+03 4.816445414345837820e-25
8.300000000000000000e+03 1.305213739483135314e-24
8.383500000000000000e+03 8.267137235706664419e-29
8.467500000000000000e+03 1.299434068233380755e-28
8.552000000000000000e+03 9.098134936420471677e-29
8.637500000000000000e+03 2.498762435698302301e-28
8.724000000000000000e+03 1.871570920244850742e-28
8.811000000000000000e+03 1.862627211945023313e-28
8.899000000000000000e+03 7.598756397066402149e-29
8.988000000000000000e+03 6.560004537052127696e-28
9.078000000000000000e+03 2.859322806023240997e-28
9.169000000000000000e+03 1.706032289214407255e-28
9.260500000000000000e+03 1.257475776060227611e-28
9.353000000000000000e+03 6.425621267192875474e-27
9.446500000000000000e+03 1.845904202793411626e-27
9.541000000000000000e+03 9.310566007015870045e-27
9.636500000000000000e+03 2.009707974761458751e-27
9.733000000000000000e+03 5.497788967130617406e-29
9.830000000000000000e+03 5.355906968120927222e-29
9.928000000000000000e+03 5.218417835453027704e-29
9.989000000000000000e+03 5.135319616746087248e-29
