1.000000000000000000e+01 1.071354576119999928e-24
1.100000000000000000e+01 1.073590269070000059e-24
1.200000000000000000e+01 1.075692872570000061e-24
1.300000000000000000e+01 1.077869481219999984e-24
1.400000000000000000e+01 1.080210311259999918e-24
1.500000000000000000e+01 1.082249732519999932e-24
1.600000000000000000e+01 1.084467510359999914e-24
1.700000000000000000e+01 1.086774645530000048e-24
1.800000000000000000e+01 1.088881729859999916e-24
1.900000000000000000e+01 1.091156039769999963e-24
2.000000000000000000e+01 1.093396847369999993e-24
2.100000000000000000e+01 1.095591931220000026e-24
2.200000000000000000e+01 1.097950862639999966e-24
2.300000000000000000e+01 1.100127446460000023e-24
2.400000000000000000e+01 1.102382743570000017e-24
2.500000000000000000e+01 1.104842597440000075e-24
2.600000000000000000e+01 1.106955915129999994e-24
2.700000000000000000e+01 1.109256342990000047e-24
2.800000000000000000e+01 1.111670293859999985e-24
2.900000000000000000e+01 1.113875610669999923e-24
3.000000000000000000e+01 1.116215558440000006e-24
3.100000000000000000e+01 1.118572973730000012e-24
3.200000000000000000e+01 1.120884246449999952e-24
3.300000000000000000e+01 1.123263576770000014e-24
3.400000000000000000e+01 1.125614564380000087e-24
3.500000000000000000e+01 1.127981591839999993e-24
3.600000000000000000e+01 1.130401288119999986e-24
3.700000000000000000e+01 1.132762975269999941e-24
3.800000000000000000e+01 1.135168353439999961e-24
3.900000000000000000e+01 1.137598393420000042e-24
4.000000000000000000e+01 1.140008539790000019e-24
4.100000000000000000e+01 1.142445897519999995e-24
4.200000000000000000e+01 1.144892754000000036e-24
4.300000000000000000e+01 1.147346396369999923e-24
4.400000000000000000e+01 1.149815396329999916e-24
4.500000000000000000e+01 1.152290180620000050e-24
4.600000000000000000e+01 1.154777160870000044e-24
4.700000000000000000e+01 1.157277455230000050e-24
4.800000000000000000e+01 1.159783233320000003e-24
4.900000000000000000e+01 1.162302122969999917e-24
5.000000000000000000e+01 1.164831913000000051e-24
5.100000000000000000e+01 1.167371894310000063e-24
5.200000000000000000e+01 1.169923026299999919e-24
5.300000000000000000e+01 1.172484878920000044e-24
5.400000000000000000e+01 1.175057663099999983e-24
5.500000000000000000e+01 1.177641552150000071e-24
5.600000000000000000e+01 1.180236295800000034e-24
5.700000000000000000e+01 1.182842251850000028e-24
5.800000000000000000e+01 1.185459412059999917e-24
5.900000000000000000e+01 1.188087792519999968e-24
6.000000000000000000e+01 1.190727523519999929e-24
6.100000000000000000e+01 1.193378649980000028e-24
6.200000000000000000e+01 1.196041249109999935e-24
6.300000000000000000e+01 1.198715398510000061e-24
6.400000000000000000e+01 1.201401159510000034e-24
6.500000000000000000e+01 1.204098617330000049e-24
6.600000000000000000e+01 1.206807843570000007e-24
6.700000000000000000e+01 1.209528912450000022e-24
6.800000000000000000e+01 1.212261901430000048e-24
6.900000000000000000e+01 1.215006886829999918e-24
7.000000000000000000e+01 1.217763945989999979e-24
7.100000000000000000e+01 1.220533156970000048e-24
7.200000000000000000e+01 1.223314598439999961e-24
7.300000000000000000e+01 1.226108349760000046e-24
7.400000000000000000e+01 1.228914490929999997e-24
7.500000000000000000e+01 1.231733102630000034e-24
7.600000000000000000e+01 1.234564266229999945e-24
7.700000000000000000e+01 1.237408063749999961e-24
7.800000000000000000e+01 1.240264577939999932e-24
7.900000000000000000e+01 1.243133892209999933e-24
8.000000000000000000e+01 1.246016090719999963e-24
8.100000000000000000e+01 1.248911258290000061e-24
8.200000000000000000e+01 1.251819480490000005e-24
8.300000000000000000e+01 1.254740843619999935e-24
8.400000000000000000e+01 1.257675434700000014e-24
8.500000000000000000e+01 1.260623341499999964e-24
8.600000000000000000e+01 1.263584652530000017e-24
8.700000000000000000e+01 1.266559457070000080e-24
8.800000000000000000e+01 1.269547845149999988e-24
8.900000000000000000e+01 1.272549907589999921e-24
9.000000000000000000e+01 1.275565735969999952e-24
9.100000000000000000e+01 1.278595422680000067e-24
9.200000000000000000e+01 1.281639060890000079e-24
9.300000000000000000e+01 1.284696744590000049e-24
9.400000000000000000e+01 1.287768568560000015e-24
9.500000000000000000e+01 1.290854628429999983e-24
9.600000000000000000e+01 1.293955020650000018e-24
9.700000000000000000e+01 1.297069842500000036e-24
9.800000000000000000e+01 1.300199192130000034e-24
9.900000000000000000e+01 1.303343168530000009e-24
1.000000000000000000e+02 1.306501871550000071e-24
1.010000000000000000e+02 1.309675401939999949e-24
1.020000000000000000e+02 1.312863861320000006e-24
1.030000000000000000e+02 1.316067352200000072e-24
1.040000000000000000e+02 1.319285977999999928e-24
1.050000000000000000e+02 1.322519843060000008e-24
1.060000000000000000e+02 1.325769052639999932e-24
1.070000000000000000e+02 1.329033712919999973e-24
1.080000000000000000e+02 1.332313931040000007e-24
1.090000000000000000e+02 1.335609815089999915e-24
1.100000000000000000e+02 1.338921474109999951e-24
1.110000000000000000e+02 1.342249018130000055e-24
1.120000000000000000e+02 1.345592558170000042e-24
1.130000000000000000e+02 1.348952206210000066e-24
1.140000000000000000e+02 1.352328075289999924e-24
1.150000000000000000e+02 1.355720279409999934e-24
1.160000000000000000e+02 1.359128933649999992e-24
1.170000000000000000e+02 1.362554154080000052e-24
1.180000000000000000e+02 1.365996057859999978e-24
1.190000000000000000e+02 1.369454763200000047e-24
1.200000000000000000e+02 1.372930389379999959e-24
1.210000000000000000e+02 1.376423056759999914e-24
1.220000000000000000e+02 1.379932886809999956e-24
1.230000000000000000e+02 1.383460002100000008e-24
1.240000000000000000e+02 1.387004526319999991e-24
1.250000000000000000e+02 1.390566584320000060e-24
1.260000000000000000e+02 1.394146302060000030e-24
1.270000000000000000e+02 1.397743806680000070e-24
1.280000000000000000e+02 1.401359226489999998e-24
1.290000000000000000e+02 1.404992690989999949e-24
1.300000000000000000e+02 1.408644330870000010e-24
1.310000000000000000e+02 1.412314278029999970e-24
1.320000000000000000e+02 1.416002665609999956e-24
1.330000000000000000e+02 1.419709627990000066e-24
1.340000000000000000e+02 1.423435300770000065e-24
1.350000000000000000e+02 1.427179820869999979e-24
1.360000000000000000e+02 1.430943326449999988e-24
1.370000000000000000e+02 1.434725956980000013e-24
1.380000000000000000e+02 1.438527853250000050e-24
1.390000000000000000e+02 1.442349157379999955e-24
1.400000000000000000e+02 1.446190012800000057e-24
1.410000000000000000e+02 1.450050564329999983e-24
1.420000000000000000e+02 1.453930958140000068e-24
1.430000000000000000e+02 1.457831341820000031e-24
1.440000000000000000e+02 1.461751864320000082e-24
1.450000000000000000e+02 1.465692676040000083e-24
1.460000000000000000e+02 1.469653928809999977e-24
1.470000000000000000e+02 1.473635775910000087e-24
1.480000000000000000e+02 1.477638372079999991e-24
1.490000000000000000e+02 1.481661873579999965e-24
1.500000000000000000e+02 1.485706438140000056e-24
1.510000000000000000e+02 1.489772225020000063e-24
1.520000000000000000e+02 1.493859395030000024e-24
1.530000000000000000e+02 1.497968110530000032e-24
1.540000000000000000e+02 1.502098535449999987e-24
1.550000000000000000e+02 1.506250835320000046e-24
1.560000000000000000e+02 1.510425177299999974e-24
1.570000000000000000e+02 1.514621730140000014e-24
1.580000000000000000e+02 1.518840664289999970e-24
1.590000000000000000e+02 1.523082151820000021e-24
1.600000000000000000e+02 1.527346366539999964e-24
1.610000000000000000e+02 1.531633483939999958e-24
1.620000000000000000e+02 1.535943681249999960e-24
1.630000000000000000e+02 1.540277137439999909e-24
1.640000000000000000e+02 1.544634033269999934e-24
1.650000000000000000e+02 1.549014551280000010e-24
1.660000000000000000e+02 1.553418875839999985e-24
1.670000000000000000e+02 1.557847193139999979e-24
1.680000000000000000e+02 1.562299691230000067e-24
1.690000000000000000e+02 1.566776560069999931e-24
1.700000000000000000e+02 1.571277991479999946e-24
1.710000000000000000e+02 1.575804179239999930e-24
1.720000000000000000e+02 1.580355319069999944e-24
1.730000000000000000e+02 1.584931608650000048e-24
1.740000000000000000e+02 1.589533247700000030e-24
1.750000000000000000e+02 1.594160437910000010e-24
1.760000000000000000e+02 1.598813383060000043e-24
1.770000000000000000e+02 1.603492288980000069e-24
1.780000000000000000e+02 1.608197363610000080e-24
1.790000000000000000e+02 1.612928816989999971e-24
1.800000000000000000e+02 1.617686861349999981e-24
1.810000000000000000e+02 1.622471711070000085e-24
1.820000000000000000e+02 1.627283582730000018e-24
1.830000000000000000e+02 1.632122695160000028e-24
1.840000000000000000e+02 1.636989269429999989e-24
1.850000000000000000e+02 1.641883528920000091e-24
1.860000000000000000e+02 1.646805699309999955e-24
1.870000000000000000e+02 1.651756008619999969e-24
1.880000000000000000e+02 1.656734687250000057e-24
1.890000000000000000e+02 1.661741968019999912e-24
1.900000000000000000e+02 1.666778086149999984e-24
1.910000000000000000e+02 1.671843279359999863e-24
1.920000000000000000e+02 1.676937787850000183e-24
1.930000000000000000e+02 1.682061854339999918e-24
1.940000000000000000e+02 1.687215724129999859e-24
1.950000000000000000e+02 1.692399645100000043e-24
1.960000000000000000e+02 1.697613867749999990e-24
1.970000000000000000e+02 1.702858645259999972e-24
1.980000000000000000e+02 1.708134233480000132e-24
1.990000000000000000e+02 1.713440891009999850e-24
2.000000000000000000e+02 1.718778879190000166e-24
2.010000000000000000e+02 1.724148462179999843e-24
2.020000000000000000e+02 1.729549906960000144e-24
2.030000000000000000e+02 1.734983483389999856e-24
2.040000000000000000e+02 1.740449464249999939e-24
2.050000000000000000e+02 1.745948125239999848e-24
2.060000000000000000e+02 1.751479745069999998e-24
2.070000000000000000e+02 1.757044605450000136e-24
2.080000000000000000e+02 1.762642991190000122e-24
2.090000000000000000e+02 1.768275190169999842e-24
2.100000000000000000e+02 1.773941493429999828e-24
2.110000000000000000e+02 1.779642195199999877e-24
2.120000000000000000e+02 1.785377592940000020e-24
2.130000000000000000e+02 1.791147987360000091e-24
2.140000000000000000e+02 1.796953682520000130e-24
2.150000000000000000e+02 1.802794985810000086e-24
2.160000000000000000e+02 1.808672208040000068e-24
2.170000000000000000e+02 1.814585663470000065e-24
2.180000000000000000e+02 1.820535669840000033e-24
2.190000000000000000e+02 1.826522548449999994e-24
2.200000000000000000e+02 1.832546624190000130e-24
2.210000000000000000e+02 1.838608225570000124e-24
2.220000000000000000e+02 1.844707684819999941e-24
2.230000000000000000e+02 1.850845337880000042e-24
2.240000000000000000e+02 1.857021524490000168e-24
2.250000000000000000e+02 1.863236588240000098e-24
2.260000000000000000e+02 1.869490876589999949e-24
2.270000000000000000e+02 1.875784740960000063e-24
2.280000000000000000e+02 1.882118536779999927e-24
2.290000000000000000e+02 1.888492623529999877e-24
2.300000000000000000e+02 1.894907364779999864e-24
2.310000000000000000e+02 1.901363128300000013e-24
2.320000000000000000e+02 1.907860286059999887e-24
2.330000000000000000e+02 1.914399214340000149e-24
2.340000000000000000e+02 1.920980293729999985e-24
2.350000000000000000e+02 1.927603909269999955e-24
2.360000000000000000e+02 1.934270450409999922e-24
2.370000000000000000e+02 1.940980311189999924e-24
2.380000000000000000e+02 1.947733890180000009e-24
2.390000000000000000e+02 1.954531590670000161e-24
2.400000000000000000e+02 1.961373820610000130e-24
2.410000000000000000e+02 1.968260992789999940e-24
2.420000000000000000e+02 1.975193524839999893e-24
2.430000000000000000e+02 1.982171839290000005e-24
2.440000000000000000e+02 1.989196363709999910e-24
2.450000000000000000e+02 1.996267530720000115e-24
2.460000000000000000e+02 2.003385778049999966e-24
2.470000000000000000e+02 2.010551548700000064e-24
2.480000000000000000e+02 2.017765290920000122e-24
2.490000000000000000e+02 2.025027458330000045e-24
2.500000000000000000e+02 2.032338510000000030e-24
2.510000000000000000e+02 2.039698910520000159e-24
2.520000000000000000e+02 2.047109130080000129e-24
2.530000000000000000e+02 2.054569644550000097e-24
2.540000000000000000e+02 2.062080935579999983e-24
2.550000000000000000e+02 2.069643490649999856e-24
2.560000000000000000e+02 2.077257803180000122e-24
2.570000000000000000e+02 2.084924372630000101e-24
2.580000000000000000e+02 2.092643704560000024e-24
2.590000000000000000e+02 2.100416310729999979e-24
2.600000000000000000e+02 2.108242709199999946e-24
2.610000000000000000e+02 2.116123424409999900e-24
2.620000000000000000e+02 2.124058987300000156e-24
2.630000000000000000e+02 2.132049935359999917e-24
2.640000000000000000e+02 2.140096812790000054e-24
2.650000000000000000e+02 2.148200170549999822e-24
2.660000000000000000e+02 2.156360566480000137e-24
2.670000000000000000e+02 2.164578565410000094e-24
2.680000000000000000e+02 2.172854739250000160e-24
2.690000000000000000e+02 2.181189667120000099e-24
2.700000000000000000e+02 2.189583935439999952e-24
2.710000000000000000e+02 2.198038138039999873e-24
2.720000000000000000e+02 2.206552876280000091e-24
2.730000000000000000e+02 2.215128759190000090e-24
2.740000000000000000e+02 2.223766403529999877e-24
2.750000000000000000e+02 2.232466433959999980e-24
2.760000000000000000e+02 2.241229483140000013e-24
2.770000000000000000e+02 2.250056191859999904e-24
2.780000000000000000e+02 2.258947209159999869e-24
2.790000000000000000e+02 2.267903192469999955e-24
2.800000000000000000e+02 2.276924807719999855e-24
2.810000000000000000e+02 2.286012729490000077e-24
2.820000000000000000e+02 2.295167641150000010e-24
2.830000000000000000e+02 2.304390234989999887e-24
2.840000000000000000e+02 2.313681212340000023e-24
2.850000000000000000e+02 2.323041283749999859e-24
2.860000000000000000e+02 2.332471169119999919e-24
2.870000000000000000e+02 2.341971597830000101e-24
2.880000000000000000e+02 2.351543308929999970e-24
2.890000000000000000e+02 2.361187051259999835e-24
2.900000000000000000e+02 2.370903583620000005e-24
2.910000000000000000e+02 2.380693674929999899e-24
2.920000000000000000e+02 2.390558104390000090e-24
2.930000000000000000e+02 2.400497661650000097e-24
2.940000000000000000e+02 2.410513146979999843e-24
2.950000000000000000e+02 2.420605371440000019e-24
2.960000000000000000e+02 2.430775157049999872e-24
2.970000000000000000e+02 2.441023336969999920e-24
2.980000000000000000e+02 2.451350755699999825e-24
2.990000000000000000e+02 2.461758269229999923e-24
3.000000000000000000e+02 2.472246745280000069e-24
3.010000000000000000e+02 2.482817063450000061e-24
3.020000000000000000e+02 2.493470115420000087e-24
3.030000000000000000e+02 2.504206805180000152e-24
3.040000000000000000e+02 2.515028049200000075e-24
3.050000000000000000e+02 2.525934776679999950e-24
3.060000000000000000e+02 2.536927929709999990e-24
3.070000000000000000e+02 2.548008463539999824e-24
3.080000000000000000e+02 2.559177346740000176e-24
3.090000000000000000e+02 2.570435561509999826e-24
3.100000000000000000e+02 2.581784103810000147e-24
3.110000000000000000e+02 2.593223983690000157e-24
3.120000000000000000e+02 2.604756225450000042e-24
3.130000000000000000e+02 2.616381867930000016e-24
3.140000000000000000e+02 2.628101964749999901e-24
3.150000000000000000e+02 2.639917584559999962e-24
3.160000000000000000e+02 2.651829811300000051e-24
3.170000000000000000e+02 2.663839744459999857e-24
3.180000000000000000e+02 2.675948499350000040e-24
3.190000000000000000e+02 2.688157207389999992e-24
3.200000000000000000e+02 2.700467016360000140e-24
3.210000000000000000e+02 2.712879090720000162e-24
3.220000000000000000e+02 2.725394611880000120e-24
3.230000000000000000e+02 2.738014778509999992e-24
3.240000000000000000e+02 2.750740806830000009e-24
3.250000000000000000e+02 2.763573930940000121e-24
3.260000000000000000e+02 2.776515403109999964e-24
3.270000000000000000e+02 2.789566494139999879e-24
3.280000000000000000e+02 2.802728493659999935e-24
3.290000000000000000e+02 2.816002710469999908e-24
3.300000000000000000e+02 2.829390472910000089e-24
3.310000000000000000e+02 2.842893129170000084e-24
3.320000000000000000e+02 2.856512047699999855e-24
3.330000000000000000e+02 2.870248617530000139e-24
3.340000000000000000e+02 2.884104248659999883e-24
3.350000000000000000e+02 2.898080372469999855e-24
3.360000000000000000e+02 2.912178442060000063e-24
3.370000000000000000e+02 2.926399932679999990e-24
3.380000000000000000e+02 2.940746342159999946e-24
3.390000000000000000e+02 2.955219191260000096e-24
3.400000000000000000e+02 2.969820024160000140e-24
3.410000000000000000e+02 2.984550408869999988e-24
3.420000000000000000e+02 2.999411937679999935e-24
3.430000000000000000e+02 3.014406227610000104e-24
3.440000000000000000e+02 3.029534920959999922e-24
3.450000000000000000e+02 3.044799686320000139e-24
3.460000000000000000e+02 3.060202324150000102e-24
3.470000000000000000e+02 3.075744238019999845e-24
3.480000000000000000e+02 3.091427486919999978e-24
3.490000000000000000e+02 3.107254154969999997e-24
3.500000000000000000e+02 3.123224822340000072e-24
3.510000000000000000e+02 3.139342544090000174e-24
3.520000000000000000e+02 3.155609245200000154e-24
3.530000000000000000e+02 3.172025393679999885e-24
3.540000000000000000e+02 3.188594358279999914e-24
3.550000000000000000e+02 3.205318020699999988e-24
3.560000000000000000e+02 3.222197041870000052e-24
3.570000000000000000e+02 3.239234856339999936e-24
3.580000000000000000e+02 3.256433340899999892e-24
3.590000000000000000e+02 3.273793391030000126e-24
3.600000000000000000e+02 3.291318566060000115e-24
3.610000000000000000e+02 3.309010743200000204e-24
3.620000000000000000e+02 3.326870702809999731e-24
3.630000000000000000e+02 3.344902694530000130e-24
3.640000000000000000e+02 3.363107804900000066e-24
3.650000000000000000e+02 3.381488193450000018e-24
3.660000000000000000e+02 3.400047506719999923e-24
3.670000000000000000e+02 3.418786011430000060e-24
3.680000000000000000e+02 3.437707672710000283e-24
3.690000000000000000e+02 3.456816617950000134e-24
3.700000000000000000e+02 3.476109484110000349e-24
3.710000000000000000e+02 3.495594342149999826e-24
3.720000000000000000e+02 3.515278024600000158e-24
3.735000000000000000e+02 3.545181472149999751e-24
3.760000000000000000e+02 3.596037691970000066e-24
3.795000000000000000e+02 3.669414164014999555e-24
3.835000000000000000e+02 3.756476105889999798e-24
3.875000000000000000e+02 3.847190621435000192e-24
3.915000000000000000e+02 3.941795992247499994e-24
3.955000000000000000e+02 4.040517075132500146e-24
3.995000000000000000e+02 4.143609855947500248e-24
4.035000000000000000e+02 4.251329469802499758e-24
4.075000000000000000e+02 4.363976150032499803e-24
4.115000000000000000e+02 4.481849470460000079e-24
4.155000000000000000e+02 4.605303363645000037e-24
4.195000000000000000e+02 4.734777444174999758e-24
4.235000000000000000e+02 4.870408664930000597e-24
4.280000000000000000e+02 5.031378192039999947e-24
4.325000000000000000e+02 5.201241878874999641e-24
4.365000000000000000e+02 5.360761981799999732e-24
4.410000000000000000e+02 5.550986943187999680e-24
4.455000000000000000e+02 5.752080460522499890e-24
4.495000000000000000e+02 5.942282087064999763e-24
4.540000000000000000e+02 6.167757024899999733e-24
4.590000000000000000e+02 6.438191627227999512e-24
4.635000000000000000e+02 6.696358139162499900e-24
4.680000000000000000e+02 6.971418238334001120e-24
4.725000000000000000e+02 7.272788263257500248e-24
4.770000000000000000e+02 7.583128418743999405e-24
4.820000000000000000e+02 7.969347936042001533e-24
4.870000000000000000e+02 8.379010102406000994e-24
4.920000000000000000e+02 8.831386802843999585e-24
4.970000000000000000e+02 9.317794474308000650e-24
5.020000000000000000e+02 9.858727822118000519e-24
5.070000000000000000e+02 1.053604982986000062e-23
5.120000000000000000e+02 1.119516308224000274e-23
5.170000000000000000e+02 1.191698309061999823e-23
5.220000000000000000e+02 1.292604916959999960e-23
5.270000000000000000e+02 1.423315844400000126e-23
5.325000000000000000e+02 1.624826274746666676e-23
5.380000000000000000e+02 1.659213879528000047e-23
5.430000000000000000e+02 2.300393949477999782e-23
5.485000000000000000e+02 2.063405754895000273e-23
5.540000000000000000e+02 2.262504913090000091e-23
5.595000000000000000e+02 2.483759751715000156e-23
5.655000000000000000e+02 3.108592739838333493e-23
5.710000000000000000e+02 4.410655066623999846e-23
5.765000000000000000e+02 5.420372287439999386e-23
5.825000000000000000e+02 1.164904431974333170e-22
5.885000000000000000e+02 1.843438792627500159e-22
5.945000000000000000e+02 5.808119703813333320e-22
6.005000000000000000e+02 1.313721844545666616e-21
6.065000000000000000e+02 7.034802748589998595e-22
6.125000000000000000e+02 1.500298845372166475e-21
6.185000000000000000e+02 1.011112980144633481e-20
6.245000000000000000e+02 1.658931842874000005e-21
6.305000000000000000e+02 6.671061644663333190e-21
6.370000000000000000e+02 1.065794427236285703e-20
6.435000000000000000e+02 2.742306478241833386e-20
6.500000000000000000e+02 8.737107270084287550e-20
6.565000000000000000e+02 1.634046292145333102e-19
6.630000000000000000e+02 4.819737394170000171e-20
6.695000000000000000e+02 5.835480486733166059e-19
6.760000000000000000e+02 1.590475262635142921e-19
6.830000000000000000e+02 1.144723532743142751e-19
6.900000000000000000e+02 7.820754387755715108e-20
6.970000000000000000e+02 2.236980846539143066e-20
7.040000000000000000e+02 6.614940715331428928e-21
7.110000000000000000e+02 2.606876143959571838e-21
7.180000000000000000e+02 5.077512069968713818e-21
7.250000000000000000e+02 1.163114995457571467e-21
7.320000000000000000e+02 9.204272814264286669e-22
7.395000000000000000e+02 5.763999854559999711e-22
7.470000000000000000e+02 3.312512641454000052e-22
7.545000000000000000e+02 1.073144908712750095e-22
7.620000000000000000e+02 6.030773319895714153e-23
7.695000000000000000e+02 3.921522113852499927e-23
7.775000000000000000e+02 2.799886035703749798e-23
7.855000000000000000e+02 2.251605983473749989e-23
7.930000000000000000e+02 3.157906209031428058e-23
8.005000000000000000e+02 2.033464585077500165e-23
8.085000000000000000e+02 1.656323023620000102e-23
8.170000000000000000e+02 1.422143905967777879e-23
8.255000000000000000e+02 1.197725277809999925e-23
8.335000000000000000e+02 1.057081778900000010e-23
8.415000000000000000e+02 9.715072488903750803e-24
8.500000000000000000e+02 8.902076276078889003e-24
8.585000000000000000e+02 8.217657524995001080e-24
8.670000000000000000e+02 7.662760732189999541e-24
8.760000000000000000e+02 7.103266566861111170e-24
8.850000000000000000e+02 6.658430430157777587e-24
8.935000000000000000e+02 6.331532500290000152e-24
9.020000000000000000e+02 6.046808662987776807e-24
9.115000000000000000e+02 5.725323778976999255e-24
9.210000000000000000e+02 5.945178195698889749e-24
9.300000000000000000e+02 8.215794380242223446e-24
9.390000000000000000e+02 6.232019142804444108e-24
9.485000000000000000e+02 9.594852666390999903e-24
9.580000000000000000e+02 5.398939413228888953e-24
9.675000000000000000e+02 7.902727117061999421e-24
9.775000000000000000e+02 8.042031177230998989e-24
9.870000000000000000e+02 4.305526845135554932e-24
9.965000000000000000e+02 3.890764455674999217e-24
1.006500000000000000e+03 3.765958691086000294e-24
1.016500000000000000e+03 3.838313912192999397e-24
1.027000000000000000e+03 3.778339818958181873e-24
1.037500000000000000e+03 4.336589995107000999e-24
1.047500000000000000e+03 1.058742167125199827e-23
1.058000000000000000e+03 8.744498392854546528e-24
1.069000000000000000e+03 9.786630948117273677e-24
1.079500000000000000e+03 1.267789149823899950e-23
1.090000000000000000e+03 6.996794493791817087e-24
1.101000000000000000e+03 3.142067982978182345e-24
1.112000000000000000e+03 3.058621348555454766e-24
1.123000000000000000e+03 3.027618330627272577e-24
1.134500000000000000e+03 3.002755373589166769e-24
1.146000000000000000e+03 2.983525595249999371e-24
1.157500000000000000e+03 2.969458384699999949e-24
1.169000000000000000e+03 2.959985479344545350e-24
1.180500000000000000e+03 2.954966118495833379e-24
1.192500000000000000e+03 2.954243042560833366e-24
1.204500000000000000e+03 2.960343289055833340e-24
1.216500000000000000e+03 2.986855910352499378e-24
1.228500000000000000e+03 3.094295248521665940e-24
1.240500000000000000e+03 3.643790074435833586e-24
1.253000000000000000e+03 3.659073406136154465e-24
1.266000000000000000e+03 3.776334653661537861e-24
1.278500000000000000e+03 3.663605442660000586e-24
1.291000000000000000e+03 3.257132781790000295e-24
1.304000000000000000e+03 3.138391977873845700e-24
1.317000000000000000e+03 3.172533289192307698e-24
1.330000000000000000e+03 3.254440817924615579e-24
1.343500000000000000e+03 3.690328978525713850e-24
1.357000000000000000e+03 4.213321553698461772e-24
1.370500000000000000e+03 4.170432192209285934e-24
1.384500000000000000e+03 4.265317234595715282e-24
1.398500000000000000e+03 3.716037265444286498e-24
1.412500000000000000e+03 3.606750615100714271e-24
1.426500000000000000e+03 3.659909121603571920e-24
1.440500000000000000e+03 3.741877839050714348e-24
1.455000000000000000e+03 3.835393409778666540e-24
1.469500000000000000e+03 3.935299314927856842e-24
1.484000000000000000e+03 4.041891862855332528e-24
1.499000000000000000e+03 4.159396997694000605e-24
1.514000000000000000e+03 4.284757466536666765e-24
1.529000000000000000e+03 4.418419344503999887e-24
1.544500000000000000e+03 4.565914588088125128e-24
1.560000000000000000e+03 4.723417487875333089e-24
1.575500000000000000e+03 4.891881659714999809e-24
1.591500000000000000e+03 5.077960872173750158e-24
1.607500000000000000e+03 5.277468059902499250e-24
1.623500000000000000e+03 5.491525446538125173e-24
1.639500000000000000e+03 5.721391280820624290e-24
1.656000000000000000e+03 5.976595168310587328e-24
1.672500000000000000e+03 6.251657652543125045e-24
1.689000000000000000e+03 6.548979856674118851e-24
1.706000000000000000e+03 6.880616082963529168e-24
1.723000000000000000e+03 7.240829002445292931e-24
1.740500000000000000e+03 7.645015041528333544e-24
1.758000000000000000e+03 8.086546663896471616e-24
1.775500000000000000e+03 8.570852952333888649e-24
1.793500000000000000e+03 9.118926735204999204e-24
1.811500000000000000e+03 9.725664525770555079e-24
1.829500000000000000e+03 1.040018806043888941e-23
1.847500000000000000e+03 1.119299958736666701e-23
1.866000000000000000e+03 1.219713179201579076e-23
1.884500000000000000e+03 1.353021789812777697e-23
1.903000000000000000e+03 2.978732970142631591e-23
1.922000000000000000e+03 3.015981741337368065e-23
1.941500000000000000e+03 2.597744558180000483e-23
1.961000000000000000e+03 1.976077024734210768e-23
1.980500000000000000e+03 2.073449414547000011e-23
2.000500000000000000e+03 2.331044271101999657e-23
2.020500000000000000e+03 2.787581729603499833e-23
2.040500000000000000e+03 6.971358121959500431e-23
2.061000000000000000e+03 1.319605005534047432e-22
2.082000000000000000e+03 1.946127229127285485e-22
2.102500000000000000e+03 5.389844622135000599e-23
2.123500000000000000e+03 6.051371170134091323e-23
2.145000000000000000e+03 6.895128912068570060e-23
2.166500000000000000e+03 8.674040915592272822e-23
2.188000000000000000e+03 1.131837535412666548e-22
2.209500000000000000e+03 1.596133911740908983e-22
2.231500000000000000e+03 5.511639205119091065e-22
2.254000000000000000e+03 8.254270037843217730e-21
2.277000000000000000e+03 1.687634428027652058e-20
2.299500000000000000e+03 8.873977360003592698e-20
2.322500000000000000e+03 1.060063453734825109e-18
2.346000000000000000e+03 1.841478971689304396e-18
2.369000000000000000e+03 1.234633177658173693e-18
2.392500000000000000e+03 6.611470472676663632e-21
2.416500000000000000e+03 7.125720982132500712e-22
2.441000000000000000e+03 3.494168539322399428e-22
2.465500000000000000e+03 2.095259974890416561e-22
2.490000000000000000e+03 1.408416729704000180e-22
2.515000000000000000e+03 1.006701259932640202e-22
2.540000000000000000e+03 7.545981514227999046e-23
2.565500000000000000e+03 5.853417202214230977e-23
2.591500000000000000e+03 4.682435941889230423e-23
2.617500000000000000e+03 3.836743549081538628e-23
2.643500000000000000e+03 3.171497052258076687e-23
2.669500000000000000e+03 2.661653106059231051e-23
2.696000000000000000e+03 2.270866122333704011e-23
2.723000000000000000e+03 1.956817229265185454e-23
2.750500000000000000e+03 1.705829171310714068e-23
2.778000000000000000e+03 1.496115807135555204e-23
2.805500000000000000e+03 1.318628334847142791e-23
2.834000000000000000e+03 1.169804968808965727e-23
2.862500000000000000e+03 1.045705212003428496e-23
2.891000000000000000e+03 9.410483282121035581e-24
2.920000000000000000e+03 8.504303481027929080e-24
2.949000000000000000e+03 7.729180740582067555e-24
2.978500000000000000e+03 7.053577917022331951e-24
3.008500000000000000e+03 6.456412646464332971e-24
3.038500000000000000e+03 5.940876203832335371e-24
3.068500000000000000e+03 5.493848738560668272e-24
3.099000000000000000e+03 5.103307121394840898e-24
3.130000000000000000e+03 4.765408422408710241e-24
3.161500000000000000e+03 4.531548253051250281e-24
3.193500000000000000e+03 4.337633332814062494e-24
3.225500000000000000e+03 4.012066526474375454e-24
3.257500000000000000e+03 3.793681097526562423e-24
3.290000000000000000e+03 3.755016436773637228e-24
3.323000000000000000e+03 4.123566349131212084e-24
3.356000000000000000e+03 5.530132098328788782e-24
3.389500000000000000e+03 3.843153903986471191e-24
3.423500000000000000e+03 3.867428130487647514e-24
3.458000000000000000e+03 5.835473195835427985e-24
3.492500000000000000e+03 4.714264141408411464e-23
3.527000000000000000e+03 2.031127404413285904e-22
3.562500000000000000e+03 1.024079378557194652e-21
3.598500000000000000e+03 1.452847844532166557e-20
3.634500000000000000e+03 1.528966561461803305e-20
3.670500000000000000e+03 1.268245060438833198e-21
3.707000000000000000e+03 3.185991338899189546e-20
3.744500000000000000e+03 1.675678372478991798e-20
3.782000000000000000e+03 1.555044471981377764e-23
3.819500000000000000e+03 6.878756915558157885e-24
3.858000000000000000e+03 4.054471556812821133e-24
3.896500000000000000e+03 2.925839196592894476e-24
3.935000000000000000e+03 2.328685209712307267e-24
3.974500000000000000e+03 1.971553080685250482e-24
4.014500000000000000e+03 1.735750361030500342e-24
4.054500000000000000e+03 1.499074054746999932e-24
4.095000000000000000e+03 1.351322203511950885e-24
4.136000000000000000e+03 1.234024474852438493e-24
4.177500000000000000e+03 1.137280335260476319e-24
4.219500000000000000e+03 1.054609833828571402e-24
4.261500000000000000e+03 9.846209066090716046e-25
4.304000000000000000e+03 9.234724249116744164e-25
4.347000000000000000e+03 8.694424426812557053e-25
4.390500000000000000e+03 8.220377339632954669e-25
4.434500000000000000e+03 7.803245158856135689e-25
4.479000000000000000e+03 7.416240180147336745e-25
4.524000000000000000e+03 7.066471336519331625e-25
4.569000000000000000e+03 6.857646518509780205e-25
4.614500000000000000e+03 8.149384000972390441e-25
4.660500000000000000e+03 8.029386165433694755e-25
4.707000000000000000e+03 7.572588671129783727e-25
4.754500000000000000e+03 1.809112603335687159e-24
4.802000000000000000e+03 1.663795645002042495e-23
4.850000000000000000e+03 1.525203957680040730e-22
4.898500000000000000e+03 2.269155108897541228e-23
4.947500000000000000e+03 3.631224543267744085e-22
4.997000000000000000e+03 4.593083720300151128e-22
5.047000000000000000e+03 1.562587761028117538e-23
5.097500000000000000e+03 2.127395983151419877e-22
5.148000000000000000e+03 1.580007155373094291e-23
5.199500000000000000e+03 4.522848212985961205e-25
5.251500000000000000e+03 4.270272469479231208e-25
5.304000000000000000e+03 1.246299942748433909e-24
5.357500000000000000e+03 4.077171609964628698e-25
5.411000000000000000e+03 3.350634746695470358e-25
5.465000000000000000e+03 3.211517677810544591e-25
5.520000000000000000e+03 3.087645933126362875e-25
5.575000000000000000e+03 2.996249635190000824e-25
5.630500000000000000e+03 2.863818137253928606e-25
5.687000000000000000e+03 2.781487929489297644e-25
5.744000000000000000e+03 2.656457040365262981e-25
5.801500000000000000e+03 2.570487024003793455e-25
5.859500000000000000e+03 2.551026069163793380e-25
5.918000000000000000e+03 2.435083985724068022e-25
5.977000000000000000e+03 2.547350116649491940e-25
6.036500000000000000e+03 4.501962330100999978e-25
6.097000000000000000e+03 7.034762679522132046e-25
6.158000000000000000e+03 4.179751763847212429e-25
6.219500000000000000e+03 6.764551981681950842e-24
6.282000000000000000e+03 6.576381148329365017e-25
6.345000000000000000e+03 8.540158065636505693e-24
6.408500000000000000e+03 2.632890227829374834e-25
6.472500000000000000e+03 5.580620492986561345e-25
6.537000000000000000e+03 6.039489603258307800e-25
6.602500000000000000e+03 1.684298155346060723e-25
6.668500000000000000e+03 2.080238155270606245e-25
6.735000000000000000e+03 2.396314591802686440e-25
6.802500000000000000e+03 2.794750668154117965e-25
6.870500000000000000e+03 3.034975700530146497e-25
6.939000000000000000e+03 1.654013985501474095e-23
7.008500000000000000e+03 1.781470161575393850e-23
7.078500000000000000e+03 1.389026157245713910e-25
7.149500000000000000e+03 1.320544490388194271e-25
7.221000000000000000e+03 1.278604809930986048e-25
7.293000000000000000e+03 1.286641419018493592e-25
7.366000000000000000e+03 1.212971950655890338e-25
7.439500000000000000e+03 1.606497342279594894e-25
7.514000000000000000e+03 1.261044963472000003e-25
7.589500000000000000e+03 2.635172961259342832e-25
7.665500000000000000e+03 1.074119573902631310e-25
7.742000000000000000e+03 1.494612746780649347e-25
7.819500000000000000e+03 1.004231697425961860e-25
7.897500000000000000e+03 1.008794659188820607e-25
7.976500000000000000e+03 9.903745513745877948e-26
8.056500000000000000e+03 1.011955923910000050e-25
8.137000000000000000e+03 2.568472743821122391e-25
8.218000000000000000e+03 7.825764705788132954e-25
8.300000000000000000e+03 8.714098160535394389e-25
8.383500000000000000e+03 8.265387772985117426e-26
8.467500000000000000e+03 8.017283976575597857e-26
8.552000000000000000e+03 7.794270287111060109e-26
8.637500000000000000e+03 7.615462665915810016e-26
8.724000000000000000e+03 7.404576733842877112e-26
8.811000000000000000e+03 7.420830944288507976e-26
8.899000000000000000e+03 7.012120585426853329e-26
8.988000000000000000e+03 6.961183551751573235e-26
9.078000000000000000e+03 6.624626075133737730e-26
9.169000000000000000e+03 6.460328804897364813e-26
9.260500000000000000e+03 6.295245528870979258e-26
9.353000000000000000e+03 6.434822872703118200e-26
9.446500000000000000e+03 6.512412940251698283e-26
9.541000000000000000e+03 8.224299145904212010e-26
9.636500000000000000e+03 6.637286737749899135e-26
9.733000000000000000e+03 5.497777836168553808e-26
9.830000000000000000e+03 5.355906967399691135e-26
9.928000000000000000e+03 5.218417834785859551e-26
9.989000000000000000e+03 5.135319616103477000e-26
