1.000000000000000000e+01 1.276133186239999979e-28
1.100000000000000000e+01 1.279358088670000102e-28
1.200000000000000000e+01 1.281309654679999965e-28
1.300000000000000000e+01 1.283899164420000042e-28
1.400000000000000000e+01 1.299373904170000110e-28
1.500000000000000000e+01 1.289114975759999971e-28
1.600000000000000000e+01 1.291767247150000077e-28
1.700000000000000000e+01 1.294777566700000061e-28
1.800000000000000000e+01 1.297010365139999986e-28
1.900000000000000000e+01 1.299754764199999898e-28
2.000000000000000000e+01 1.302418778780000097e-28
2.100000000000000000e+01 1.304999212350000109e-28
2.200000000000000000e+01 1.307953597889999961e-28
2.300000000000000000e+01 1.310402823359999897e-28
2.400000000000000000e+01 1.313084812269999903e-28
2.500000000000000000e+01 1.319518101660000105e-28
2.600000000000000000e+01 1.318530239169999925e-28
2.700000000000000000e+01 1.321269713949999892e-28
2.800000000000000000e+01 1.325116632830000036e-28
2.900000000000000000e+01 1.326772144030000095e-28
3.000000000000000000e+01 1.329557388279999982e-28
3.100000000000000000e+01 1.332546989690000077e-28
3.200000000000000000e+01 1.335121694860000101e-28
3.300000000000000000e+01 1.337955671579999986e-28
3.400000000000000000e+01 1.340766203650000038e-28
3.500000000000000000e+01 1.343577190840000102e-28
3.600000000000000000e+01 1.346599702749999917e-28
3.700000000000000000e+01 1.349273323169999987e-28
3.800000000000000000e+01 1.352138979189999970e-28
3.900000000000000000e+01 1.355044272470000047e-28
4.000000000000000000e+01 1.357905913210000064e-28
4.100000000000000000e+01 1.360808440199999928e-28
4.200000000000000000e+01 1.363722842409999949e-28
4.300000000000000000e+01 1.366647609230000098e-28
4.400000000000000000e+01 1.369587266120000099e-28
4.500000000000000000e+01 1.372536670850000054e-28
4.600000000000000000e+01 1.375499571299999977e-28
4.700000000000000000e+01 1.378712882110000019e-28
4.800000000000000000e+01 1.381463013210000031e-28
4.900000000000000000e+01 1.384463597509999969e-28
5.000000000000000000e+01 1.387476943869999982e-28
5.100000000000000000e+01 1.390502869910000036e-28
5.200000000000000000e+01 1.393541737610000045e-28
5.300000000000000000e+01 1.396593493059999948e-28
5.400000000000000000e+01 1.399658247499999930e-28
5.500000000000000000e+01 1.402736152860000079e-28
5.600000000000000000e+01 1.405827070149999954e-28
5.700000000000000000e+01 1.408931298530000067e-28
5.800000000000000000e+01 1.412048852390000039e-28
5.900000000000000000e+01 1.415179806750000106e-28
6.000000000000000000e+01 1.418324255909999942e-28
6.100000000000000000e+01 1.421482281720000019e-28
6.200000000000000000e+01 1.424653970839999938e-28
6.300000000000000000e+01 1.427839411390000061e-28
6.400000000000000000e+01 1.431038687640000036e-28
6.500000000000000000e+01 1.434251891330000109e-28
6.600000000000000000e+01 1.437479110530000071e-28
6.700000000000000000e+01 1.440720435059999980e-28
6.800000000000000000e+01 1.443975955600000078e-28
6.900000000000000000e+01 1.447245763519999970e-28
7.000000000000000000e+01 1.450529950950000099e-28
7.100000000000000000e+01 1.453828610799999953e-28
7.200000000000000000e+01 1.457141836740000083e-28
7.300000000000000000e+01 1.460469723240000088e-28
7.400000000000000000e+01 1.463812365529999958e-28
7.500000000000000000e+01 1.467169859669999971e-28
7.600000000000000000e+01 1.470542302510000017e-28
7.700000000000000000e+01 1.473929791710000046e-28
7.800000000000000000e+01 1.477332425749999963e-28
7.900000000000000000e+01 1.480750303950000076e-28
8.000000000000000000e+01 1.484183526469999977e-28
8.100000000000000000e+01 1.487632194299999998e-28
8.200000000000000000e+01 1.491096409300000099e-28
8.300000000000000000e+01 1.494576274189999973e-28
8.400000000000000000e+01 1.498071892560000065e-28
8.500000000000000000e+01 1.501583368890000001e-28
8.600000000000000000e+01 1.505110808540000044e-28
8.700000000000000000e+01 1.508654317789999984e-28
8.800000000000000000e+01 1.512214003789999908e-28
8.900000000000000000e+01 1.515789974660000004e-28
9.000000000000000000e+01 1.519382339419999976e-28
9.100000000000000000e+01 1.522991208020000069e-28
9.200000000000000000e+01 1.526616691379999949e-28
9.300000000000000000e+01 1.530258901359999935e-28
9.400000000000000000e+01 1.533917950809999997e-28
9.500000000000000000e+01 1.537593953529999974e-28
9.600000000000000000e+01 1.541287024330000035e-28
9.700000000000000000e+01 1.544997279000000110e-28
9.800000000000000000e+01 1.548724834369999906e-28
9.900000000000000000e+01 1.552469808250000014e-28
1.000000000000000000e+02 1.556232319509999906e-28
1.010000000000000000e+02 1.560012488050000062e-28
1.020000000000000000e+02 1.563810434830000069e-28
1.030000000000000000e+02 1.567626281860000077e-28
1.040000000000000000e+02 1.571460152250000022e-28
1.050000000000000000e+02 1.575312170150000066e-28
1.060000000000000000e+02 1.579182460869999948e-28
1.070000000000000000e+02 1.583071150780000083e-28
1.080000000000000000e+02 1.586978367390000012e-28
1.090000000000000000e+02 1.590904239349999967e-28
1.100000000000000000e+02 1.594848896449999979e-28
1.110000000000000000e+02 1.598812469640000104e-28
1.120000000000000000e+02 1.602795091029999976e-28
1.130000000000000000e+02 1.606796893929999934e-28
1.140000000000000000e+02 1.610818012829999901e-28
1.150000000000000000e+02 1.614858583449999950e-28
1.160000000000000000e+02 1.618918742720000080e-28
1.170000000000000000e+02 1.622998628799999994e-28
1.180000000000000000e+02 1.627098381109999889e-28
1.190000000000000000e+02 1.631218140330000012e-28
1.200000000000000000e+02 1.635358048410000096e-28
1.210000000000000000e+02 1.639518248599999931e-28
1.220000000000000000e+02 1.643698885450000034e-28
1.230000000000000000e+02 1.647900104839999978e-28
1.240000000000000000e+02 1.652122053970000066e-28
1.250000000000000000e+02 1.656364881399999998e-28
1.260000000000000000e+02 1.660628737040000100e-28
1.270000000000000000e+02 1.664913772180000100e-28
1.280000000000000000e+02 1.669220139530000031e-28
1.290000000000000000e+02 1.673547993170000108e-28
1.300000000000000000e+02 1.677897488650000079e-28
1.310000000000000000e+02 1.682268782919999993e-28
1.320000000000000000e+02 1.686662034400000102e-28
1.330000000000000000e+02 1.691077403010000087e-28
1.340000000000000000e+02 1.695515050129999942e-28
1.350000000000000000e+02 1.699975138650000096e-28
1.360000000000000000e+02 1.704457833010000083e-28
1.370000000000000000e+02 1.708963299149999980e-28
1.380000000000000000e+02 1.713491704600000096e-28
1.390000000000000000e+02 1.718043218469999960e-28
1.400000000000000000e+02 1.722618011439999998e-28
1.410000000000000000e+02 1.727216255830000093e-28
1.420000000000000000e+02 1.731838125560000025e-28
1.430000000000000000e+02 1.736483796229999933e-28
1.440000000000000000e+02 1.741153445100000092e-28
1.450000000000000000e+02 1.745847251110000017e-28
1.460000000000000000e+02 1.750565394909999926e-28
1.470000000000000000e+02 1.755308058880000075e-28
1.480000000000000000e+02 1.760075427139999972e-28
1.490000000000000000e+02 1.764867685609999962e-28
1.500000000000000000e+02 1.769685021939999979e-28
1.510000000000000000e+02 1.774527625650000020e-28
1.520000000000000000e+02 1.779395688040000020e-28
1.530000000000000000e+02 1.784289402290000092e-28
1.540000000000000000e+02 1.789208963440000079e-28
1.550000000000000000e+02 1.794154568439999898e-28
1.560000000000000000e+02 1.799126416129999984e-28
1.570000000000000000e+02 1.804124707319999966e-28
1.580000000000000000e+02 1.809149644770000001e-28
1.590000000000000000e+02 1.814201433209999888e-28
1.600000000000000000e+02 1.819280279410000090e-28
1.610000000000000000e+02 1.824386392139999929e-28
1.620000000000000000e+02 1.829519982250000073e-28
1.630000000000000000e+02 1.834681262659999953e-28
1.640000000000000000e+02 1.839870448409999907e-28
1.650000000000000000e+02 1.845087756660000055e-28
1.660000000000000000e+02 1.850333406719999971e-28
1.670000000000000000e+02 1.855607620110000041e-28
1.680000000000000000e+02 1.860910620520000112e-28
1.690000000000000000e+02 1.866242633909999955e-28
1.700000000000000000e+02 1.871603888489999941e-28
1.710000000000000000e+02 1.876994614759999924e-28
1.720000000000000000e+02 1.882415045540000031e-28
1.730000000000000000e+02 1.887865415980000110e-28
1.740000000000000000e+02 1.893345963639999965e-28
1.750000000000000000e+02 1.898856928450000022e-28
1.760000000000000000e+02 1.904398552790000002e-28
1.770000000000000000e+02 1.909971081499999933e-28
1.780000000000000000e+02 1.915574761910000040e-28
1.790000000000000000e+02 1.921209843880000086e-28
1.800000000000000000e+02 1.926876579809999930e-28
1.810000000000000000e+02 1.932575224699999994e-28
1.820000000000000000e+02 1.938306036169999917e-28
1.830000000000000000e+02 1.944069274490000020e-28
1.840000000000000000e+02 1.949865202590000078e-28
1.850000000000000000e+02 1.955694086160000009e-28
1.860000000000000000e+02 1.961556193610000094e-28
1.870000000000000000e+02 1.967451796139999983e-28
1.880000000000000000e+02 1.973381167780000043e-28
1.890000000000000000e+02 1.979344585399999913e-28
1.900000000000000000e+02 1.985342328790000079e-28
1.910000000000000000e+02 1.991374680629999973e-28
1.920000000000000000e+02 1.997441926599999893e-28
1.930000000000000000e+02 2.003544355369999999e-28
1.940000000000000000e+02 2.009682258629999979e-28
1.950000000000000000e+02 2.015855931200000081e-28
1.960000000000000000e+02 2.022065670959999870e-28
1.970000000000000000e+02 2.028311778990000047e-28
1.980000000000000000e+02 2.034594559549999978e-28
1.990000000000000000e+02 2.040914320159999957e-28
2.000000000000000000e+02 2.047271371590000193e-28
2.010000000000000000e+02 2.053666027969999825e-28
2.020000000000000000e+02 2.060098606779999945e-28
2.030000000000000000e+02 2.066569428890000021e-28
2.040000000000000000e+02 2.073078818670000052e-28
2.050000000000000000e+02 2.079627103950000108e-28
2.060000000000000000e+02 2.086214616129999794e-28
2.070000000000000000e+02 2.092841690190000160e-28
2.080000000000000000e+02 2.099508664749999899e-28
2.090000000000000000e+02 2.106215882119999957e-28
2.100000000000000000e+02 2.112963688339999954e-28
2.110000000000000000e+02 2.119752433249999878e-28
2.120000000000000000e+02 2.126582470500000200e-28
2.130000000000000000e+02 2.133454157630000103e-28
2.140000000000000000e+02 2.140367856150000180e-28
2.150000000000000000e+02 2.147323931500000192e-28
2.160000000000000000e+02 2.154322753209999996e-28
2.170000000000000000e+02 2.161364694889999876e-28
2.180000000000000000e+02 2.168450134300000004e-28
2.190000000000000000e+02 2.175579453400000109e-28
2.200000000000000000e+02 2.182753038429999945e-28
2.210000000000000000e+02 2.189971279919999854e-28
2.220000000000000000e+02 2.197234572809999893e-28
2.230000000000000000e+02 2.204543316470000067e-28
2.240000000000000000e+02 2.211897914749999996e-28
2.250000000000000000e+02 2.219298776090000179e-28
2.260000000000000000e+02 2.226746313510000083e-28
2.270000000000000000e+02 2.234240944759999856e-28
2.280000000000000000e+02 2.241783092310000215e-28
2.290000000000000000e+02 2.249373183439999884e-28
2.300000000000000000e+02 2.257011650330000214e-28
2.310000000000000000e+02 2.264698930099999806e-28
2.320000000000000000e+02 2.272435464870000133e-28
2.330000000000000000e+02 2.280221701859999952e-28
2.340000000000000000e+02 2.288058093450000030e-28
2.350000000000000000e+02 2.295945097239999791e-28
2.360000000000000000e+02 2.303883176119999910e-28
2.370000000000000000e+02 2.311872798369999868e-28
2.380000000000000000e+02 2.319914437709999870e-28
2.390000000000000000e+02 2.328008573379999962e-28
2.400000000000000000e+02 2.336155690260000061e-28
2.410000000000000000e+02 2.344356278859999838e-28
2.420000000000000000e+02 2.352610835480000100e-28
2.430000000000000000e+02 2.360919862269999884e-28
2.440000000000000000e+02 2.369283867310000066e-28
2.450000000000000000e+02 2.377703364670000010e-28
2.460000000000000000e+02 2.386178874529999832e-28
2.470000000000000000e+02 2.394710923270000090e-28
2.480000000000000000e+02 2.403300043520000106e-28
2.490000000000000000e+02 2.411946774289999904e-28
2.500000000000000000e+02 2.420651661040000113e-28
2.510000000000000000e+02 2.429415255790000083e-28
2.520000000000000000e+02 2.438238117179999916e-28
2.530000000000000000e+02 2.447120810630000054e-28
2.540000000000000000e+02 2.456063908350000047e-28
2.550000000000000000e+02 2.465067989529999825e-28
2.560000000000000000e+02 2.474133640380000159e-28
2.570000000000000000e+02 2.483261454270000220e-28
2.580000000000000000e+02 2.492452031790000064e-28
2.590000000000000000e+02 2.501705980910000213e-28
2.600000000000000000e+02 2.511023917059999880e-28
2.610000000000000000e+02 2.520406463250000136e-28
2.620000000000000000e+02 2.529854250149999888e-28
2.630000000000000000e+02 2.539367916260000067e-28
2.640000000000000000e+02 2.548948108000000169e-28
2.650000000000000000e+02 2.558595479790000066e-28
2.660000000000000000e+02 2.568310694260000168e-28
2.670000000000000000e+02 2.578094422279999965e-28
2.680000000000000000e+02 2.587947343140000090e-28
2.690000000000000000e+02 2.597870144649999870e-28
2.700000000000000000e+02 2.607863523300000052e-28
2.710000000000000000e+02 2.617928184349999797e-28
2.720000000000000000e+02 2.628064842020000195e-28
2.730000000000000000e+02 2.638274219550000019e-28
2.740000000000000000e+02 2.648557049420000029e-28
2.750000000000000000e+02 2.658914073420000189e-28
2.760000000000000000e+02 2.669346042840000042e-28
2.770000000000000000e+02 2.679853718619999974e-28
2.780000000000000000e+02 2.690437871459999783e-28
2.790000000000000000e+02 2.701099281999999838e-28
2.800000000000000000e+02 2.711838740959999986e-28
2.810000000000000000e+02 2.722657049319999821e-28
2.820000000000000000e+02 2.733555018459999825e-28
2.830000000000000000e+02 2.744533470320000067e-28
2.840000000000000000e+02 2.755593237590000129e-28
2.850000000000000000e+02 2.766735163840000137e-28
2.860000000000000000e+02 2.777960103730000031e-28
2.870000000000000000e+02 2.789268923189999822e-28
2.880000000000000000e+02 2.800662499540000065e-28
2.890000000000000000e+02 2.812141721749999904e-28
2.900000000000000000e+02 2.823707490559999782e-28
2.910000000000000000e+02 2.835360718699999919e-28
2.920000000000000000e+02 2.847102331100000025e-28
2.930000000000000000e+02 2.858933265040000115e-28
2.940000000000000000e+02 2.870854470390000112e-28
2.950000000000000000e+02 2.882866909779999994e-28
2.960000000000000000e+02 2.894971558839999850e-28
2.970000000000000000e+02 2.907169406399999918e-28
2.980000000000000000e+02 2.919461454690000184e-28
2.990000000000000000e+02 2.931848719569999870e-28
3.000000000000000000e+02 2.944332230770000172e-28
3.010000000000000000e+02 2.956913032080000160e-28
3.020000000000000000e+02 2.969592181629999971e-28
3.030000000000000000e+02 2.982370752079999845e-28
3.040000000000000000e+02 2.995249830900000184e-28
3.050000000000000000e+02 3.008230520590000029e-28
3.060000000000000000e+02 3.021313938940000031e-28
3.070000000000000000e+02 3.034501219290000043e-28
3.080000000000000000e+02 3.047793510780000179e-28
3.090000000000000000e+02 3.061191978640000095e-28
3.100000000000000000e+02 3.074697804429999936e-28
3.110000000000000000e+02 3.088312186319999946e-28
3.120000000000000000e+02 3.102036339399999979e-28
3.130000000000000000e+02 3.115871495960000004e-28
3.140000000000000000e+02 3.129818905739999822e-28
3.150000000000000000e+02 3.143879836300000158e-28
3.160000000000000000e+02 3.158055573249999905e-28
3.170000000000000000e+02 3.172347420630000018e-28
3.180000000000000000e+02 3.186756701189999989e-28
3.190000000000000000e+02 3.201284756710000155e-28
3.200000000000000000e+02 3.215932948349999867e-28
3.210000000000000000e+02 3.230702656990000035e-28
3.220000000000000000e+02 3.245595283529999823e-28
3.230000000000000000e+02 3.260612249310000106e-28
3.240000000000000000e+02 3.275754996429999953e-28
3.250000000000000000e+02 3.291024988090000058e-28
3.260000000000000000e+02 3.306423709020000035e-28
3.270000000000000000e+02 3.321952665820000059e-28
3.280000000000000000e+02 3.337613387389999948e-28
3.290000000000000000e+02 3.353407425250000133e-28
3.300000000000000000e+02 3.369336354040000191e-28
3.310000000000000000e+02 3.385401771879999823e-28
3.320000000000000000e+02 3.401605300790000063e-28
3.330000000000000000e+02 3.417948587129999788e-28
3.340000000000000000e+02 3.434433302079999857e-28
3.350000000000000000e+02 3.451061142010000158e-28
3.360000000000000000e+02 3.467833829030000073e-28
3.370000000000000000e+02 3.484753111360000005e-28
3.380000000000000000e+02 3.501820763920000054e-28
3.390000000000000000e+02 3.519038588730000102e-28
3.400000000000000000e+02 3.536408415450000150e-28
3.410000000000000000e+02 3.553932101899999987e-28
3.420000000000000000e+02 3.571611534540000185e-28
3.430000000000000000e+02 3.589448629069999990e-28
3.440000000000000000e+02 3.607445330900000000e-28
3.450000000000000000e+02 3.625603615760000166e-28
3.460000000000000000e+02 3.643925492040000071e-28
3.470000000000000000e+02 3.662412992519999955e-28
3.480000000000000000e+02 3.681068192530000137e-28
3.490000000000000000e+02 3.699893601940000105e-28
3.500000000000000000e+02 3.718890130430000209e-28
3.510000000000000000e+02 3.738061174329999994e-28
3.520000000000000000e+02 3.757408541159999853e-28
3.530000000000000000e+02 3.776934435279999973e-28
3.540000000000000000e+02 3.796641168030000032e-28
3.550000000000000000e+02 3.816531047579999811e-28
3.560000000000000000e+02 3.836606399150000183e-28
3.570000000000000000e+02 3.856869636020000129e-28
3.580000000000000000e+02 3.877323182150000035e-28
3.590000000000000000e+02 3.897969481039999782e-28
3.600000000000000000e+02 3.918811065639999792e-28
3.610000000000000000e+02 3.939850483470000147e-28
3.620000000000000000e+02 3.961090283249999843e-28
3.630000000000000000e+02 3.982533149749999926e-28
3.640000000000000000e+02 4.004181730850000114e-28
3.650000000000000000e+02 4.026038745430000167e-28
3.660000000000000000e+02 4.048106984100000153e-28
3.670000000000000000e+02 4.070389212730000418e-28
3.680000000000000000e+02 4.092888329130000346e-28
3.690000000000000000e+02 4.115607285900000243e-28
3.700000000000000000e+02 4.138548869380000267e-28
3.710000000000000000e+02 4.161716251800000367e-28
3.720000000000000000e+02 4.185112785449999576e-28
3.735000000000000000e+02 4.220672144744999731e-28
3.760000000000000000e+02 4.281139687746667209e-28
3.795000000000000000e+02 4.368360600964999500e-28
3.835000000000000000e+02 4.471837561199999479e-28
3.875000000000000000e+02 4.579665018207499801e-28
3.915000000000000000e+02 4.692097810524999852e-28
3.955000000000000000e+02 4.809407674427499954e-28
3.995000000000000000e+02 4.931891116460000031e-28
4.035000000000000000e+02 5.059862553019999751e-28
4.075000000000000000e+02 5.193663196547500507e-28
4.115000000000000000e+02 5.333661603640000287e-28
4.155000000000000000e+02 5.480259255089999689e-28
4.195000000000000000e+02 5.633911718227500286e-28
4.235000000000000000e+02 5.794988008507500515e-28
4.280000000000000000e+02 5.986030697075999728e-28
4.325000000000000000e+02 6.187575979270000401e-28
4.365000000000000000e+02 6.376770231964999923e-28
4.410000000000000000e+02 6.604169695474000309e-28
4.455000000000000000e+02 6.840611458152500490e-28
4.495000000000000000e+02 7.064551014632499715e-28
4.540000000000000000e+02 7.332304224719999857e-28
4.590000000000000000e+02 7.650505742332000461e-28
4.635000000000000000e+02 1.507141129619750030e-27
4.680000000000000000e+02 8.308486734555999417e-28
4.725000000000000000e+02 9.225131544610001410e-28
4.770000000000000000e+02 9.007077949474000174e-28
4.820000000000000000e+02 9.472652052361999801e-28
4.870000000000000000e+02 9.944083523487999235e-28
4.920000000000000000e+02 1.047980039720000102e-27
4.970000000000000000e+02 1.104870141108000221e-27
5.020000000000000000e+02 1.168024574082000106e-27
5.070000000000000000e+02 6.665891536522000115e-27
5.120000000000000000e+02 1.314038742960000015e-27
5.170000000000000000e+02 1.402720724981999856e-27
5.220000000000000000e+02 1.494167270043999911e-27
5.270000000000000000e+02 1.613523683354000312e-27
5.325000000000000000e+02 1.521376744534666715e-26
5.380000000000000000e+02 4.825039252333999718e-27
5.430000000000000000e+02 6.447601163915999325e-26
5.485000000000000000e+02 2.477466281460000163e-27
5.540000000000000000e+02 2.517623542275999717e-27
5.595000000000000000e+02 3.346670932653333612e-27
5.655000000000000000e+02 3.947911534838332929e-27
5.710000000000000000e+02 5.251811414861999955e-27
5.765000000000000000e+02 5.001613759120000327e-27
5.825000000000000000e+02 6.137072615607691452e-24
5.885000000000000000e+02 4.179604141815500121e-26
5.945000000000000000e+02 6.698104795535344201e-24
6.005000000000000000e+02 2.992613438157213761e-23
6.065000000000000000e+02 6.586662437374500081e-25
6.125000000000000000e+02 2.247538766403133205e-24
6.185000000000000000e+02 4.548330460573942096e-23
6.245000000000000000e+02 1.773067615147666734e-25
6.305000000000000000e+02 5.750635347056666814e-24
6.370000000000000000e+02 1.350252049259237866e-21
6.435000000000000000e+02 4.137246845762833320e-24
6.500000000000000000e+02 2.768988719205571715e-23
6.565000000000000000e+02 4.993054183390030479e-21
6.630000000000000000e+02 1.073792966089221177e-20
6.695000000000000000e+02 2.453057989285533877e-17
6.760000000000000000e+02 6.056242567208856882e-22
6.830000000000000000e+02 1.604002653349385554e-22
6.900000000000000000e+02 4.135113594805713910e-23
6.970000000000000000e+02 3.295765357523428545e-24
7.040000000000000000e+02 2.643043020297571847e-24
7.110000000000000000e+02 8.312966759832414194e-24
7.180000000000000000e+02 6.089819969710427903e-25
7.250000000000000000e+02 7.057517375523857163e-25
7.320000000000000000e+02 6.743215458367143065e-26
7.395000000000000000e+02 4.350833811163749349e-26
7.470000000000000000e+02 3.121547221909857382e-26
7.545000000000000000e+02 6.632123556646250228e-27
7.620000000000000000e+02 4.716483171885714529e-27
7.695000000000000000e+02 4.022374069291274647e-25
7.775000000000000000e+02 2.875616715800000291e-27
7.855000000000000000e+02 5.498127862254999705e-27
7.930000000000000000e+02 4.742011215339144305e-26
8.005000000000000000e+02 2.510830525186250201e-27
8.085000000000000000e+02 1.742686174943749895e-27
8.170000000000000000e+02 1.603174247144444444e-27
8.255000000000000000e+02 1.364759869341249931e-27
8.335000000000000000e+02 1.618310891642500116e-27
8.415000000000000000e+02 1.144559652306249993e-27
8.500000000000000000e+02 1.064734103767777754e-27
8.585000000000000000e+02 9.815722272463748662e-28
8.670000000000000000e+02 9.038773384755557157e-28
8.760000000000000000e+02 8.405687450376666454e-28
8.850000000000000000e+02 8.376255167554443674e-28
8.935000000000000000e+02 7.597458062097500179e-28
9.020000000000000000e+02 7.205600121977777768e-28
9.115000000000000000e+02 6.637507156686000763e-28
9.210000000000000000e+02 6.670359384793332903e-28
9.300000000000000000e+02 8.082456232879994216e-25
9.390000000000000000e+02 5.907360541089999937e-28
9.485000000000000000e+02 1.392177894307300098e-27
9.580000000000000000e+02 6.010049584453111485e-26
9.675000000000000000e+02 1.004027426426390032e-26
9.775000000000000000e+02 6.033273330417000245e-28
9.870000000000000000e+02 4.827918681877777429e-28
9.965000000000000000e+02 4.642336526639999540e-28
1.006500000000000000e+03 1.812531243932099788e-27
1.016500000000000000e+03 2.524045907370199568e-27
1.027000000000000000e+03 5.883546792117271826e-28
1.037500000000000000e+03 4.423385711475999493e-28
1.047500000000000000e+03 1.458326448795900109e-27
1.058000000000000000e+03 7.146109787552725743e-28
1.069000000000000000e+03 3.455204581514090285e-27
1.079500000000000000e+03 5.204457415874300617e-27
1.090000000000000000e+03 2.725505485662856582e-24
1.101000000000000000e+03 3.850702208823636652e-28
1.112000000000000000e+03 3.632198854154544976e-28
1.123000000000000000e+03 3.598298225218181325e-28
1.134500000000000000e+03 3.569984925832499231e-28
1.146000000000000000e+03 3.547834043690000334e-28
1.157500000000000000e+03 3.531560885085833089e-28
1.169000000000000000e+03 3.520626735461817996e-28
1.180500000000000000e+03 3.528347444154999900e-28
1.192500000000000000e+03 3.514371094815833578e-28
1.204500000000000000e+03 3.538382492435832474e-28
1.216500000000000000e+03 2.204985081328166650e-27
1.228500000000000000e+03 4.796959280043332407e-28
1.240500000000000000e+03 8.630550477366665359e-28
1.253000000000000000e+03 6.782165289426538658e-27
1.266000000000000000e+03 1.977580187723999939e-27
1.278500000000000000e+03 5.729725412050832540e-28
1.291000000000000000e+03 4.428038734318462042e-28
1.304000000000000000e+03 3.732991212480769069e-28
1.317000000000000000e+03 3.781468809834614978e-28
1.330000000000000000e+03 4.138763314340768444e-28
1.343500000000000000e+03 4.773626982847857345e-28
1.357000000000000000e+03 1.248035156387922946e-27
1.370500000000000000e+03 6.930260490049440632e-25
1.384500000000000000e+03 1.128553850590678936e-24
1.398500000000000000e+03 3.591354916276776087e-25
1.412500000000000000e+03 2.366920986840642927e-27
1.426500000000000000e+03 4.550661814083572291e-28
1.440500000000000000e+03 4.505502246605714357e-28
1.455000000000000000e+03 4.562331801260000261e-28
1.469500000000000000e+03 4.681055661112857110e-28
1.484000000000000000e+03 4.808847828731333593e-28
1.499000000000000000e+03 4.947342018422666426e-28
1.514000000000000000e+03 5.096297079261332531e-28
1.529000000000000000e+03 5.255082665883333659e-28
1.544500000000000000e+03 5.430291954414999788e-28
1.560000000000000000e+03 5.617389726841333646e-28
1.575500000000000000e+03 5.819293961047499699e-28
1.591500000000000000e+03 6.038505966759999613e-28
1.607500000000000000e+03 6.275449755499375001e-28
1.623500000000000000e+03 6.529654153563124998e-28
1.639500000000000000e+03 6.802609364268749045e-28
1.656000000000000000e+03 7.105625228957647625e-28
1.672500000000000000e+03 7.432189087002500107e-28
1.689000000000000000e+03 7.785143842678235264e-28
1.706000000000000000e+03 8.178788559458235622e-28
1.723000000000000000e+03 8.606299867965295521e-28
1.740500000000000000e+03 9.085946784334444570e-28
1.758000000000000000e+03 9.609780013932940159e-28
1.775500000000000000e+03 1.032529640103888867e-27
1.793500000000000000e+03 1.086491519567222422e-27
1.811500000000000000e+03 1.155561975692222340e-27
1.829500000000000000e+03 1.240088275131666767e-27
1.847500000000000000e+03 2.662885649187777570e-27
1.866000000000000000e+03 4.522888215889285425e-25
1.884500000000000000e+03 3.427316350734998906e-27
1.903000000000000000e+03 2.587347156183052432e-26
1.922000000000000000e+03 2.568225822994657455e-25
1.941500000000000000e+03 2.663756207981281201e-23
1.961000000000000000e+03 2.678805775726841954e-27
1.980500000000000000e+03 3.109469051177000393e-27
2.000500000000000000e+03 2.866773533135000111e-27
2.020500000000000000e+03 2.132300695461050391e-26
2.040500000000000000e+03 5.000644694247399965e-26
2.061000000000000000e+03 9.099039418197666236e-26
2.082000000000000000e+03 2.463638612073561372e-25
2.102500000000000000e+03 1.263972600994825030e-23
2.123500000000000000e+03 8.586564610134545788e-27
2.145000000000000000e+03 1.390268019531623665e-25
2.166500000000000000e+03 1.021334404644272799e-26
2.188000000000000000e+03 2.664086348000952992e-26
2.209500000000000000e+03 4.513466137799544900e-26
2.231500000000000000e+03 7.376647372644758803e-24
2.254000000000000000e+03 4.050337098084978422e-24
2.277000000000000000e+03 1.685655942052587312e-23
2.299500000000000000e+03 9.693296991302605563e-22
2.322500000000000000e+03 2.119235740837836919e-19
2.346000000000000000e+03 1.186673422298475797e-19
2.369000000000000000e+03 3.049808444025031645e-20
2.392500000000000000e+03 1.746827080085637329e-23
2.416500000000000000e+03 8.325306967513335536e-26
2.441000000000000000e+03 6.016557264418000508e-26
2.465500000000000000e+03 8.585619132625000014e-26
2.490000000000000000e+03 1.734413761406799637e-26
2.515000000000000000e+03 1.294376451638400120e-26
2.540000000000000000e+03 9.013332928378401939e-27
2.565500000000000000e+03 7.113140813970769573e-27
2.591500000000000000e+03 1.628573767947691928e-26
2.617500000000000000e+03 3.506681328070924105e-26
2.643500000000000000e+03 1.965679873138500059e-26
2.669500000000000000e+03 9.174152168928462126e-27
2.696000000000000000e+03 1.129583072037222399e-26
2.723000000000000000e+03 2.366730888454073884e-27
2.750500000000000000e+03 2.987386372968213654e-27
2.778000000000000000e+03 1.908187321021110913e-27
2.805500000000000000e+03 6.839555936068572866e-27
2.834000000000000000e+03 1.458044677104482459e-27
2.862500000000000000e+03 1.251364482441785937e-27
2.891000000000000000e+03 1.124580726235861970e-27
2.920000000000000000e+03 1.014747748042379447e-27
2.949000000000000000e+03 9.305455717309655701e-28
2.978500000000000000e+03 3.645926661194299833e-27
3.008500000000000000e+03 7.881793809178333889e-28
3.038500000000000000e+03 7.215637850623663970e-28
3.068500000000000000e+03 8.081849486853668128e-28
3.099000000000000000e+03 6.674064986700646068e-28
3.130000000000000000e+03 1.343117075412322685e-27
3.161500000000000000e+03 1.053540536950143966e-26
3.193500000000000000e+03 6.258753853888437238e-28
3.225500000000000000e+03 4.859614793058749692e-28
3.257500000000000000e+03 8.289282813646469910e-27
3.290000000000000000e+03 9.906867587561193156e-26
3.323000000000000000e+03 1.714280522145636466e-27
3.356000000000000000e+03 4.290559249382666929e-27
3.389500000000000000e+03 4.979467947645940862e-27
3.423500000000000000e+03 7.011272200546058574e-27
3.458000000000000000e+03 1.196292277135303210e-24
3.492500000000000000e+03 4.567903595766319790e-24
3.527000000000000000e+03 6.166834184062187936e-23
3.562500000000000000e+03 9.048360121326500748e-23
3.598500000000000000e+03 5.609314441627639550e-24
3.634500000000000000e+03 1.713606907120816504e-23
3.670500000000000000e+03 1.327495261359706644e-23
3.707000000000000000e+03 3.077334095243023604e-19
3.744500000000000000e+03 6.392308828023340673e-20
3.782000000000000000e+03 2.638648916028378534e-27
3.819500000000000000e+03 9.532819477117102990e-28
3.858000000000000000e+03 2.619361029906666818e-27
3.896500000000000000e+03 1.148034054693842010e-27
3.935000000000000000e+03 7.336557122060256859e-28
3.974500000000000000e+03 4.998753026567750392e-28
4.014500000000000000e+03 2.148108503791445325e-26
4.054500000000000000e+03 2.105998306043249854e-28
4.095000000000000000e+03 1.613214021862682838e-28
4.136000000000000000e+03 5.788128519289756384e-28
4.177500000000000000e+03 2.070585025790952032e-28
4.219500000000000000e+03 1.261493252442618554e-28
4.261500000000000000e+03 1.178847763916428749e-28
4.304000000000000000e+03 1.123675183170929970e-28
4.347000000000000000e+03 1.370773331326278846e-28
4.390500000000000000e+03 2.952970679835591179e-28
4.434500000000000000e+03 9.494368270357726881e-29
4.479000000000000000e+03 1.579649185753043157e-26
4.524000000000000000e+03 3.359367997633355212e-28
4.569000000000000000e+03 3.721432185105977370e-28
4.614500000000000000e+03 5.406542079390805999e-26
4.660500000000000000e+03 1.193813861365031144e-25
4.707000000000000000e+03 4.476423101984279329e-26
4.754500000000000000e+03 5.338967284820335339e-26
4.802000000000000000e+03 4.456534970024622970e-24
4.850000000000000000e+03 4.852167560583069010e-23
4.898500000000000000e+03 5.813206362924388695e-24
4.947500000000000000e+03 8.620051843742303488e-25
4.997000000000000000e+03 2.640739657792342895e-25
5.047000000000000000e+03 4.400071135849926026e-25
5.097500000000000000e+03 8.988759981003545287e-25
5.148000000000000000e+03 1.138380895245206440e-23
5.199500000000000000e+03 8.515474229390251980e-27
5.251500000000000000e+03 5.404083644765778905e-26
5.304000000000000000e+03 2.603717583782916634e-26
5.357500000000000000e+03 7.737515369509989560e-27
5.411000000000000000e+03 3.995739525278868134e-29
5.465000000000000000e+03 3.954112176749634735e-29
5.520000000000000000e+03 1.040217683204927465e-28
5.575000000000000000e+03 8.722675776760237498e-28
5.630500000000000000e+03 7.366818616487321814e-29
5.687000000000000000e+03 3.344656802398597035e-29
5.744000000000000000e+03 3.668423681070174927e-29
5.801500000000000000e+03 9.145072447083275398e-29
5.859500000000000000e+03 6.917169540508394170e-27
5.918000000000000000e+03 9.379252206989445005e-27
5.977000000000000000e+03 1.980321683903332399e-26
6.036500000000000000e+03 4.926713300336873698e-27
6.097000000000000000e+03 1.275524763653551868e-24
6.158000000000000000e+03 1.078340576732690237e-26
6.219500000000000000e+03 1.665214908656831881e-25
6.282000000000000000e+03 1.949357842648055067e-24
6.345000000000000000e+03 2.105937140581062642e-24
6.408500000000000000e+03 1.297600251601295897e-26
6.472500000000000000e+03 7.818311043858365653e-27
6.537000000000000000e+03 4.091282906098066195e-26
6.602500000000000000e+03 3.998269195628152113e-28
6.668500000000000000e+03 7.088204569870282495e-26
6.735000000000000000e+03 3.311721994271452044e-27
6.802500000000000000e+03 4.119717253063984480e-28
6.870500000000000000e+03 1.750642597114064473e-25
6.939000000000000000e+03 7.508555463682654859e-23
7.008500000000000000e+03 8.227799059562619887e-26
7.078500000000000000e+03 3.079648225384858499e-29
7.149500000000000000e+03 2.526210370902819205e-28
7.221000000000000000e+03 9.927459977976621829e-29
7.293000000000000000e+03 1.469715391059068187e-26
7.366000000000000000e+03 1.479744830033055030e-28
7.439500000000000000e+03 5.869213157648943767e-28
7.514000000000000000e+03 1.367054871791499003e-27
7.589500000000000000e+03 1.873790165172061249e-25
7.665500000000000000e+03 1.047739318912604719e-28
7.742000000000000000e+03 1.589325206997263281e-25
7.819500000000000000e+03 4.629291035278462830e-29
7.897500000000000000e+03 2.016538860485434609e-28
7.976500000000000000e+03 2.725479846373038916e-27
8.056500000000000000e+03 8.853569388844107953e-27
8.137000000000000000e+03 2.562113735726280153e-26
8.218000000000000000e+03 4.283941758010070921e-25
8.300000000000000000e+03 1.051286881382079647e-24
8.383500000000000000e+03 9.849296510173687362e-30
8.467500000000000000e+03 7.827211720059064384e-29
8.552000000000000000e+03 2.074294687244260031e-29
8.637500000000000000e+03 1.287470082153154853e-28
8.724000000000000000e+03 9.034477816634886606e-29
8.811000000000000000e+03 9.333187111976257823e-29
8.899000000000000000e+03 9.691742320621576275e-30
8.988000000000000000e+03 5.121024099192926266e-28
9.078000000000000000e+03 2.218977416469365520e-28
9.169000000000000000e+03 1.058302616699824469e-28
9.260500000000000000e+03 2.315522676832336882e-29
9.353000000000000000e+03 7.618546292545680295e-27
9.446500000000000000e+03 9.741340962746397416e-28
9.541000000000000000e+03 5.374459729419719066e-27
9.636500000000000000e+03 8.299251130156827564e-28
9.733000000000000000e+03 6.550546478135874251e-30
9.830000000000000000e+03 6.381508536167008209e-30
9.928000000000000000e+03 6.217679142611715621e-30
9.989000000000000000e+03 6.118661414689999383e-30
