1.000000000000000000e+01 1.071355541349999906e-25
1.100000000000000000e+01 1.073893089490000062e-25
1.200000000000000000e+01 1.075696540329999911e-25
1.300000000000000000e+01 1.077872138519999910e-25
1.400000000000000000e+01 1.085620697410000108e-25
1.500000000000000000e+01 1.082252051119999916e-25
1.600000000000000000e+01 1.084475062229999919e-25
1.700000000000000000e+01 1.086979864909999927e-25
1.800000000000000000e+01 1.088883277239999950e-25
1.900000000000000000e+01 1.091181038950000060e-25
2.000000000000000000e+01 1.093424221359999888e-25
2.100000000000000000e+01 1.095593183710000087e-25
2.200000000000000000e+01 1.098075889149999896e-25
2.300000000000000000e+01 1.100133654999999992e-25
2.400000000000000000e+01 1.102384155619999949e-25
2.500000000000000000e+01 1.107719408129999931e-25
2.600000000000000000e+01 1.106957775769999947e-25
2.700000000000000000e+01 1.109258565579999943e-25
2.800000000000000000e+01 1.112471802879999974e-25
2.900000000000000000e+01 1.113876319240000030e-25
3.000000000000000000e+01 1.116220499170000103e-25
3.100000000000000000e+01 1.118768340810000046e-25
3.200000000000000000e+01 1.120884624449999973e-25
3.300000000000000000e+01 1.123282002680000004e-25
3.400000000000000000e+01 1.125635403249999917e-25
3.500000000000000000e+01 1.127981885979999947e-25
3.600000000000000000e+01 1.130681648920000066e-25
3.700000000000000000e+01 1.132763310100000003e-25
3.800000000000000000e+01 1.135168667759999891e-25
3.900000000000000000e+01 1.137646874489999977e-25
4.000000000000000000e+01 1.140008625359999936e-25
4.100000000000000000e+01 1.142446489069999915e-25
4.200000000000000000e+01 1.144894077659999985e-25
4.300000000000000000e+01 1.147346434930000089e-25
4.400000000000000000e+01 1.149817718150000076e-25
4.500000000000000000e+01 1.152290289199999930e-25
4.600000000000000000e+01 1.154777191299999988e-25
4.700000000000000000e+01 1.157494360230000044e-25
4.800000000000000000e+01 1.159783257359999982e-25
4.900000000000000000e+01 1.162302150660000038e-25
5.000000000000000000e+01 1.164832208919999903e-25
5.100000000000000000e+01 1.167371908659999935e-25
5.200000000000000000e+01 1.169923076270000103e-25
5.300000000000000000e+01 1.172484900270000037e-25
5.400000000000000000e+01 1.175057676840000113e-25
5.500000000000000000e+01 1.177642183209999932e-25
5.600000000000000000e+01 1.180236309690000038e-25
5.700000000000000000e+01 1.182842265800000065e-25
5.800000000000000000e+01 1.185459451440000100e-25
5.900000000000000000e+01 1.188087806190000098e-25
6.000000000000000000e+01 1.190727538360000029e-25
6.100000000000000000e+01 1.193378664109999888e-25
6.200000000000000000e+01 1.196041262990000065e-25
6.300000000000000000e+01 1.198715436650000044e-25
6.400000000000000000e+01 1.201401173569999986e-25
6.500000000000000000e+01 1.204098631479999889e-25
6.600000000000000000e+01 1.206807858200000062e-25
6.700000000000000000e+01 1.209528926760000026e-25
6.800000000000000000e+01 1.212261915840000045e-25
6.900000000000000000e+01 1.215006901329999895e-25
7.000000000000000000e+01 1.217763960580000074e-25
7.100000000000000000e+01 1.220533171649999893e-25
7.200000000000000000e+01 1.223314613220000075e-25
7.300000000000000000e+01 1.226108364640000061e-25
7.400000000000000000e+01 1.228914505899999947e-25
7.500000000000000000e+01 1.231733117709999990e-25
7.600000000000000000e+01 1.234564281400000019e-25
7.700000000000000000e+01 1.237408079020000027e-25
7.800000000000000000e+01 1.240264593310000038e-25
7.900000000000000000e+01 1.243133907689999907e-25
8.000000000000000000e+01 1.246016106289999918e-25
8.100000000000000000e+01 1.248911273960000054e-25
8.200000000000000000e+01 1.251819496270000005e-25
8.300000000000000000e+01 1.254740859500000112e-25
8.400000000000000000e+01 1.257675450690000060e-25
8.500000000000000000e+01 1.260623357599999924e-25
8.600000000000000000e+01 1.263584668740000075e-25
8.700000000000000000e+01 1.266559473379999993e-25
8.800000000000000000e+01 1.269547861570000045e-25
8.900000000000000000e+01 1.272549924119999938e-25
9.000000000000000000e+01 1.275565752620000035e-25
9.100000000000000000e+01 1.278595439439999972e-25
9.200000000000000000e+01 1.281639077759999945e-25
9.300000000000000000e+01 1.284696761570000013e-25
9.400000000000000000e+01 1.287768585649999940e-25
9.500000000000000000e+01 1.290854645640000110e-25
9.600000000000000000e+01 1.293955037979999889e-25
9.700000000000000000e+01 1.297069859950000019e-25
9.800000000000000000e+01 1.300199209699999991e-25
9.900000000000000000e+01 1.303343186210000017e-25
1.000000000000000000e+02 1.306501889360000112e-25
1.010000000000000000e+02 1.309675419870000055e-25
1.020000000000000000e+02 1.312863879370000086e-25
1.030000000000000000e+02 1.316067370370000080e-25
1.040000000000000000e+02 1.319285996300000105e-25
1.050000000000000000e+02 1.322519861490000035e-25
1.060000000000000000e+02 1.325769071189999932e-25
1.070000000000000000e+02 1.329033731599999959e-25
1.080000000000000000e+02 1.332313949849999980e-25
1.090000000000000000e+02 1.335609834029999920e-25
1.100000000000000000e+02 1.338921493190000001e-25
1.110000000000000000e+02 1.342249037340000046e-25
1.120000000000000000e+02 1.345592577509999974e-25
1.130000000000000000e+02 1.348952225689999998e-25
1.140000000000000000e+02 1.352328094899999934e-25
1.150000000000000000e+02 1.355720299169999957e-25
1.160000000000000000e+02 1.359128953539999910e-25
1.170000000000000000e+02 1.362554174110000061e-25
1.180000000000000000e+02 1.365996078039999954e-25
1.190000000000000000e+02 1.369454783520000114e-25
1.200000000000000000e+02 1.372930409839999980e-25
1.210000000000000000e+02 1.376423077370000040e-25
1.220000000000000000e+02 1.379932907559999990e-25
1.230000000000000000e+02 1.383460022999999917e-25
1.240000000000000000e+02 1.387004547379999972e-25
1.250000000000000000e+02 1.390566605520000040e-25
1.260000000000000000e+02 1.394146323420000036e-25
1.270000000000000000e+02 1.397743828189999905e-25
1.280000000000000000e+02 1.401359248159999951e-25
1.290000000000000000e+02 1.404992712820000111e-25
1.300000000000000000e+02 1.408644352850000093e-25
1.310000000000000000e+02 1.412314300180000092e-25
1.320000000000000000e+02 1.416002687920000104e-25
1.330000000000000000e+02 1.419709650450000088e-25
1.340000000000000000e+02 1.423435323410000001e-25
1.350000000000000000e+02 1.427179843669999896e-25
1.360000000000000000e+02 1.430943349410000114e-25
1.370000000000000000e+02 1.434725980119999916e-25
1.380000000000000000e+02 1.438527876559999900e-25
1.390000000000000000e+02 1.442349180850000106e-25
1.400000000000000000e+02 1.446190036450000077e-25
1.410000000000000000e+02 1.450050588150000041e-25
1.420000000000000000e+02 1.453930982149999962e-25
1.430000000000000000e+02 1.457831365999999964e-25
1.440000000000000000e+02 1.461751888680000067e-25
1.450000000000000000e+02 1.465692700589999996e-25
1.460000000000000000e+02 1.469653953539999895e-25
1.470000000000000000e+02 1.473635800820000104e-25
1.480000000000000000e+02 1.477638397190000039e-25
1.490000000000000000e+02 1.481661898870000066e-25
1.500000000000000000e+02 1.485706463620000084e-25
1.510000000000000000e+02 1.489772250699999894e-25
1.520000000000000000e+02 1.493859420900000012e-25
1.530000000000000000e+02 1.497968136600000098e-25
1.540000000000000000e+02 1.502098561720000040e-25
1.550000000000000000e+02 1.506250861789999947e-25
1.560000000000000000e+02 1.510425203970000091e-25
1.570000000000000000e+02 1.514621757020000085e-25
1.580000000000000000e+02 1.518840691370000027e-25
1.590000000000000000e+02 1.523082179120000045e-25
1.600000000000000000e+02 1.527346394050000033e-25
1.610000000000000000e+02 1.531633511659999981e-25
1.620000000000000000e+02 1.535943709179999936e-25
1.630000000000000000e+02 1.540277165589999944e-25
1.640000000000000000e+02 1.544634061630000014e-25
1.650000000000000000e+02 1.549014579869999886e-25
1.660000000000000000e+02 1.553418904649999920e-25
1.670000000000000000e+02 1.557847222170000110e-25
1.680000000000000000e+02 1.562299720500000053e-25
1.690000000000000000e+02 1.566776589559999930e-25
1.700000000000000000e+02 1.571278021209999983e-25
1.710000000000000000e+02 1.575804209199999993e-25
1.720000000000000000e+02 1.580355349270000092e-25
1.730000000000000000e+02 1.584931639100000018e-25
1.740000000000000000e+02 1.589533278380000025e-25
1.750000000000000000e+02 1.594160468840000103e-25
1.760000000000000000e+02 1.598813414240000005e-25
1.770000000000000000e+02 1.603492320410000037e-25
1.780000000000000000e+02 1.608197395280000040e-25
1.790000000000000000e+02 1.612928848919999951e-25
1.800000000000000000e+02 1.617686893540000025e-25
1.810000000000000000e+02 1.622471743520000056e-25
1.820000000000000000e+02 1.627283615439999962e-25
1.830000000000000000e+02 1.632122728130000083e-25
1.840000000000000000e+02 1.636989302679999997e-25
1.850000000000000000e+02 1.641883562439999902e-25
1.860000000000000000e+02 1.646805733099999890e-25
1.870000000000000000e+02 1.651756042689999950e-25
1.880000000000000000e+02 1.656734721599999899e-25
1.890000000000000000e+02 1.661742002650000075e-25
1.900000000000000000e+02 1.666778121070000021e-25
1.910000000000000000e+02 1.671843314570000097e-25
1.920000000000000000e+02 1.676937823350000061e-25
1.930000000000000000e+02 1.682061890129999900e-25
1.940000000000000000e+02 1.687215760220000051e-25
1.950000000000000000e+02 1.692399681489999893e-25
1.960000000000000000e+02 1.697613904450000016e-25
1.970000000000000000e+02 1.702858682259999887e-25
1.980000000000000000e+02 1.708134270789999947e-25
1.990000000000000000e+02 1.713440928629999979e-25
2.000000000000000000e+02 1.718778917129999887e-25
2.010000000000000000e+02 1.724148500440000030e-25
2.020000000000000000e+02 1.729549945549999936e-25
2.030000000000000000e+02 1.734983522310000080e-25
2.040000000000000000e+02 1.740449503500000044e-25
2.050000000000000000e+02 1.745948164819999927e-25
2.060000000000000000e+02 1.751479784980000049e-25
2.070000000000000000e+02 1.757044645710000002e-25
2.080000000000000000e+02 1.762643031799999896e-25
2.090000000000000000e+02 1.768275231130000028e-25
2.100000000000000000e+02 1.773941534739999967e-25
2.110000000000000000e+02 1.779642236870000028e-25
2.120000000000000000e+02 1.785377634970000092e-25
2.130000000000000000e+02 1.791148029760000097e-25
2.140000000000000000e+02 1.796953725280000102e-25
2.150000000000000000e+02 1.802795028950000097e-25
2.160000000000000000e+02 1.808672251550000058e-25
2.170000000000000000e+02 1.814585707359999956e-25
2.180000000000000000e+02 1.820535714120000112e-25
2.190000000000000000e+02 1.826522593119999988e-25
2.200000000000000000e+02 1.832546669250000083e-25
2.210000000000000000e+02 1.838608271030000004e-25
2.220000000000000000e+02 1.844707730690000037e-25
2.230000000000000000e+02 1.850845384150000064e-25
2.240000000000000000e+02 1.857021571179999960e-25
2.250000000000000000e+02 1.863236635340000014e-25
2.260000000000000000e+02 1.869490924110000047e-25
2.270000000000000000e+02 1.875784788910000035e-25
2.280000000000000000e+02 1.882118585170000108e-25
2.290000000000000000e+02 1.888492672350000024e-25
2.300000000000000000e+02 1.894907414039999990e-25
2.310000000000000000e+02 1.901363178010000040e-25
2.320000000000000000e+02 1.907860336219999998e-25
2.330000000000000000e+02 1.914399264949999977e-25
2.340000000000000000e+02 1.920980344810000106e-25
2.350000000000000000e+02 1.927603960810000083e-25
2.360000000000000000e+02 1.934270502430000081e-25
2.370000000000000000e+02 1.940980363680000101e-25
2.380000000000000000e+02 1.947733943169999969e-25
2.390000000000000000e+02 1.954531644139999923e-25
2.400000000000000000e+02 1.961373874579999995e-25
2.410000000000000000e+02 1.968261047259999909e-25
2.420000000000000000e+02 1.975193579809999966e-25
2.430000000000000000e+02 1.982171894779999933e-25
2.440000000000000000e+02 1.989196419719999921e-25
2.450000000000000000e+02 1.996267587249999934e-25
2.460000000000000000e+02 2.003385835119999896e-25
2.470000000000000000e+02 2.010551606310000012e-25
2.480000000000000000e+02 2.017765349069999951e-25
2.490000000000000000e+02 2.025027517030000089e-25
2.500000000000000000e+02 2.032338569259999935e-25
2.510000000000000000e+02 2.039698970339999970e-25
2.520000000000000000e+02 2.047109190480000103e-25
2.530000000000000000e+02 2.054569705530000096e-25
2.540000000000000000e+02 2.062080997139999961e-25
2.550000000000000000e+02 2.069643552799999825e-25
2.560000000000000000e+02 2.077257865929999867e-25
2.570000000000000000e+02 2.084924435989999956e-25
2.580000000000000000e+02 2.092643768530000173e-25
2.590000000000000000e+02 2.100416375319999930e-25
2.600000000000000000e+02 2.108242774420000032e-25
2.610000000000000000e+02 2.116123490270000090e-25
2.620000000000000000e+02 2.124059053799999990e-25
2.630000000000000000e+02 2.132050002520000064e-25
2.640000000000000000e+02 2.140096880609999872e-25
2.650000000000000000e+02 2.148200239040000104e-25
2.660000000000000000e+02 2.156360635640000056e-25
2.670000000000000000e+02 2.164578635259999860e-25
2.680000000000000000e+02 2.172854809799999925e-25
2.690000000000000000e+02 2.181189738369999953e-25
2.700000000000000000e+02 2.189584007409999924e-25
2.710000000000000000e+02 2.198038210729999961e-25
2.720000000000000000e+02 2.206552949700000170e-25
2.730000000000000000e+02 2.215128833349999852e-25
2.740000000000000000e+02 2.223766478440000025e-25
2.750000000000000000e+02 2.232466509630000113e-25
2.760000000000000000e+02 2.241229559579999914e-25
2.770000000000000000e+02 2.250056269080000091e-25
2.780000000000000000e+02 2.258947287169999944e-25
2.790000000000000000e+02 2.267903271270000191e-25
2.800000000000000000e+02 2.276924887330000188e-25
2.810000000000000000e+02 2.286012809929999889e-25
2.820000000000000000e+02 2.295167722419999853e-25
2.830000000000000000e+02 2.304390317100000187e-25
2.840000000000000000e+02 2.313681295299999829e-25
2.850000000000000000e+02 2.323041367580000024e-25
2.860000000000000000e+02 2.332471253819999891e-25
2.870000000000000000e+02 2.341971683419999907e-25
2.880000000000000000e+02 2.351543395420000128e-25
2.890000000000000000e+02 2.361187138660000129e-25
2.900000000000000000e+02 2.370903671939999850e-25
2.910000000000000000e+02 2.380693764189999965e-25
2.920000000000000000e+02 2.390558194600000069e-25
2.930000000000000000e+02 2.400497752819999863e-25
2.940000000000000000e+02 2.410513239129999974e-25
2.950000000000000000e+02 2.420605464570000147e-25
2.960000000000000000e+02 2.430775251179999841e-25
2.970000000000000000e+02 2.441023432110000155e-25
2.980000000000000000e+02 2.451350851869999801e-25
2.990000000000000000e+02 2.461758366450000219e-25
3.000000000000000000e+02 2.472246843550000224e-25
3.010000000000000000e+02 2.482817162789999918e-25
3.020000000000000000e+02 2.493470215839999797e-25
3.030000000000000000e+02 2.504206906699999833e-25
3.040000000000000000e+02 2.515028151839999937e-25
3.050000000000000000e+02 2.525934880450000052e-25
3.060000000000000000e+02 2.536928034629999991e-25
3.070000000000000000e+02 2.548008569620000058e-25
3.080000000000000000e+02 2.559177453999999934e-25
3.090000000000000000e+02 2.570435669960000087e-25
3.100000000000000000e+02 2.581784213479999801e-25
3.110000000000000000e+02 2.593224094580000031e-25
3.120000000000000000e+02 2.604756337590000221e-25
3.130000000000000000e+02 2.616381981330000008e-25
3.140000000000000000e+02 2.628102079439999975e-25
3.150000000000000000e+02 2.639917700550000177e-25
3.160000000000000000e+02 2.651829928609999975e-25
3.170000000000000000e+02 2.663839863110000066e-25
3.180000000000000000e+02 2.675948619360000193e-25
3.190000000000000000e+02 2.688157328770000056e-25
3.200000000000000000e+02 2.700467139140000201e-25
3.210000000000000000e+02 2.712879214919999786e-25
3.220000000000000000e+02 2.725394737520000160e-25
3.230000000000000000e+02 2.738014905610000199e-25
3.240000000000000000e+02 2.750740935419999918e-25
3.250000000000000000e+02 2.763574061029999974e-25
3.260000000000000000e+02 2.776515534720000061e-25
3.270000000000000000e+02 2.789566627300000124e-25
3.280000000000000000e+02 2.802728628389999894e-25
3.290000000000000000e+02 2.816002846789999974e-25
3.300000000000000000e+02 2.829390610850000164e-25
3.310000000000000000e+02 2.842893268749999919e-25
3.320000000000000000e+02 2.856512188950000086e-25
3.330000000000000000e+02 2.870248760470000150e-25
3.340000000000000000e+02 2.884104393320000034e-25
3.350000000000000000e+02 2.898080518869999805e-25
3.360000000000000000e+02 2.912178590229999804e-25
3.370000000000000000e+02 2.926400082660000219e-25
3.380000000000000000e+02 2.940746493959999803e-25
3.390000000000000000e+02 2.955219344909999942e-25
3.400000000000000000e+02 2.969820179700000027e-25
3.410000000000000000e+02 2.984550566319999851e-25
3.420000000000000000e+02 2.999412097059999800e-25
3.430000000000000000e+02 3.014406388969999806e-25
3.440000000000000000e+02 3.029535084320000131e-25
3.450000000000000000e+02 3.044799851719999988e-25
3.460000000000000000e+02 3.060202638299999994e-25
3.470000000000000000e+02 3.075744407759999775e-25
3.480000000000000000e+02 3.091427658739999785e-25
3.490000000000000000e+02 3.107276256490000106e-25
3.500000000000000000e+02 3.123224998640000144e-25
3.510000000000000000e+02 3.139342722830000043e-25
3.520000000000000000e+02 3.155610067710000088e-25
3.530000000000000000e+02 3.172025576900000110e-25
3.540000000000000000e+02 3.188594544960000077e-25
3.550000000000000000e+02 3.205318412230000001e-25
3.560000000000000000e+02 3.222197232409999944e-25
3.570000000000000000e+02 3.239235053319999903e-25
3.580000000000000000e+02 3.256433643649999825e-25
3.590000000000000000e+02 3.273793590570000047e-25
3.600000000000000000e+02 3.291318781109999821e-25
3.610000000000000000e+02 3.309011720070000041e-25
3.620000000000000000e+02 3.326870919659999865e-25
3.630000000000000000e+02 3.344902944560000089e-25
3.640000000000000000e+02 3.363108078859999906e-25
3.650000000000000000e+02 3.381488821969999997e-25
3.660000000000000000e+02 3.400047871100000155e-25
3.670000000000000000e+02 3.418786264019999790e-25
3.680000000000000000e+02 3.437708415219999787e-25
3.690000000000000000e+02 3.456817572429999811e-25
3.700000000000000000e+02 3.476109733510000080e-25
3.710000000000000000e+02 3.495594594829999904e-25
3.720000000000000000e+02 3.515287470519999785e-25
3.735000000000000000e+02 3.545181725585000106e-25
3.760000000000000000e+02 3.596204932483333724e-25
3.795000000000000000e+02 3.669415427437499731e-25
3.835000000000000000e+02 3.756492160527500088e-25
3.875000000000000000e+02 3.847218105750000116e-25
3.915000000000000000e+02 3.941826909845000005e-25
3.955000000000000000e+02 4.040518270529999984e-25
3.995000000000000000e+02 4.143631481169999720e-25
4.035000000000000000e+02 4.251335702947499504e-25
4.075000000000000000e+02 4.363983319677499743e-25
4.115000000000000000e+02 4.481853497892500000e-25
4.155000000000000000e+02 4.605407046370000219e-25
4.195000000000000000e+02 4.735633058762499149e-25
4.235000000000000000e+02 4.870425024289999718e-25
4.280000000000000000e+02 5.031484086530000063e-25
4.325000000000000000e+02 5.201250052652499795e-25
4.365000000000000000e+02 5.360848428777499589e-25
4.410000000000000000e+02 5.575176180804000109e-25
4.455000000000000000e+02 5.755476696537500924e-25
4.495000000000000000e+02 5.944440288479999929e-25
4.540000000000000000e+02 6.168383909402000500e-25
4.590000000000000000e+02 6.444914895859999850e-25
4.635000000000000000e+02 6.988191993274999786e-25
4.680000000000000000e+02 6.976239975631999547e-25
4.725000000000000000e+02 7.291805372327500625e-25
4.770000000000000000e+02 7.585693538783999493e-25
4.820000000000000000e+02 8.104224349002000828e-25
4.870000000000000000e+02 8.405946995703999660e-25
4.920000000000000000e+02 8.951742100542001079e-25
4.970000000000000000e+02 9.329361351441999324e-25
5.020000000000000000e+02 9.885240367639999305e-25
5.070000000000000000e+02 1.311256701783999859e-24
5.120000000000000000e+02 1.129460207314000117e-24
5.170000000000000000e+02 1.211322016208000001e-24
5.220000000000000000e+02 1.305775736406000024e-24
5.270000000000000000e+02 1.459865105772000091e-24
5.325000000000000000e+02 8.562399791991666685e-24
5.380000000000000000e+02 1.928099574824000181e-24
5.430000000000000000e+02 3.578283781968000458e-24
5.485000000000000000e+02 3.776203760438332444e-24
5.540000000000000000e+02 2.651683531806000249e-24
5.595000000000000000e+02 2.939433100966666376e-24
5.655000000000000000e+02 1.037777795435166663e-23
5.710000000000000000e+02 9.386838572750000533e-24
5.765000000000000000e+02 9.766155599599998573e-24
5.825000000000000000e+02 2.987880048281500251e-23
5.885000000000000000e+02 4.051818409182000280e-23
5.945000000000000000e+02 2.260745620600499768e-22
6.005000000000000000e+02 1.379157604046483429e-21
6.065000000000000000e+02 1.432795664007999999e-22
6.125000000000000000e+02 2.832828544022466522e-21
6.185000000000000000e+02 1.776218444318393361e-20
6.245000000000000000e+02 3.200059228967166552e-22
6.305000000000000000e+02 4.717247270891665760e-21
6.370000000000000000e+02 1.661140061844000132e-21
6.435000000000000000e+02 3.666942642731500336e-21
6.500000000000000000e+02 2.185209564908714345e-20
6.565000000000000000e+02 7.542710351479951940e-19
6.630000000000000000e+02 1.092797447729142913e-20
6.695000000000000000e+02 1.789685256502674886e-18
6.760000000000000000e+02 1.968459693609457647e-19
6.830000000000000000e+02 3.969427793458142686e-20
6.900000000000000000e+02 3.988251126163856627e-20
6.970000000000000000e+02 5.656683438617857564e-21
7.040000000000000000e+02 2.779373918682857936e-21
7.110000000000000000e+02 6.252258273040285493e-21
7.180000000000000000e+02 1.260718356200328636e-21
7.250000000000000000e+02 1.071704224335300050e-21
7.320000000000000000e+02 1.235309918794428453e-22
7.395000000000000000e+02 1.049430995857000098e-22
7.470000000000000000e+02 4.187637494948570917e-23
7.545000000000000000e+02 1.457122344183124927e-23
7.620000000000000000e+02 9.472933278027142560e-24
7.695000000000000000e+02 2.848777962183499690e-23
7.775000000000000000e+02 3.753126970467499966e-24
7.855000000000000000e+02 2.509341414099999892e-24
7.930000000000000000e+02 6.544162681471427248e-24
8.005000000000000000e+02 4.207782395784999614e-24
8.085000000000000000e+02 1.807881463582499961e-24
8.170000000000000000e+02 1.786716447118888760e-24
8.255000000000000000e+02 1.283751431757500120e-24
8.335000000000000000e+02 1.091403651967500199e-24
8.415000000000000000e+02 1.007757574803249869e-24
8.500000000000000000e+02 8.935526870171112140e-25
8.585000000000000000e+02 8.240424292193749585e-25
8.670000000000000000e+02 7.822884990442223296e-25
8.760000000000000000e+02 7.231408030451111114e-25
8.850000000000000000e+02 6.829619209231111331e-25
8.935000000000000000e+02 7.460593677973750252e-25
9.020000000000000000e+02 7.498462699356667613e-25
9.115000000000000000e+02 6.245634234317998952e-25
9.210000000000000000e+02 9.679716305146664768e-25
9.300000000000000000e+02 1.312727908466700202e-23
9.390000000000000000e+02 6.641532239906666230e-25
9.485000000000000000e+02 4.784313810898100257e-24
9.580000000000000000e+02 6.032999690957778457e-25
9.675000000000000000e+02 1.083908004009000141e-24
9.775000000000000000e+02 1.109781965606500094e-24
9.870000000000000000e+02 4.789196080607777866e-25
9.965000000000000000e+02 4.399771286526000562e-25
1.006500000000000000e+03 3.901098742202999195e-25
1.016500000000000000e+03 4.184149310013000427e-25
1.027000000000000000e+03 4.094300674634544985e-25
1.037500000000000000e+03 6.161175866681999845e-25
1.047500000000000000e+03 5.779229057382899829e-24
1.058000000000000000e+03 1.753344024300636764e-24
1.069000000000000000e+03 9.770070594705817634e-24
1.079500000000000000e+03 1.698739415001470083e-23
1.090000000000000000e+03 1.058700937447409148e-23
1.101000000000000000e+03 3.461594395985454770e-25
1.112000000000000000e+03 3.063104788701818654e-25
1.123000000000000000e+03 3.027620499603636118e-25
1.134500000000000000e+03 3.002771952607499904e-25
1.146000000000000000e+03 2.983534180984545356e-25
1.157500000000000000e+03 2.969475966141666716e-25
1.169000000000000000e+03 2.959989936891817800e-25
1.180500000000000000e+03 2.955153083541666643e-25
1.192500000000000000e+03 2.956208409721667191e-25
1.204500000000000000e+03 2.999255089710000121e-25
1.216500000000000000e+03 3.292632113677499444e-25
1.228500000000000000e+03 3.517626110034165997e-25
1.240500000000000000e+03 7.401451554569165922e-25
1.253000000000000000e+03 1.231200494222384774e-24
1.266000000000000000e+03 9.330071093512306521e-25
1.278500000000000000e+03 4.902797545016666136e-25
1.291000000000000000e+03 3.895234392325384208e-25
1.304000000000000000e+03 3.151937518331538204e-25
1.317000000000000000e+03 3.180089147660768529e-25
1.330000000000000000e+03 3.541354345429230810e-25
1.343500000000000000e+03 4.185333247217143498e-25
1.357000000000000000e+03 7.668328876336922569e-25
1.370500000000000000e+03 1.446524997702571381e-24
1.384500000000000000e+03 1.575925375709357449e-24
1.398500000000000000e+03 5.939699179134285685e-25
1.412500000000000000e+03 3.861909403565714544e-25
1.426500000000000000e+03 3.671469754762143086e-25
1.440500000000000000e+03 3.743866941212857583e-25
1.455000000000000000e+03 3.835399078162666138e-25
1.469500000000000000e+03 3.935301229201429351e-25
1.484000000000000000e+03 4.042222982603334039e-25
1.499000000000000000e+03 4.159474790997334335e-25
1.514000000000000000e+03 4.284917873293333375e-25
1.529000000000000000e+03 4.418461148335999115e-25
1.544500000000000000e+03 4.565917121183124252e-25
1.560000000000000000e+03 4.723422684740666764e-25
1.575500000000000000e+03 4.891888206570626383e-25
1.591500000000000000e+03 5.077960935042499077e-25
1.607500000000000000e+03 5.277468128022500103e-25
1.623500000000000000e+03 5.491525520541874737e-25
1.639500000000000000e+03 5.721391361431875354e-25
1.656000000000000000e+03 5.976595256603529222e-25
1.672500000000000000e+03 6.251657749559375619e-25
1.689000000000000000e+03 6.548980673137647035e-25
1.706000000000000000e+03 6.880617852041178039e-25
1.723000000000000000e+03 7.240950439330587559e-25
1.740500000000000000e+03 7.645179111072778148e-25
1.758000000000000000e+03 8.086590681178825149e-25
1.775500000000000000e+03 8.573256042440557670e-25
1.793500000000000000e+03 9.124125120431109428e-25
1.811500000000000000e+03 9.731277682270555371e-25
1.829500000000000000e+03 1.041646301148333252e-24
1.847500000000000000e+03 1.136358514850000111e-24
1.866000000000000000e+03 1.448851667183158073e-24
1.884500000000000000e+03 1.492610820501666576e-24
1.903000000000000000e+03 1.835296134816999884e-23
1.922000000000000000e+03 6.992496506972105369e-24
1.941500000000000000e+03 1.494075313540250206e-23
1.961000000000000000e+03 2.359004501594736308e-24
1.980500000000000000e+03 2.100631191006000260e-24
2.000500000000000000e+03 2.376223475562000335e-24
2.020500000000000000e+03 5.615076724303000230e-24
2.040500000000000000e+03 5.192646392934650659e-23
2.061000000000000000e+03 3.554496722127476480e-23
2.082000000000000000e+03 9.213025962745906222e-23
2.102500000000000000e+03 1.673801945475199876e-23
2.123500000000000000e+03 7.327997634069089900e-24
2.145000000000000000e+03 8.055679958675713383e-24
2.166500000000000000e+03 8.746423855599091942e-24
2.188000000000000000e+03 1.194411634786714115e-23
2.209500000000000000e+03 1.863821874250454539e-23
2.231500000000000000e+03 1.743277074419500333e-22
2.254000000000000000e+03 3.189089377312478005e-21
2.277000000000000000e+03 1.067395153013734413e-20
2.299500000000000000e+03 4.387450359094090981e-20
2.322500000000000000e+03 5.980281119023549564e-19
2.346000000000000000e+03 1.180149668911126297e-18
2.369000000000000000e+03 2.177711900186661479e-19
2.392500000000000000e+03 8.656874876946082902e-21
2.416500000000000000e+03 7.131652939242501036e-23
2.441000000000000000e+03 3.498931576511598988e-23
2.465500000000000000e+03 2.102344399769166642e-23
2.490000000000000000e+03 1.416313541295600030e-23
2.515000000000000000e+03 1.010021978587479790e-23
2.540000000000000000e+03 7.550616962578000343e-24
2.565500000000000000e+03 5.868938354645384209e-24
2.591500000000000000e+03 4.755827601121922188e-24
2.617500000000000000e+03 4.093241052887690995e-24
2.643500000000000000e+03 3.239710032705769259e-24
2.669500000000000000e+03 2.670048390152307696e-24
2.696000000000000000e+03 2.272546196641111495e-24
2.723000000000000000e+03 1.958314959871481204e-24
2.750500000000000000e+03 1.766286052088928587e-24
2.778000000000000000e+03 1.514165982221110914e-24
2.805500000000000000e+03 1.330576471169642939e-24
2.834000000000000000e+03 1.170382587163792660e-24
2.862500000000000000e+03 1.045723133782642792e-24
2.891000000000000000e+03 9.410591771357242323e-25
2.920000000000000000e+03 8.504438350167240192e-25
2.949000000000000000e+03 7.730774065248620791e-25
2.978500000000000000e+03 7.075491897871334268e-25
3.008500000000000000e+03 6.459183796060666679e-25
3.038500000000000000e+03 5.941581185741999638e-25
3.068500000000000000e+03 5.497076452556332425e-25
3.099000000000000000e+03 5.122903850268710147e-25
3.130000000000000000e+03 4.892409059976451858e-25
3.161500000000000000e+03 4.829693523237188091e-25
3.193500000000000000e+03 4.802069519379062095e-25
3.225500000000000000e+03 4.081715295495312854e-25
3.257500000000000000e+03 3.892614070229687510e-25
3.290000000000000000e+03 4.572744870094546504e-25
3.323000000000000000e+03 5.456002222975758046e-25
3.356000000000000000e+03 2.241410599063484873e-24
3.389500000000000000e+03 4.808054774747940284e-25
3.423500000000000000e+03 4.273029009193529896e-25
3.458000000000000000e+03 2.467030483682800469e-24
3.492500000000000000e+03 5.734272834811866761e-23
3.527000000000000000e+03 2.094996433005394596e-22
3.562500000000000000e+03 9.902297147642058419e-22
3.598500000000000000e+03 4.052098360208443908e-21
3.634500000000000000e+03 4.511368911100005784e-21
3.670500000000000000e+03 2.553680765372555920e-22
3.707000000000000000e+03 9.483678117658211458e-20
3.744500000000000000e+03 4.362817830283749203e-20
3.782000000000000000e+03 1.583176373981189074e-24
3.819500000000000000e+03 9.842181583412371978e-25
3.858000000000000000e+03 4.503331516792308171e-25
3.896500000000000000e+03 3.033038016811579094e-25
3.935000000000000000e+03 2.344986530384871572e-25
3.974500000000000000e+03 2.051761266393500485e-25
4.014500000000000000e+03 2.408123585320999606e-25
4.054500000000000000e+03 1.509801840844500456e-25
4.095000000000000000e+03 1.351351943617317118e-25
4.136000000000000000e+03 1.239718503683414816e-25
4.177500000000000000e+03 1.139567543957857197e-25
4.219500000000000000e+03 1.054900034358333544e-25
4.261500000000000000e+03 9.846820158424287923e-26
4.304000000000000000e+03 9.236179112361863452e-26
4.347000000000000000e+03 8.705533159906279301e-26
4.390500000000000000e+03 8.291262172409544913e-26
4.434500000000000000e+03 7.846032753700455524e-26
4.479000000000000000e+03 8.210148806687556444e-26
4.524000000000000000e+03 7.370300916041554881e-26
4.569000000000000000e+03 7.412301211115555003e-26
4.614500000000000000e+03 2.346040732041195669e-25
4.660500000000000000e+03 3.548658408251891984e-25
4.707000000000000000e+03 1.756896536752531857e-25
4.754500000000000000e+03 6.319680711310917647e-25
4.802000000000000000e+03 1.108069434291221214e-23
4.850000000000000000e+03 2.329338126425478671e-22
4.898500000000000000e+03 1.237773008795356375e-23
4.947500000000000000e+03 3.368304940294318348e-22
4.997000000000000000e+03 1.915090204948584404e-22
5.047000000000000000e+03 5.112674820607666624e-24
5.097500000000000000e+03 8.785943643922799574e-23
5.148000000000000000e+03 1.373511329338983398e-23
5.199500000000000000e+03 6.516565668539422027e-26
5.251500000000000000e+03 8.703678758348652356e-26
5.304000000000000000e+03 5.020423499343754810e-25
5.357500000000000000e+03 6.274541630892963517e-26
5.411000000000000000e+03 3.351531222053395705e-26
5.465000000000000000e+03 3.213715837355454959e-26
5.520000000000000000e+03 3.138437158274908864e-26
5.575000000000000000e+03 3.365237383936363110e-26
5.630500000000000000e+03 2.925227122010714738e-26
5.687000000000000000e+03 2.839727753679297562e-26
5.744000000000000000e+03 2.659443281056315679e-26
5.801500000000000000e+03 2.596136052717068909e-26
5.859500000000000000e+03 3.365354495167586472e-26
5.918000000000000000e+03 2.969162298792541765e-26
5.977000000000000000e+03 5.310725286156440478e-26
6.036500000000000000e+03 7.319342510503499215e-26
6.097000000000000000e+03 8.100105014843706069e-25
6.158000000000000000e+03 8.820355738524919437e-26
6.219500000000000000e+03 2.537501674140518737e-24
6.282000000000000000e+03 1.489341665716519159e-24
6.345000000000000000e+03 7.390494742738522123e-24
6.408500000000000000e+03 8.331052766745000653e-26
6.472500000000000000e+03 1.193253596457062453e-25
6.537000000000000000e+03 1.757058068340384607e-25
6.602500000000000000e+03 1.790282881671818798e-26
6.668500000000000000e+03 7.937074787599546244e-26
6.735000000000000000e+03 3.945731196750895432e-26
6.802500000000000000e+03 8.993835259158824047e-26
6.870500000000000000e+03 3.065362917355043689e-25
6.939000000000000000e+03 3.766247915703335128e-23
7.008500000000000000e+03 1.121963876053444867e-23
7.078500000000000000e+03 1.390897683354571706e-26
7.149500000000000000e+03 1.337159819781389175e-26
7.221000000000000000e+03 1.316134367036056023e-26
7.293000000000000000e+03 1.967799740454382852e-26
7.366000000000000000e+03 1.304319407560410993e-26
7.439500000000000000e+03 3.320556277999324245e-26
7.514000000000000000e+03 1.569170392276266869e-26
7.589500000000000000e+03 2.148856968891328481e-25
7.665500000000000000e+03 1.142336522569737035e-26
7.742000000000000000e+03 7.788982665703766010e-26
7.819500000000000000e+03 1.011049922332230896e-26
7.897500000000000000e+03 1.090551031327128425e-26
7.976500000000000000e+03 1.426662844063762666e-26
8.056500000000000000e+03 1.958418540353825041e-26
8.137000000000000000e+03 1.402519643674378773e-25
8.218000000000000000e+03 8.360216220110834571e-25
8.300000000000000000e+03 1.398516916154849081e-24
8.383500000000000000e+03 8.265877060861184516e-27
8.467500000000000000e+03 8.045975527631548844e-27
8.552000000000000000e+03 7.805998316285054783e-27
8.637500000000000000e+03 8.040149249002790510e-27
8.724000000000000000e+03 7.675970588346207442e-27
8.811000000000000000e+03 8.189413419962297877e-27
8.899000000000000000e+03 7.070220122934606232e-27
8.988000000000000000e+03 8.293052825191121771e-27
9.078000000000000000e+03 6.777972118383846804e-27
9.169000000000000000e+03 6.560280214810879590e-27
9.260500000000000000e+03 6.390406500397500054e-27
9.353000000000000000e+03 1.037249917801656055e-26
9.446500000000000000e+03 8.038389213720320660e-27
9.541000000000000000e+03 2.281580767853976807e-26
9.636500000000000000e+03 1.161964533645979175e-26
9.733000000000000000e+03 5.497788704417214699e-27
9.830000000000000000e+03 5.355906968113403034e-27
9.928000000000000000e+03 5.218417835447071536e-27
9.989000000000000000e+03 5.135319616740869440e-27
