1.000000000000000000e+01 9.284766367029999555e-27
1.100000000000000000e+01 9.305978203330000516e-27
1.200000000000000000e+01 9.322356190739999776e-27
1.300000000000000000e+01 9.341217800950000598e-27
1.400000000000000000e+01 9.434667811200000014e-27
1.500000000000000000e+01 9.379177486030000215e-27
1.600000000000000000e+01 9.398411948000000692e-27
1.700000000000000000e+01 9.420079612730000385e-27
1.800000000000000000e+01 9.436656178960000144e-27
1.900000000000000000e+01 9.456496868379999681e-27
2.000000000000000000e+01 9.475985727519999921e-27
2.100000000000000000e+01 9.494820751480000493e-27
2.200000000000000000e+01 9.516232124870000634e-27
2.300000000000000000e+01 9.534185498440000092e-27
2.400000000000000000e+01 9.553690498450000305e-27
2.500000000000000000e+01 9.605029849809999739e-27
2.600000000000000000e+01 9.593343861540000442e-27
2.700000000000000000e+01 9.613288297680000010e-27
2.800000000000000000e+01 9.646971761589999471e-27
2.900000000000000000e+01 9.653307279650000320e-27
3.000000000000000000e+01 9.673659235080000601e-27
3.100000000000000000e+01 9.697140427970000650e-27
3.200000000000000000e+01 9.714040794389999969e-27
3.300000000000000000e+01 9.734951351919999886e-27
3.400000000000000000e+01 9.755328144270000691e-27
3.500000000000000000e+01 9.775543264809999491e-27
3.600000000000000000e+01 9.800840785290000114e-27
3.700000000000000000e+01 9.816979594369999557e-27
3.800000000000000000e+01 9.837823835860000530e-27
3.900000000000000000e+01 9.859772681940000185e-27
4.000000000000000000e+01 9.879755703959999884e-27
4.100000000000000000e+01 9.900899907189999785e-27
4.200000000000000000e+01 9.922126781820000503e-27
4.300000000000000000e+01 9.943339351150000527e-27
4.400000000000000000e+01 9.964813354299999721e-27
4.500000000000000000e+01 9.986186162869999826e-27
4.600000000000000000e+01 1.000773158329999955e-26
4.700000000000000000e+01 1.005621046470000020e-26
4.800000000000000000e+01 1.005111256400000015e-26
4.900000000000000000e+01 1.007294087199999981e-26
5.000000000000000000e+01 1.009487706890000047e-26
5.100000000000000000e+01 1.011687350090000023e-26
5.200000000000000000e+01 1.013898488219999992e-26
5.300000000000000000e+01 1.016118375779999963e-26
5.400000000000000000e+01 1.018347858179999939e-26
5.500000000000000000e+01 1.020590256989999980e-26
5.600000000000000000e+01 1.022835713439999948e-26
5.700000000000000000e+01 1.025094066379999961e-26
5.800000000000000000e+01 1.027362349279999991e-26
5.900000000000000000e+01 1.029639914699999938e-26
6.000000000000000000e+01 1.031927571199999940e-26
6.100000000000000000e+01 1.034225070440000004e-26
6.200000000000000000e+01 1.036532519159999985e-26
6.300000000000000000e+01 1.038850225270000039e-26
6.400000000000000000e+01 1.041177527660000051e-26
6.500000000000000000e+01 1.043515204549999930e-26
6.600000000000000000e+01 1.045863090830000023e-26
6.700000000000000000e+01 1.048221226519999951e-26
6.800000000000000000e+01 1.050589704120000017e-26
6.900000000000000000e+01 1.052968581329999953e-26
7.000000000000000000e+01 1.055357924969999949e-26
7.100000000000000000e+01 1.057757802709999989e-26
7.200000000000000000e+01 1.060168282800000044e-26
7.300000000000000000e+01 1.062589434050000030e-26
7.400000000000000000e+01 1.065021325880000068e-26
7.500000000000000000e+01 1.067464028250000029e-26
7.600000000000000000e+01 1.069917611740000015e-26
7.700000000000000000e+01 1.072382147509999976e-26
7.800000000000000000e+01 1.074857707320000044e-26
7.900000000000000000e+01 1.077344363539999985e-26
8.000000000000000000e+01 1.079842189150000060e-26
8.100000000000000000e+01 1.082351257750000044e-26
8.200000000000000000e+01 1.084871643559999945e-26
8.300000000000000000e+01 1.087403421440000051e-26
8.400000000000000000e+01 1.089946666870000022e-26
8.500000000000000000e+01 1.092501456000000016e-26
8.600000000000000000e+01 1.095067865599999994e-26
8.700000000000000000e+01 1.097645973130000032e-26
8.800000000000000000e+01 1.100235856680000035e-26
8.900000000000000000e+01 1.102837595030000022e-26
9.000000000000000000e+01 1.105451267639999963e-26
9.100000000000000000e+01 1.108076954659999946e-26
9.200000000000000000e+01 1.110714736909999982e-26
9.300000000000000000e+01 1.113364695929999986e-26
9.400000000000000000e+01 1.116026913949999990e-26
9.500000000000000000e+01 1.118701473929999956e-26
9.600000000000000000e+01 1.121388459540000011e-26
9.700000000000000000e+01 1.124087955180000067e-26
9.800000000000000000e+01 1.126800046000000014e-26
9.900000000000000000e+01 1.129524817879999958e-26
1.000000000000000000e+02 1.132262357460000005e-26
1.010000000000000000e+02 1.135012752129999955e-26
1.020000000000000000e+02 1.137776090069999968e-26
1.030000000000000000e+02 1.140552460210000040e-26
1.040000000000000000e+02 1.143341952290000004e-26
1.050000000000000000e+02 1.146144656820000008e-26
1.060000000000000000e+02 1.148960665130000060e-26
1.070000000000000000e+02 1.151790069349999984e-26
1.080000000000000000e+02 1.154632962440000066e-26
1.090000000000000000e+02 1.157489438180000021e-26
1.100000000000000000e+02 1.160359591180000027e-26
1.110000000000000000e+02 1.163243516919999961e-26
1.120000000000000000e+02 1.166141311699999992e-26
1.130000000000000000e+02 1.169053072720000062e-26
1.140000000000000000e+02 1.171978898030000050e-26
1.150000000000000000e+02 1.174918886580000036e-26
1.160000000000000000e+02 1.177873138189999944e-26
1.170000000000000000e+02 1.180841753599999947e-26
1.180000000000000000e+02 1.183824834480000068e-26
1.190000000000000000e+02 1.186822483370000025e-26
1.200000000000000000e+02 1.189834803799999963e-26
1.210000000000000000e+02 1.192861900209999963e-26
1.220000000000000000e+02 1.195903877990000006e-26
1.230000000000000000e+02 1.198960843529999944e-26
1.240000000000000000e+02 1.202032904140000027e-26
1.250000000000000000e+02 1.205120168170000045e-26
1.260000000000000000e+02 1.208222744929999996e-26
1.270000000000000000e+02 1.211340744749999944e-26
1.280000000000000000e+02 1.214474278980000023e-26
1.290000000000000000e+02 1.217623460000000024e-26
1.300000000000000000e+02 1.220788401219999977e-26
1.310000000000000000e+02 1.223969217119999956e-26
1.320000000000000000e+02 1.227166023240000059e-26
1.330000000000000000e+02 1.230378936189999998e-26
1.340000000000000000e+02 1.233608073680000037e-26
1.350000000000000000e+02 1.236853554509999961e-26
1.360000000000000000e+02 1.240115498600000013e-26
1.370000000000000000e+02 1.243394027000000054e-26
1.380000000000000000e+02 1.246689261889999997e-26
1.390000000000000000e+02 1.250001326620000045e-26
1.400000000000000000e+02 1.253330345680000048e-26
1.410000000000000000e+02 1.256676444759999934e-26
1.420000000000000000e+02 1.260039750739999973e-26
1.430000000000000000e+02 1.263420391699999939e-26
1.440000000000000000e+02 1.266818496929999998e-26
1.450000000000000000e+02 1.270234196979999966e-26
1.460000000000000000e+02 1.273667623619999933e-26
1.470000000000000000e+02 1.277118909910000002e-26
1.480000000000000000e+02 1.280588190170000070e-26
1.490000000000000000e+02 1.284075600010000050e-26
1.500000000000000000e+02 1.287581276359999940e-26
1.510000000000000000e+02 1.291105357459999944e-26
1.520000000000000000e+02 1.294647982910000020e-26
1.530000000000000000e+02 1.298209293619999904e-26
1.540000000000000000e+02 1.301789431919999950e-26
1.550000000000000000e+02 1.305388541499999978e-26
1.560000000000000000e+02 1.309006767440000070e-26
1.570000000000000000e+02 1.312644256270000139e-26
1.580000000000000000e+02 1.316301155920000093e-26
1.590000000000000000e+02 1.319977615800000036e-26
1.600000000000000000e+02 1.323673786779999927e-26
1.610000000000000000e+02 1.327389821219999944e-26
1.620000000000000000e+02 1.331125872969999906e-26
1.630000000000000000e+02 1.334882097430000001e-26
1.640000000000000000e+02 1.338658651500000083e-26
1.650000000000000000e+02 1.342455693689999944e-26
1.660000000000000000e+02 1.346273384039999980e-26
1.670000000000000000e+02 1.350111884220000001e-26
1.680000000000000000e+02 1.353971357500000017e-26
1.690000000000000000e+02 1.357851968790000052e-26
1.700000000000000000e+02 1.361753884659999902e-26
1.710000000000000000e+02 1.365677273350000025e-26
1.720000000000000000e+02 1.369622304799999891e-26
1.730000000000000000e+02 1.373589150649999988e-26
1.740000000000000000e+02 1.377577984320000016e-26
1.750000000000000000e+02 1.381588980940000143e-26
1.760000000000000000e+02 1.385622317440000084e-26
1.770000000000000000e+02 1.389678172570000008e-26
1.780000000000000000e+02 1.393756726879999915e-26
1.790000000000000000e+02 1.397858162770000046e-26
1.800000000000000000e+02 1.401982664520000098e-26
1.810000000000000000e+02 1.406130418310000129e-26
1.820000000000000000e+02 1.410301612209999967e-26
1.830000000000000000e+02 1.414496436249999948e-26
1.840000000000000000e+02 1.418715082420000059e-26
1.850000000000000000e+02 1.422957744710000040e-26
1.860000000000000000e+02 1.427224619099999924e-26
1.870000000000000000e+02 1.431515903639999956e-26
1.880000000000000000e+02 1.435831798409999914e-26
1.890000000000000000e+02 1.440172505609999909e-26
1.900000000000000000e+02 1.444538229550000071e-26
1.910000000000000000e+02 1.448929176670000023e-26
1.920000000000000000e+02 1.453345555609999917e-26
1.930000000000000000e+02 1.457787577170000047e-26
1.940000000000000000e+02 1.462255454419999970e-26
1.950000000000000000e+02 1.466749402660000134e-26
1.960000000000000000e+02 1.471269639469999987e-26
1.970000000000000000e+02 1.475816384750000087e-26
1.980000000000000000e+02 1.480389860769999928e-26
1.990000000000000000e+02 1.484990292130000139e-26
2.000000000000000000e+02 1.489617905850000119e-26
2.010000000000000000e+02 1.494272931409999862e-26
2.020000000000000000e+02 1.498955600719999880e-26
2.030000000000000000e+02 1.503666148209999989e-26
2.040000000000000000e+02 1.508404810829999884e-26
2.050000000000000000e+02 1.513171828119999885e-26
2.060000000000000000e+02 1.517967442180000004e-26
2.070000000000000000e+02 1.522791897769999900e-26
2.080000000000000000e+02 1.527645442310000029e-26
2.090000000000000000e+02 1.532528325920000021e-26
2.100000000000000000e+02 1.537440801449999901e-26
2.110000000000000000e+02 1.542383124529999924e-26
2.120000000000000000e+02 1.547355553610000102e-26
2.130000000000000000e+02 1.552358349979999961e-26
2.140000000000000000e+02 1.557391777810000082e-26
2.150000000000000000e+02 1.562456104189999895e-26
2.160000000000000000e+02 1.567551599199999866e-26
2.170000000000000000e+02 1.572678535890000010e-26
2.180000000000000000e+02 1.577837190380000138e-26
2.190000000000000000e+02 1.583027841850000119e-26
2.200000000000000000e+02 1.588250772630000101e-26
2.210000000000000000e+02 1.593506268199999937e-26
2.220000000000000000e+02 1.598794617259999931e-26
2.230000000000000000e+02 1.604116111750000027e-26
2.240000000000000000e+02 1.609471046940000028e-26
2.250000000000000000e+02 1.614859721419999862e-26
2.260000000000000000e+02 1.620282437170000037e-26
2.270000000000000000e+02 1.625739499610000046e-26
2.280000000000000000e+02 1.631231217649999920e-26
2.290000000000000000e+02 1.636757903730000044e-26
2.300000000000000000e+02 1.642319873850000081e-26
2.310000000000000000e+02 1.647917447680000100e-26
2.320000000000000000e+02 1.653550948539999959e-26
2.330000000000000000e+02 1.659220703480000072e-26
2.340000000000000000e+02 1.664927043349999859e-26
2.350000000000000000e+02 1.670670302820000090e-26
2.360000000000000000e+02 1.676450820469999955e-26
2.370000000000000000e+02 1.682268938799999950e-26
2.380000000000000000e+02 1.688125004339999859e-26
2.390000000000000000e+02 1.694019367639999871e-26
2.400000000000000000e+02 1.699952383400000045e-26
2.410000000000000000e+02 1.705924410470000018e-26
2.420000000000000000e+02 1.711935811940000089e-26
2.430000000000000000e+02 1.717986955189999905e-26
2.440000000000000000e+02 1.724078211950000049e-26
2.450000000000000000e+02 1.730209958369999908e-26
2.460000000000000000e+02 1.736382575080000124e-26
2.470000000000000000e+02 1.742596447240000128e-26
2.480000000000000000e+02 1.748851964640000111e-26
2.490000000000000000e+02 1.755149521729999950e-26
2.500000000000000000e+02 1.761489517710000002e-26
2.510000000000000000e+02 1.767872356590000101e-26
2.520000000000000000e+02 1.774298447249999999e-26
2.530000000000000000e+02 1.780768203549999916e-26
2.540000000000000000e+02 1.787282044350000020e-26
2.550000000000000000e+02 1.793840393629999860e-26
2.560000000000000000e+02 1.800443680529999898e-26
2.570000000000000000e+02 1.807092339429999983e-26
2.580000000000000000e+02 1.813786810079999962e-26
2.590000000000000000e+02 1.820527537589999936e-26
2.600000000000000000e+02 1.827314972580000059e-26
2.610000000000000000e+02 1.834149571250000136e-26
2.620000000000000000e+02 1.841031795430000030e-26
2.630000000000000000e+02 1.847962112689999936e-26
2.640000000000000000e+02 1.854940996450000073e-26
2.650000000000000000e+02 1.861968926009999901e-26
2.660000000000000000e+02 1.869046386670000136e-26
2.670000000000000000e+02 1.876173869839999861e-26
2.680000000000000000e+02 1.883351873109999860e-26
2.690000000000000000e+02 1.890580900329999942e-26
2.700000000000000000e+02 1.897861461730000095e-26
2.710000000000000000e+02 1.905194074029999898e-26
2.720000000000000000e+02 1.912579260490000079e-26
2.730000000000000000e+02 1.920017551039999962e-26
2.740000000000000000e+02 1.927509482410000085e-26
2.750000000000000000e+02 1.935055598190000051e-26
2.760000000000000000e+02 1.942656448949999968e-26
2.770000000000000000e+02 1.950312592349999864e-26
2.780000000000000000e+02 1.958024593259999976e-26
2.790000000000000000e+02 1.965793023869999877e-26
2.800000000000000000e+02 1.973618463780000127e-26
2.810000000000000000e+02 1.981501500150000066e-26
2.820000000000000000e+02 1.989442727810000085e-26
2.830000000000000000e+02 1.997442749350000131e-26
2.840000000000000000e+02 2.005502175290000125e-26
2.850000000000000000e+02 2.013621624169999889e-26
2.860000000000000000e+02 2.021801722710000124e-26
2.870000000000000000e+02 2.030043105890000015e-26
2.880000000000000000e+02 2.038346417150000021e-26
2.890000000000000000e+02 2.046712308450000016e-26
2.900000000000000000e+02 2.055141440480000089e-26
2.910000000000000000e+02 2.063634482749999904e-26
2.920000000000000000e+02 2.072192113749999957e-26
2.930000000000000000e+02 2.080815021079999884e-26
2.940000000000000000e+02 2.089503901650000103e-26
2.950000000000000000e+02 2.098259461749999973e-26
2.960000000000000000e+02 2.107082417280000085e-26
2.970000000000000000e+02 2.115973493859999947e-26
2.980000000000000000e+02 2.124933427000000126e-26
2.990000000000000000e+02 2.133962962290000129e-26
3.000000000000000000e+02 2.143062855510000113e-26
3.010000000000000000e+02 2.152233872849999983e-26
3.020000000000000000e+02 2.161476791080000106e-26
3.030000000000000000e+02 2.170792397679999900e-26
3.040000000000000000e+02 2.180181491070000129e-26
3.050000000000000000e+02 2.189644880779999868e-26
3.060000000000000000e+02 2.199183387620000088e-26
3.070000000000000000e+02 2.208797843870000095e-26
3.080000000000000000e+02 2.218489093510000111e-26
3.090000000000000000e+02 2.228257992369999919e-26
3.100000000000000000e+02 2.238105408360000001e-26
3.110000000000000000e+02 2.248032221690000069e-26
3.120000000000000000e+02 2.258039325020000010e-26
3.130000000000000000e+02 2.268127623750000024e-26
3.140000000000000000e+02 2.278298036199999918e-26
3.150000000000000000e+02 2.288551493799999858e-26
3.160000000000000000e+02 2.298888941399999988e-26
3.170000000000000000e+02 2.309311337419999931e-26
3.180000000000000000e+02 2.319819654140000080e-26
3.190000000000000000e+02 2.330414877910000106e-26
3.200000000000000000e+02 2.341098009429999928e-26
3.210000000000000000e+02 2.351870063969999973e-26
3.220000000000000000e+02 2.362732071620000063e-26
3.230000000000000000e+02 2.373685077599999892e-26
3.240000000000000000e+02 2.384730142489999881e-26
3.250000000000000000e+02 2.395868342490000087e-26
3.260000000000000000e+02 2.407100769749999877e-26
3.270000000000000000e+02 2.418428532599999919e-26
3.280000000000000000e+02 2.429852755870000102e-26
3.290000000000000000e+02 2.441374581210000037e-26
3.300000000000000000e+02 2.452995167319999904e-26
3.310000000000000000e+02 2.464715690329999959e-26
3.320000000000000000e+02 2.476537344100000114e-26
3.330000000000000000e+02 2.488461340510000083e-26
3.340000000000000000e+02 2.500488909819999976e-26
3.350000000000000000e+02 2.512621301030000038e-26
3.360000000000000000e+02 2.524859782159999897e-26
3.370000000000000000e+02 2.537205640659999866e-26
3.380000000000000000e+02 2.549660183760000077e-26
3.390000000000000000e+02 2.562224738819999905e-26
3.400000000000000000e+02 2.574900653740000125e-26
3.410000000000000000e+02 2.587689297410000002e-26
3.420000000000000000e+02 2.600592060089999943e-26
3.430000000000000000e+02 2.613610354210000022e-26
3.440000000000000000e+02 2.626745616010000277e-26
3.450000000000000000e+02 2.639999319979999749e-26
3.460000000000000000e+02 2.653379350100000273e-26
3.470000000000000000e+02 2.666868041970000275e-26
3.480000000000000000e+02 2.680485945600000094e-26
3.490000000000000000e+02 2.695249957320000101e-26
3.500000000000000000e+02 2.708096897950000008e-26
3.510000000000000000e+02 2.722093112100000023e-26
3.520000000000000000e+02 2.736239864299999927e-26
3.530000000000000000e+02 2.750474870579999781e-26
3.540000000000000000e+02 2.764864216889999904e-26
3.550000000000000000e+02 2.779398312250000021e-26
3.560000000000000000e+02 2.794046613679999762e-26
3.570000000000000000e+02 2.808844835489999984e-26
3.580000000000000000e+02 2.823789233010000229e-26
3.590000000000000000e+02 2.838859482510000035e-26
3.600000000000000000e+02 2.854083512750000097e-26
3.610000000000000000e+02 2.869475560719999984e-26
3.620000000000000000e+02 2.884962570590000178e-26
3.630000000000000000e+02 2.900629870100000210e-26
3.640000000000000000e+02 2.916445623029999809e-26
3.650000000000000000e+02 2.932418285479999923e-26
3.660000000000000000e+02 2.948539583360000034e-26
3.670000000000000000e+02 2.964810983739999892e-26
3.680000000000000000e+02 2.981259686059999914e-26
3.690000000000000000e+02 2.997877707050000218e-26
3.700000000000000000e+02 3.014610479140000132e-26
3.710000000000000000e+02 3.031537906320000017e-26
3.720000000000000000e+02 3.048816113910000131e-26
3.735000000000000000e+02 3.074622302399999784e-26
3.760000000000000000e+02 3.122686299563333040e-26
3.795000000000000000e+02 3.182615218674999845e-26
3.835000000000000000e+02 3.258559402610000269e-26
3.875000000000000000e+02 3.338952232212499587e-26
3.915000000000000000e+02 3.419748092715000228e-26
3.955000000000000000e+02 3.505234938737499297e-26
3.995000000000000000e+02 3.595208209217500290e-26
4.035000000000000000e+02 3.692966148917499986e-26
4.075000000000000000e+02 3.786722246049999676e-26
4.115000000000000000e+02 3.889214394814999816e-26
4.155000000000000000e+02 3.997895295115000069e-26
4.195000000000000000e+02 4.125703055685000149e-26
4.235000000000000000e+02 4.227834596562500266e-26
4.280000000000000000e+02 4.375149271585999444e-26
4.325000000000000000e+02 4.515927575555000174e-26
4.365000000000000000e+02 4.670362088070000332e-26
4.410000000000000000e+02 5.443835894853999340e-26
4.455000000000000000e+02 5.087082021172499966e-26
4.495000000000000000e+02 5.202791140467500579e-26
4.540000000000000000e+02 5.396178656930000673e-26
4.590000000000000000e+02 5.684557303003999783e-26
4.635000000000000000e+02 9.455764815911500920e-25
4.680000000000000000e+02 6.357584281992000340e-26
4.725000000000000000e+02 6.958861856684999826e-26
4.770000000000000000e+02 6.694897458784000357e-26
4.820000000000000000e+02 9.973868888875999109e-26
4.870000000000000000e+02 7.521736975334001406e-26
4.920000000000000000e+02 8.863539284399997661e-26
4.970000000000000000e+02 8.323343611268000878e-26
5.020000000000000000e+02 8.924396665632000833e-26
5.070000000000000000e+02 6.235506461980917812e-24
5.120000000000000000e+02 1.247792854354000039e-25
5.170000000000000000e+02 1.242478223984000231e-25
5.220000000000000000e+02 1.359907463488000187e-25
5.270000000000000000e+02 1.639253988900000029e-25
5.325000000000000000e+02 8.763981150901167077e-24
5.380000000000000000e+02 2.324569761744600058e-24
5.430000000000000000e+02 2.310585719252600025e-24
5.485000000000000000e+02 1.338695558097166669e-24
5.540000000000000000e+02 4.607660515554000467e-25
5.595000000000000000e+02 8.664621413253333613e-25
5.655000000000000000e+02 5.308122557395166396e-24
5.710000000000000000e+02 5.529105557906199357e-24
5.765000000000000000e+02 2.943910903739833276e-24
5.825000000000000000e+02 6.061916235616666002e-23
5.885000000000000000e+02 1.032035310784166631e-23
5.945000000000000000e+02 4.640894669760249151e-22
6.005000000000000000e+02 5.174818201588016926e-22
6.065000000000000000e+02 1.224164219197333326e-22
6.125000000000000000e+02 5.996520070641016114e-22
6.185000000000000000e+02 1.017135617340863716e-20
6.245000000000000000e+02 6.018864540350000207e-23
6.305000000000000000e+02 7.648552002549999993e-22
6.370000000000000000e+02 2.769417372679186497e-21
6.435000000000000000e+02 5.759834580249333496e-22
6.500000000000000000e+02 2.223992650344999969e-21
6.565000000000000000e+02 2.879192713466559887e-19
6.630000000000000000e+02 9.327643560294572725e-21
6.695000000000000000e+02 1.263107058083145416e-17
6.760000000000000000e+02 8.254924944031242121e-20
6.830000000000000000e+02 4.076197450270000460e-21
6.900000000000000000e+02 4.788281033998571639e-21
6.970000000000000000e+02 9.398337342664287131e-22
7.040000000000000000e+02 2.571673595233942598e-21
7.110000000000000000e+02 2.341468314053099562e-21
7.180000000000000000e+02 2.351621914018999997e-22
7.250000000000000000e+02 1.756232514225128689e-22
7.320000000000000000e+02 2.027987366979856753e-23
7.395000000000000000e+02 3.097606001615750163e-23
7.470000000000000000e+02 9.179209585732856719e-24
7.545000000000000000e+02 4.311410603325625001e-24
7.620000000000000000e+02 2.803270637560571891e-24
7.695000000000000000e+02 7.577576091017724727e-23
7.775000000000000000e+02 9.123561747089999261e-25
7.855000000000000000e+02 3.310338288779124960e-24
7.930000000000000000e+02 1.002697098650814232e-23
8.005000000000000000e+02 9.761950772720001321e-25
8.085000000000000000e+02 2.795864603685000196e-25
8.170000000000000000e+02 3.010699292928889240e-25
8.255000000000000000e+02 1.891948257402499832e-25
8.335000000000000000e+02 2.415679611140749777e-25
8.415000000000000000e+02 1.322181663152999688e-25
8.500000000000000000e+02 8.969059051353333530e-26
8.585000000000000000e+02 8.018173460266249691e-26
8.670000000000000000e+02 8.766761628931111408e-26
8.760000000000000000e+02 7.599493282926667167e-26
8.850000000000000000e+02 1.189498136364777747e-25
8.935000000000000000e+02 3.046706064583624753e-25
9.020000000000000000e+02 3.389810791841887978e-25
9.115000000000000000e+02 1.075180136548800330e-25
9.210000000000000000e+02 3.267761404870555599e-25
9.300000000000000000e+02 1.314744387994556155e-22
9.390000000000000000e+02 1.138654215758222242e-25
9.485000000000000000e+02 1.626182394302660058e-24
9.580000000000000000e+02 9.048162398638447513e-25
9.675000000000000000e+02 3.382355186960299535e-25
9.775000000000000000e+02 2.727672659867900029e-25
9.870000000000000000e+02 8.976737385484444124e-26
9.965000000000000000e+02 6.006014108185000694e-26
1.006500000000000000e+03 6.900583566785999860e-26
1.016500000000000000e+03 7.853134760327999877e-26
1.027000000000000000e+03 6.662167585530728385e-25
1.037500000000000000e+03 2.748837095933600060e-25
1.047500000000000000e+03 1.978511074661299966e-24
1.058000000000000000e+03 4.112367978435818072e-25
1.069000000000000000e+03 3.250327976576453928e-24
1.079500000000000000e+03 6.767838156307689854e-24
1.090000000000000000e+03 1.565273714858798737e-22
1.101000000000000000e+03 1.007505272151909333e-25
1.112000000000000000e+03 2.800423276382727388e-26
1.123000000000000000e+03 2.635629961441818190e-26
1.134500000000000000e+03 2.611336500683333103e-26
1.146000000000000000e+03 2.592995053418181942e-26
1.157500000000000000e+03 2.580016759964999453e-26
1.169000000000000000e+03 2.571011882525454466e-26
1.180500000000000000e+03 2.593458087215833025e-26
1.192500000000000000e+03 2.582056662270833241e-26
1.204500000000000000e+03 2.799861731619165912e-26
1.216500000000000000e+03 9.629300822488332049e-26
1.228500000000000000e+03 4.861993640085833551e-26
1.240500000000000000e+03 7.419430973475833703e-26
1.253000000000000000e+03 3.547641799412231719e-25
1.266000000000000000e+03 1.021838406512922997e-25
1.278500000000000000e+03 4.939939454822500009e-26
1.291000000000000000e+03 3.652944623000768687e-26
1.304000000000000000e+03 2.769918209507692582e-26
1.317000000000000000e+03 2.765132946779230317e-26
1.330000000000000000e+03 3.362749733388460985e-26
1.343500000000000000e+03 3.856584040895000663e-26
1.357000000000000000e+03 7.734397740810769151e-26
1.370500000000000000e+03 3.693752108486427883e-25
1.384500000000000000e+03 2.938582933545435905e-24
1.398500000000000000e+03 9.788739349927002018e-25
1.412500000000000000e+03 6.714077612519285744e-26
1.426500000000000000e+03 3.310484982860714144e-26
1.440500000000000000e+03 3.394467038013571856e-26
1.455000000000000000e+03 3.329566233617333020e-26
1.469500000000000000e+03 3.416336322202857218e-26
1.484000000000000000e+03 3.516955774666000553e-26
1.499000000000000000e+03 3.611351999026667371e-26
1.514000000000000000e+03 3.720673535872666622e-26
1.529000000000000000e+03 3.836674418896000686e-26
1.544500000000000000e+03 3.964568089194375505e-26
1.560000000000000000e+03 4.101576179418000773e-26
1.575500000000000000e+03 4.249323230118750059e-26
1.591500000000000000e+03 4.409843240051249660e-26
1.607500000000000000e+03 4.583371713326875101e-26
1.623500000000000000e+03 4.769573841481875387e-26
1.639500000000000000e+03 4.969547723293124932e-26
1.656000000000000000e+03 5.191589201024706969e-26
1.672500000000000000e+03 5.430936781565625387e-26
1.689000000000000000e+03 5.689694912641764188e-26
1.706000000000000000e+03 5.978356834722941330e-26
1.723000000000000000e+03 6.293337264762352611e-26
1.740500000000000000e+03 6.646207123774443652e-26
1.758000000000000000e+03 7.028801293251177757e-26
1.775500000000000000e+03 7.578909404159444380e-26
1.793500000000000000e+03 8.063284112642777152e-26
1.811500000000000000e+03 8.493685642716668155e-26
1.829500000000000000e+03 9.201818831732222565e-26
1.847500000000000000e+03 1.394928614038944685e-25
1.866000000000000000e+03 1.063902841717157962e-24
1.884500000000000000e+03 2.262419485450000333e-25
1.903000000000000000e+03 2.424175374079052794e-24
1.922000000000000000e+03 1.166153139694684383e-24
1.941500000000000000e+03 4.155266013203339789e-23
1.961000000000000000e+03 2.601940735191053005e-25
1.980500000000000000e+03 2.598869449580999519e-25
2.000500000000000000e+03 2.172874147323500107e-25
2.020500000000000000e+03 1.150386733787949899e-24
2.040500000000000000e+03 9.623224292495700781e-24
2.061000000000000000e+03 5.196106941141858223e-24
2.082000000000000000e+03 1.152909529100604554e-23
2.102500000000000000e+03 7.784603912960244416e-23
2.123500000000000000e+03 1.157562408225363725e-24
2.145000000000000000e+03 2.904136717678094561e-24
2.166500000000000000e+03 8.038971373471818014e-25
2.188000000000000000e+03 3.053243569708047796e-24
2.209500000000000000e+03 1.070546496220181755e-23
2.231500000000000000e+03 8.088156548822726640e-23
2.254000000000000000e+03 6.610066386116783316e-22
2.277000000000000000e+03 1.888623084121430397e-21
2.299500000000000000e+03 3.044155055979777177e-20
2.322500000000000000e+03 7.102367381844934124e-19
2.346000000000000000e+03 2.524422737789469716e-19
2.369000000000000000e+03 2.842612073324505404e-19
2.392500000000000000e+03 1.010781525310114565e-20
2.416500000000000000e+03 6.296507482028335034e-24
2.441000000000000000e+03 3.121632742542398858e-24
2.465500000000000000e+03 2.012887165871666595e-24
2.490000000000000000e+03 1.230904782077599832e-24
2.515000000000000000e+03 8.746640283029199527e-25
2.540000000000000000e+03 6.521089563531600392e-25
2.565500000000000000e+03 5.093423760206153942e-25
2.591500000000000000e+03 4.677356431846923283e-25
2.617500000000000000e+03 4.232433882993460696e-25
2.643500000000000000e+03 3.102750267576922421e-25
2.669500000000000000e+03 2.477429940621923389e-25
2.696000000000000000e+03 2.010555812965555430e-25
2.723000000000000000e+03 1.699343790040740994e-25
2.750500000000000000e+03 1.689204055538928781e-25
2.778000000000000000e+03 1.344241403098888735e-25
2.805500000000000000e+03 1.393770092334642525e-25
2.834000000000000000e+03 1.024612256162896559e-25
2.862500000000000000e+03 9.061145338806428786e-26
2.891000000000000000e+03 8.137141646419653583e-26
2.920000000000000000e+03 7.353296872258622221e-26
2.949000000000000000e+03 6.691100935478620978e-26
2.978500000000000000e+03 6.347296006195999884e-26
3.008500000000000000e+03 5.599325374702333980e-26
3.038500000000000000e+03 5.154346366858334136e-26
3.068500000000000000e+03 4.886876112174999868e-26
3.099000000000000000e+03 4.768032918842580831e-26
3.130000000000000000e+03 5.010782356017418164e-26
3.161500000000000000e+03 7.177690037357811937e-26
3.193500000000000000e+03 4.302532741235312928e-26
3.225500000000000000e+03 3.630626279839686928e-26
3.257500000000000000e+03 8.200818715028124120e-26
3.290000000000000000e+03 3.372688081152968972e-25
3.323000000000000000e+03 9.553597253977270442e-26
3.356000000000000000e+03 3.775609124322879501e-25
3.389500000000000000e+03 1.387171009488617571e-25
3.423500000000000000e+03 2.484097798072264813e-25
3.458000000000000000e+03 3.152183949207108802e-24
3.492500000000000000e+03 2.387361136704601681e-23
3.527000000000000000e+03 2.257340853812060724e-22
3.562500000000000000e+03 1.058494679576785264e-21
3.598500000000000000e+03 3.757814511232859825e-22
3.634500000000000000e+03 5.528784131050370202e-22
3.670500000000000000e+03 9.396456644556444796e-23
3.707000000000000000e+03 1.796116380430042495e-19
3.744500000000000000e+03 7.916356986392392786e-20
3.782000000000000000e+03 4.649110513627192320e-25
3.819500000000000000e+03 2.050032033340393803e-25
3.858000000000000000e+03 1.039960194414615261e-25
3.896500000000000000e+03 2.931405021326579073e-26
3.935000000000000000e+03 2.760177818598205580e-26
3.974500000000000000e+03 2.162152211707000016e-26
4.014500000000000000e+03 8.859054208149999348e-26
4.054500000000000000e+03 1.406295371122749830e-26
4.095000000000000000e+03 1.171057323158537022e-26
4.136000000000000000e+03 1.131409154011707018e-26
4.177500000000000000e+03 9.966902231790000609e-27
4.219500000000000000e+03 9.146253680439761336e-27
4.261500000000000000e+03 8.543398582752618696e-27
4.304000000000000000e+03 8.023670155090467347e-27
4.347000000000000000e+03 7.650552262393720208e-27
4.390500000000000000e+03 8.265536705376817469e-27
4.434500000000000000e+03 6.843416458067046377e-27
4.479000000000000000e+03 2.120675067941132822e-26
4.524000000000000000e+03 8.207592581791999964e-27
4.569000000000000000e+03 8.798667329814445042e-27
4.614500000000000000e+03 1.879995167247334854e-25
4.660500000000000000e+03 2.741918625082717387e-25
4.707000000000000000e+03 1.964756596078921239e-25
4.754500000000000000e+03 1.624649412576528036e-24
4.802000000000000000e+03 1.928987374068324574e-23
4.850000000000000000e+03 1.432080027670461712e-22
4.898500000000000000e+03 6.626515672594898257e-24
4.947500000000000000e+03 4.411613633561369204e-23
4.997000000000000000e+03 1.797380129999949821e-23
5.047000000000000000e+03 1.445295662963001976e-24
5.097500000000000000e+03 1.549368391207579809e-23
5.148000000000000000e+03 3.421170929502124424e-23
5.199500000000000000e+03 1.008151142860438370e-25
5.251500000000000000e+03 1.585689089138444976e-25
5.304000000000000000e+03 1.499544087442617436e-25
5.357500000000000000e+03 4.104603506404354730e-26
5.411000000000000000e+03 2.927296598473773956e-27
5.465000000000000000e+03 2.988873937353635976e-27
5.520000000000000000e+03 7.716106210125998296e-27
5.575000000000000000e+03 2.582374449369654591e-26
5.630500000000000000e+03 6.394658370946251026e-27
5.687000000000000000e+03 2.953122672794913513e-27
5.744000000000000000e+03 2.378003735579122785e-27
5.801500000000000000e+03 2.655316400879308933e-27
5.859500000000000000e+03 1.006144241772206763e-26
5.918000000000000000e+03 1.060847463433830754e-26
5.977000000000000000e+03 9.551479662925304432e-26
6.036500000000000000e+03 5.051437909276015636e-26
6.097000000000000000e+03 1.435017685558101562e-24
6.158000000000000000e+03 9.421898948286767039e-26
6.219500000000000000e+03 7.148469753368683412e-25
6.282000000000000000e+03 4.217306207224249027e-24
6.345000000000000000e+03 3.948626325833807352e-24
6.408500000000000000e+03 1.579590480019831930e-25
6.472500000000000000e+03 6.169706243573858598e-26
6.537000000000000000e+03 2.137225050316332076e-25
6.602500000000000000e+03 6.312096865895759621e-27
6.668500000000000000e+03 7.128525621802667768e-26
6.735000000000000000e+03 1.545625481814850739e-26
6.802500000000000000e+03 1.573880197992073948e-26
6.870500000000000000e+03 1.108775927967721520e-24
6.939000000000000000e+03 5.456952573324066055e-23
7.008500000000000000e+03 1.915755860568360649e-24
7.078500000000000000e+03 1.217508428250285856e-27
7.149500000000000000e+03 1.374510827794166914e-27
7.221000000000000000e+03 1.682669859912958431e-27
7.293000000000000000e+03 1.001963745057684760e-26
7.366000000000000000e+03 1.609295117214930961e-27
7.439500000000000000e+03 5.380824234619189435e-27
7.514000000000000000e+03 4.954174907156827296e-27
7.589500000000000000e+03 2.405685595586976924e-25
7.665500000000000000e+03 1.563907944283671119e-27
7.742000000000000000e+03 9.263526533148366303e-26
7.819500000000000000e+03 9.999177584462049284e-28
7.897500000000000000e+03 1.241684115119923163e-27
7.976500000000000000e+03 4.307730594360326203e-27
8.056500000000000000e+03 2.017193315679251309e-26
8.137000000000000000e+03 1.219564710820743644e-25
8.218000000000000000e+03 5.349604335577111137e-25
8.300000000000000000e+03 1.424484385176615100e-24
8.383500000000000000e+03 7.162213435642736758e-28
8.467500000000000000e+03 7.302474583042025302e-28
8.552000000000000000e+03 6.929923014658115932e-28
8.637500000000000000e+03 9.021022064729071074e-28
8.724000000000000000e+03 7.960708347840231842e-28
8.811000000000000000e+03 8.665638312335059028e-28
8.899000000000000000e+03 6.304671672899101087e-28
8.988000000000000000e+03 1.322979436859639801e-27
9.078000000000000000e+03 7.819349687800331062e-28
9.169000000000000000e+03 6.770246910042087927e-28
9.260500000000000000e+03 7.205478445869345356e-28
9.353000000000000000e+03 5.882561928386688189e-27
9.446500000000000000e+03 3.300998134078170368e-27
9.541000000000000000e+03 1.359216556011919519e-26
9.636500000000000000e+03 4.126944945446689261e-27
9.733000000000000000e+03 4.762702075853504851e-28
9.830000000000000000e+03 4.639750869796389699e-28
9.928000000000000000e+03 4.520656959153332182e-28
9.989000000000000000e+03 4.448676357491304017e-28
