1.000000000000000000e+01 1.276133185980000012e-26
1.100000000000000000e+01 1.279357747979999999e-26
1.200000000000000000e+01 1.281309653620000051e-26
1.300000000000000000e+01 1.283899163730000006e-26
1.400000000000000000e+01 1.299223738259999944e-26
1.500000000000000000e+01 1.289114975200000066e-26
1.600000000000000000e+01 1.291767245169999938e-26
1.700000000000000000e+01 1.294777454459999984e-26
1.800000000000000000e+01 1.297010364810000135e-26
1.900000000000000000e+01 1.299754757249999949e-26
2.000000000000000000e+01 1.302418772390000026e-26
2.100000000000000000e+01 1.304999212119999920e-26
2.200000000000000000e+01 1.307953553080000138e-26
2.300000000000000000e+01 1.310402822270000071e-26
2.400000000000000000e+01 1.313084812040000118e-26
2.500000000000000000e+01 1.319508609469999927e-26
2.600000000000000000e+01 1.318530238900000033e-26
2.700000000000000000e+01 1.321269713630000128e-26
2.800000000000000000e+01 1.325107644460000095e-26
2.900000000000000000e+01 1.326772143940000081e-26
3.000000000000000000e+01 1.329557387619999930e-26
3.100000000000000000e+01 1.332545907409999883e-26
3.200000000000000000e+01 1.335121694819999904e-26
3.300000000000000000e+01 1.337955668770000076e-26
3.400000000000000000e+01 1.340766189870000130e-26
3.500000000000000000e+01 1.343577190820000133e-26
3.600000000000000000e+01 1.346599497789999939e-26
3.700000000000000000e+01 1.349273323140000066e-26
3.800000000000000000e+01 1.352138979159999950e-26
3.900000000000000000e+01 1.355044260730000084e-26
4.000000000000000000e+01 1.357905913199999878e-26
4.100000000000000000e+01 1.360808440160000018e-26
4.200000000000000000e+01 1.363722842319999907e-26
4.300000000000000000e+01 1.366647609229999954e-26
4.400000000000000000e+01 1.369587265959999858e-26
4.500000000000000000e+01 1.372536670839999984e-26
4.600000000000000000e+01 1.375499571290000087e-26
4.700000000000000000e+01 1.378700501199999873e-26
4.800000000000000000e+01 1.381463013209999968e-26
4.900000000000000000e+01 1.384463597509999961e-26
5.000000000000000000e+01 1.387476943859999948e-26
5.100000000000000000e+01 1.390502869900000074e-26
5.200000000000000000e+01 1.393541737609999920e-26
5.300000000000000000e+01 1.396593493050000094e-26
5.400000000000000000e+01 1.399658247499999984e-26
5.500000000000000000e+01 1.402736152789999898e-26
5.600000000000000000e+01 1.405827070150000053e-26
5.700000000000000000e+01 1.408931298530000112e-26
5.800000000000000000e+01 1.412048852379999997e-26
5.900000000000000000e+01 1.415179806749999891e-26
6.000000000000000000e+01 1.418324255900000115e-26
6.100000000000000000e+01 1.421482281710000129e-26
6.200000000000000000e+01 1.424653970839999947e-26
6.300000000000000000e+01 1.427839411379999938e-26
6.400000000000000000e+01 1.431038687630000056e-26
6.500000000000000000e+01 1.434251891329999884e-26
6.600000000000000000e+01 1.437479110529999981e-26
6.700000000000000000e+01 1.440720435060000115e-26
6.800000000000000000e+01 1.443975955600000132e-26
6.900000000000000000e+01 1.447245763520000140e-26
7.000000000000000000e+01 1.450529950950000108e-26
7.100000000000000000e+01 1.453828610799999908e-26
7.200000000000000000e+01 1.457141836740000137e-26
7.300000000000000000e+01 1.460469723229999884e-26
7.400000000000000000e+01 1.463812365529999922e-26
7.500000000000000000e+01 1.467169859670000043e-26
7.600000000000000000e+01 1.470542302510000071e-26
7.700000000000000000e+01 1.473929791700000049e-26
7.800000000000000000e+01 1.477332425750000125e-26
7.900000000000000000e+01 1.480750303950000067e-26
8.000000000000000000e+01 1.484183526470000084e-26
8.100000000000000000e+01 1.487632194300000106e-26
8.200000000000000000e+01 1.491096409299999901e-26
8.300000000000000000e+01 1.494576274189999919e-26
8.400000000000000000e+01 1.498071892559999877e-26
8.500000000000000000e+01 1.501583368889999956e-26
8.600000000000000000e+01 1.505110808539999919e-26
8.700000000000000000e+01 1.508654317780000040e-26
8.800000000000000000e+01 1.512214003789999962e-26
8.900000000000000000e+01 1.515789974660000129e-26
9.000000000000000000e+01 1.519382339420000137e-26
9.100000000000000000e+01 1.522991208020000123e-26
9.200000000000000000e+01 1.526616691380000021e-26
9.300000000000000000e+01 1.530258901360000069e-26
9.400000000000000000e+01 1.533917950810000069e-26
9.500000000000000000e+01 1.537593953529999857e-26
9.600000000000000000e+01 1.541287024320000010e-26
9.700000000000000000e+01 1.544997278999999877e-26
9.800000000000000000e+01 1.548724834360000043e-26
9.900000000000000000e+01 1.552469808249999969e-26
1.000000000000000000e+02 1.556232319510000112e-26
1.010000000000000000e+02 1.560012488050000116e-26
1.020000000000000000e+02 1.563810434829999908e-26
1.030000000000000000e+02 1.567626281859999987e-26
1.040000000000000000e+02 1.571460152240000087e-26
1.050000000000000000e+02 1.575312170150000012e-26
1.060000000000000000e+02 1.579182460869999975e-26
1.070000000000000000e+02 1.583071150780000021e-26
1.080000000000000000e+02 1.586978367390000101e-26
1.090000000000000000e+02 1.590904239350000101e-26
1.100000000000000000e+02 1.594848896450000122e-26
1.110000000000000000e+02 1.598812469639999960e-26
1.120000000000000000e+02 1.602795091029999967e-26
1.130000000000000000e+02 1.606796893929999997e-26
1.140000000000000000e+02 1.610818012829999937e-26
1.150000000000000000e+02 1.614858583450000112e-26
1.160000000000000000e+02 1.618918742720000089e-26
1.170000000000000000e+02 1.622998628799999877e-26
1.180000000000000000e+02 1.627098381109999997e-26
1.190000000000000000e+02 1.631218140320000023e-26
1.200000000000000000e+02 1.635358048400000143e-26
1.210000000000000000e+02 1.639518248589999933e-26
1.220000000000000000e+02 1.643698885449999918e-26
1.230000000000000000e+02 1.647900104840000086e-26
1.240000000000000000e+02 1.652122053970000012e-26
1.250000000000000000e+02 1.656364881389999982e-26
1.260000000000000000e+02 1.660628737029999941e-26
1.270000000000000000e+02 1.664913772180000019e-26
1.280000000000000000e+02 1.669220139520000033e-26
1.290000000000000000e+02 1.673547993169999893e-26
1.300000000000000000e+02 1.677897488640000054e-26
1.310000000000000000e+02 1.682268782909999995e-26
1.320000000000000000e+02 1.686662034399999860e-26
1.330000000000000000e+02 1.691077403009999989e-26
1.340000000000000000e+02 1.695515050130000076e-26
1.350000000000000000e+02 1.699975138650000060e-26
1.360000000000000000e+02 1.704457832999999933e-26
1.370000000000000000e+02 1.708963299140000000e-26
1.380000000000000000e+02 1.713491704600000123e-26
1.390000000000000000e+02 1.718043218469999978e-26
1.400000000000000000e+02 1.722618011440000016e-26
1.410000000000000000e+02 1.727216255820000078e-26
1.420000000000000000e+02 1.731838125560000016e-26
1.430000000000000000e+02 1.736483796229999933e-26
1.440000000000000000e+02 1.741153445100000092e-26
1.450000000000000000e+02 1.745847251099999956e-26
1.460000000000000000e+02 1.750565394900000108e-26
1.470000000000000000e+02 1.755308058870000140e-26
1.480000000000000000e+02 1.760075427139999954e-26
1.490000000000000000e+02 1.764867685600000046e-26
1.500000000000000000e+02 1.769685021939999880e-26
1.510000000000000000e+02 1.774527625639999879e-26
1.520000000000000000e+02 1.779395688030000130e-26
1.530000000000000000e+02 1.784289402280000076e-26
1.540000000000000000e+02 1.789208963440000052e-26
1.550000000000000000e+02 1.794154568430000106e-26
1.560000000000000000e+02 1.799126416129999939e-26
1.570000000000000000e+02 1.804124707319999903e-26
1.580000000000000000e+02 1.809149644760000048e-26
1.590000000000000000e+02 1.814201433209999888e-26
1.600000000000000000e+02 1.819280279400000048e-26
1.610000000000000000e+02 1.824386392129999922e-26
1.620000000000000000e+02 1.829519982239999905e-26
1.630000000000000000e+02 1.834681262660000070e-26
1.640000000000000000e+02 1.839870448409999889e-26
1.650000000000000000e+02 1.845087756660000100e-26
1.660000000000000000e+02 1.850333406720000096e-26
1.670000000000000000e+02 1.855607620100000089e-26
1.680000000000000000e+02 1.860910620519999977e-26
1.690000000000000000e+02 1.866242633909999929e-26
1.700000000000000000e+02 1.871603888489999995e-26
1.710000000000000000e+02 1.876994614760000094e-26
1.720000000000000000e+02 1.882415045530000078e-26
1.730000000000000000e+02 1.887865415979999886e-26
1.740000000000000000e+02 1.893345963640000063e-26
1.750000000000000000e+02 1.898856928449999905e-26
1.760000000000000000e+02 1.904398552790000110e-26
1.770000000000000000e+02 1.909971081499999960e-26
1.780000000000000000e+02 1.915574761909999977e-26
1.790000000000000000e+02 1.921209843869999989e-26
1.800000000000000000e+02 1.926876579800000112e-26
1.810000000000000000e+02 1.932575224689999889e-26
1.820000000000000000e+02 1.938306036159999875e-26
1.830000000000000000e+02 1.944069274479999960e-26
1.840000000000000000e+02 1.949865202589999997e-26
1.850000000000000000e+02 1.955694086159999946e-26
1.860000000000000000e+02 1.961556193599999899e-26
1.870000000000000000e+02 1.967451796139999992e-26
1.880000000000000000e+02 1.973381167769999965e-26
1.890000000000000000e+02 1.979344585400000137e-26
1.900000000000000000e+02 1.985342328780000055e-26
1.910000000000000000e+02 1.991374680629999964e-26
1.920000000000000000e+02 1.997441926600000136e-26
1.930000000000000000e+02 2.003544355359999939e-26
1.940000000000000000e+02 2.009682258629999925e-26
1.950000000000000000e+02 2.015855931190000129e-26
1.960000000000000000e+02 2.022065670949999954e-26
1.970000000000000000e+02 2.028311778979999968e-26
1.980000000000000000e+02 2.034594559549999996e-26
1.990000000000000000e+02 2.040914320150000022e-26
2.000000000000000000e+02 2.047271371589999870e-26
2.010000000000000000e+02 2.053666027969999986e-26
2.020000000000000000e+02 2.060098606769999938e-26
2.030000000000000000e+02 2.066569428889999949e-26
2.040000000000000000e+02 2.073078818660000063e-26
2.050000000000000000e+02 2.079627103950000126e-26
2.060000000000000000e+02 2.086214616119999949e-26
2.070000000000000000e+02 2.092841690179999992e-26
2.080000000000000000e+02 2.099508664740000090e-26
2.090000000000000000e+02 2.106215882109999987e-26
2.100000000000000000e+02 2.112963688340000008e-26
2.110000000000000000e+02 2.119752433239999961e-26
2.120000000000000000e+02 2.126582470489999979e-26
2.130000000000000000e+02 2.133454157629999923e-26
2.140000000000000000e+02 2.140367856139999869e-26
2.150000000000000000e+02 2.147323931489999935e-26
2.160000000000000000e+02 2.154322753209999888e-26
2.170000000000000000e+02 2.161364694890000002e-26
2.180000000000000000e+02 2.168450134299999914e-26
2.190000000000000000e+02 2.175579453400000091e-26
2.200000000000000000e+02 2.182753038420000010e-26
2.210000000000000000e+02 2.189971279910000008e-26
2.220000000000000000e+02 2.197234572810000019e-26
2.230000000000000000e+02 2.204543316459999881e-26
2.240000000000000000e+02 2.211897914749999996e-26
2.250000000000000000e+02 2.219298776080000083e-26
2.260000000000000000e+02 2.226746313510000119e-26
2.270000000000000000e+02 2.234240944760000053e-26
2.280000000000000000e+02 2.241783092300000029e-26
2.290000000000000000e+02 2.249373183430000003e-26
2.300000000000000000e+02 2.257011650329999873e-26
2.310000000000000000e+02 2.264698930090000122e-26
2.320000000000000000e+02 2.272435464859999893e-26
2.330000000000000000e+02 2.280221701859999880e-26
2.340000000000000000e+02 2.288058093449999923e-26
2.350000000000000000e+02 2.295945097230000108e-26
2.360000000000000000e+02 2.303883176110000083e-26
2.370000000000000000e+02 2.311872798360000041e-26
2.380000000000000000e+02 2.319914437700000078e-26
2.390000000000000000e+02 2.328008573380000105e-26
2.400000000000000000e+02 2.336155690250000018e-26
2.410000000000000000e+02 2.344356278849999921e-26
2.420000000000000000e+02 2.352610835469999985e-26
2.430000000000000000e+02 2.360919862269999884e-26
2.440000000000000000e+02 2.369283867299999988e-26
2.450000000000000000e+02 2.377703364660000039e-26
2.460000000000000000e+02 2.386178874520000059e-26
2.470000000000000000e+02 2.394710923260000119e-26
2.480000000000000000e+02 2.403300043509999866e-26
2.490000000000000000e+02 2.411946774279999987e-26
2.500000000000000000e+02 2.420651661030000089e-26
2.510000000000000000e+02 2.429415255780000112e-26
2.520000000000000000e+02 2.438238117179999934e-26
2.530000000000000000e+02 2.447120810619999922e-26
2.540000000000000000e+02 2.456063908340000058e-26
2.550000000000000000e+02 2.465067989519999872e-26
2.560000000000000000e+02 2.474133640370000098e-26
2.570000000000000000e+02 2.483261454260000124e-26
2.580000000000000000e+02 2.492452031779999860e-26
2.590000000000000000e+02 2.501705980900000134e-26
2.600000000000000000e+02 2.511023917050000017e-26
2.610000000000000000e+02 2.520406463239999986e-26
2.620000000000000000e+02 2.529854250140000115e-26
2.630000000000000000e+02 2.539367916249999917e-26
2.640000000000000000e+02 2.548948107979999976e-26
2.650000000000000000e+02 2.558595479779999970e-26
2.660000000000000000e+02 2.568310694250000090e-26
2.670000000000000000e+02 2.578094422269999923e-26
2.680000000000000000e+02 2.587947343120000184e-26
2.690000000000000000e+02 2.597870144629999928e-26
2.700000000000000000e+02 2.607863523279999949e-26
2.710000000000000000e+02 2.617928184340000257e-26
2.720000000000000000e+02 2.628064841999999823e-26
2.730000000000000000e+02 2.638274219540000156e-26
2.740000000000000000e+02 2.648557049400000016e-26
2.750000000000000000e+02 2.658914073399999979e-26
2.760000000000000000e+02 2.669346042830000071e-26
2.770000000000000000e+02 2.679853718610000164e-26
2.780000000000000000e+02 2.690437871449999794e-26
2.790000000000000000e+02 2.701099281990000226e-26
2.800000000000000000e+02 2.711838740949999944e-26
2.810000000000000000e+02 2.722657049310000262e-26
2.820000000000000000e+02 2.733555018449999926e-26
2.830000000000000000e+02 2.744533470310000097e-26
2.840000000000000000e+02 2.755593237570000205e-26
2.850000000000000000e+02 2.766735163819999801e-26
2.860000000000000000e+02 2.777960103720000096e-26
2.870000000000000000e+02 2.789268923170000077e-26
2.880000000000000000e+02 2.800662499529999915e-26
2.890000000000000000e+02 2.812141721729999801e-26
2.900000000000000000e+02 2.823707490539999750e-26
2.910000000000000000e+02 2.835360718689999894e-26
2.920000000000000000e+02 2.847102331089999875e-26
2.930000000000000000e+02 2.858933265029999911e-26
2.940000000000000000e+02 2.870854470369999830e-26
2.950000000000000000e+02 2.882866909760000178e-26
2.960000000000000000e+02 2.894971558830000112e-26
2.970000000000000000e+02 2.907169406390000180e-26
2.980000000000000000e+02 2.919461454670000046e-26
2.990000000000000000e+02 2.931848719560000222e-26
3.000000000000000000e+02 2.944332230750000123e-26
3.010000000000000000e+02 2.956913032059999734e-26
3.020000000000000000e+02 2.969592181609999743e-26
3.030000000000000000e+02 2.982370752059999832e-26
3.040000000000000000e+02 2.995249830880000207e-26
3.050000000000000000e+02 3.008230520569999836e-26
3.060000000000000000e+02 3.021313938919999964e-26
3.070000000000000000e+02 3.034501219270000155e-26
3.080000000000000000e+02 3.047793510759999771e-26
3.090000000000000000e+02 3.061191978620000118e-26
3.100000000000000000e+02 3.074697804409999869e-26
3.110000000000000000e+02 3.088312186299999771e-26
3.120000000000000000e+02 3.102036339389999990e-26
3.130000000000000000e+02 3.115871495939999811e-26
3.140000000000000000e+02 3.129818905719999934e-26
3.150000000000000000e+02 3.143879836279999983e-26
3.160000000000000000e+02 3.158055573229999766e-26
3.170000000000000000e+02 3.172347420609999898e-26
3.180000000000000000e+02 3.186756701170000191e-26
3.190000000000000000e+02 3.201284756689999872e-26
3.200000000000000000e+02 3.215932948329999872e-26
3.210000000000000000e+02 3.230702656959999907e-26
3.220000000000000000e+02 3.245595283510000204e-26
3.230000000000000000e+02 3.260612249289999985e-26
3.240000000000000000e+02 3.275754996399999915e-26
3.250000000000000000e+02 3.291024988059999751e-26
3.260000000000000000e+02 3.306423709000000165e-26
3.270000000000000000e+02 3.321952665800000135e-26
3.280000000000000000e+02 3.337613387360000108e-26
3.290000000000000000e+02 3.353407425230000227e-26
3.300000000000000000e+02 3.369336354019999909e-26
3.310000000000000000e+02 3.385401771860000114e-26
3.320000000000000000e+02 3.401605300760000222e-26
3.330000000000000000e+02 3.417948587109999829e-26
3.340000000000000000e+02 3.434433302049999944e-26
3.350000000000000000e+02 3.451061141990000253e-26
3.360000000000000000e+02 3.467833828999999784e-26
3.370000000000000000e+02 3.484753111340000225e-26
3.380000000000000000e+02 3.501820763889999801e-26
3.390000000000000000e+02 3.519038588700000082e-26
3.400000000000000000e+02 3.536408415430000173e-26
3.410000000000000000e+02 3.553932101869999716e-26
3.420000000000000000e+02 3.571611534519999741e-26
3.430000000000000000e+02 3.589448629040000042e-26
3.440000000000000000e+02 3.607445330870000124e-26
3.450000000000000000e+02 3.625603615729999859e-26
3.460000000000000000e+02 3.643925492009999908e-26
3.470000000000000000e+02 3.662412992489999738e-26
3.480000000000000000e+02 3.681068192499999777e-26
3.490000000000000000e+02 3.699893595489999842e-26
3.500000000000000000e+02 3.718890130400000010e-26
3.510000000000000000e+02 3.738061174300000261e-26
3.520000000000000000e+02 3.757408541130000102e-26
3.530000000000000000e+02 3.776934435249999917e-26
3.540000000000000000e+02 3.796641168000000102e-26
3.550000000000000000e+02 3.816531047549999863e-26
3.560000000000000000e+02 3.836606399119999840e-26
3.570000000000000000e+02 3.856869635990000109e-26
3.580000000000000000e+02 3.877323182120000015e-26
3.590000000000000000e+02 3.897969481000000114e-26
3.600000000000000000e+02 3.918811065599999873e-26
3.610000000000000000e+02 3.939850483430000049e-26
3.620000000000000000e+02 3.961090283210000067e-26
3.630000000000000000e+02 3.982533149709999917e-26
3.640000000000000000e+02 4.004181730809999909e-26
3.650000000000000000e+02 4.026038745400000076e-26
3.660000000000000000e+02 4.048106984060000126e-26
3.670000000000000000e+02 4.070389212700000272e-26
3.680000000000000000e+02 4.092888329100000201e-26
3.690000000000000000e+02 4.115607285860000001e-26
3.700000000000000000e+02 4.138548869339999918e-26
3.710000000000000000e+02 4.161716251760000197e-26
3.720000000000000000e+02 4.185112785329999998e-26
3.735000000000000000e+02 4.220672144704999776e-26
3.760000000000000000e+02 4.281139526800000466e-26
3.795000000000000000e+02 4.368360600920000538e-26
3.835000000000000000e+02 4.471837560979999907e-26
3.875000000000000000e+02 4.579664995492499872e-26
3.915000000000000000e+02 4.692097808767499767e-26
3.955000000000000000e+02 4.809407674372500034e-26
3.995000000000000000e+02 4.931891116100000330e-26
4.035000000000000000e+02 5.059862345212500318e-26
4.075000000000000000e+02 5.193663196442500608e-26
4.115000000000000000e+02 5.333661603507500105e-26
4.155000000000000000e+02 5.480259244037500510e-26
4.195000000000000000e+02 5.633911400532500368e-26
4.235000000000000000e+02 5.794988008259999656e-26
4.280000000000000000e+02 5.986030636030001028e-26
4.325000000000000000e+02 6.187575979119999889e-26
4.365000000000000000e+02 6.376769415355000236e-26
4.410000000000000000e+02 6.604106307699999809e-26
4.455000000000000000e+02 6.840566293829999556e-26
4.495000000000000000e+02 7.064550137179999603e-26
4.540000000000000000e+02 7.332273178457999750e-26
4.590000000000000000e+02 7.650470572060001099e-26
4.635000000000000000e+02 8.844943303605000671e-26
4.680000000000000000e+02 8.283171862372001176e-26
4.725000000000000000e+02 8.635396057032500525e-26
4.770000000000000000e+02 9.007065413327999707e-26
4.820000000000000000e+02 9.471308058979999972e-26
4.870000000000000000e+02 9.944076227148000789e-26
4.920000000000000000e+02 1.047975835590000158e-25
4.970000000000000000e+02 1.104866332315999904e-25
5.020000000000000000e+02 1.167947742650000092e-25
5.070000000000000000e+02 1.521671136907999901e-25
5.120000000000000000e+02 1.314020211506000143e-25
5.170000000000000000e+02 1.402620445515999813e-25
5.220000000000000000e+02 1.494159714397999960e-25
5.270000000000000000e+02 1.611677384797999988e-25
5.325000000000000000e+02 7.486929103163334221e-25
5.380000000000000000e+02 2.571318602887999831e-25
5.430000000000000000e+02 2.924798173719999794e-25
5.485000000000000000e+02 2.472406210243333414e-25
5.540000000000000000e+02 2.506025291697999841e-25
5.595000000000000000e+02 2.842481811381666390e-25
5.655000000000000000e+02 3.941610122183333618e-25
5.710000000000000000e+02 4.740480535197999769e-25
5.765000000000000000e+02 4.927203793644999875e-25
5.825000000000000000e+02 3.015153296952167015e-24
5.885000000000000000e+02 1.495700823776333356e-24
5.945000000000000000e+02 1.369984196973033151e-23
6.005000000000000000e+02 1.249738156799650036e-22
6.065000000000000000e+02 1.749524557867166828e-23
6.125000000000000000e+02 2.232289719379566721e-22
6.185000000000000000e+02 4.251079460083599319e-21
6.245000000000000000e+02 1.742233114016999967e-23
6.305000000000000000e+02 4.655179251637167154e-22
6.370000000000000000e+02 1.134601963491543006e-21
6.435000000000000000e+02 3.393371493969167213e-22
6.500000000000000000e+02 2.757479043240999773e-21
6.565000000000000000e+02 4.717904646966594768e-19
6.630000000000000000e+02 8.780251277036571446e-21
6.695000000000000000e+02 1.029146243285086562e-17
6.760000000000000000e+02 5.092013672600471557e-20
6.830000000000000000e+02 4.856923379239999942e-21
6.900000000000000000e+02 3.890735723971571012e-21
6.970000000000000000e+02 3.292179345505571488e-22
7.040000000000000000e+02 2.247979010662428696e-22
7.110000000000000000e+02 8.028819385350242133e-22
7.180000000000000000e+02 6.079499920212571594e-23
7.250000000000000000e+02 7.033835962153286300e-23
7.320000000000000000e+02 6.720582510847143248e-24
7.395000000000000000e+02 4.104115179167500478e-24
7.470000000000000000e+02 1.712749117119714587e-24
7.545000000000000000e+02 6.603008338381249924e-25
7.620000000000000000e+02 4.637162382287142565e-25
7.695000000000000000e+02 1.789059983815625043e-24
7.775000000000000000e+02 2.875361111722500464e-25
7.855000000000000000e+02 2.460143877177499984e-25
7.930000000000000000e+02 3.104776033621428678e-25
8.005000000000000000e+02 2.508728003101249578e-25
8.085000000000000000e+02 1.741249901909999743e-25
8.170000000000000000e+02 1.577219984225555770e-25
8.255000000000000000e+02 1.363853251365000219e-25
8.335000000000000000e+02 1.242748573637500182e-25
8.415000000000000000e+02 1.142326077188750043e-25
8.500000000000000000e+02 1.048686772793333500e-25
8.585000000000000000e+02 9.699303497669998907e-26
8.670000000000000000e+02 9.038453675375555516e-26
8.760000000000000000e+02 8.400975600887778366e-26
8.850000000000000000e+02 7.864967570849999817e-26
8.935000000000000000e+02 7.509142509082499944e-26
9.020000000000000000e+02 7.157570772038889716e-26
9.115000000000000000e+02 6.637253908189999395e-26
9.210000000000000000e+02 6.658442566261111302e-26
9.300000000000000000e+02 2.458498699940822043e-24
9.390000000000000000e+02 5.907339332937778479e-26
9.485000000000000000e+02 1.388865531368399646e-25
9.580000000000000000e+02 9.457576966674443827e-26
9.675000000000000000e+02 6.682331327806000197e-26
9.775000000000000000e+02 5.910773040308999518e-26
9.870000000000000000e+02 4.825801423648889192e-26
9.965000000000000000e+02 4.641872820739000081e-26
1.006500000000000000e+03 4.556744045334000186e-26
1.016500000000000000e+03 4.417177696555000480e-26
1.027000000000000000e+03 4.293310009585455215e-26
1.037500000000000000e+03 4.389912954797001622e-26
1.047500000000000000e+03 1.450195126769399873e-25
1.058000000000000000e+03 7.124290453470001044e-26
1.069000000000000000e+03 3.421363940842273287e-25
1.079500000000000000e+03 5.173783173430399561e-25
1.090000000000000000e+03 2.757878131396308386e-24
1.101000000000000000e+03 3.798765957031818129e-26
1.112000000000000000e+03 3.632187997087272662e-26
1.123000000000000000e+03 3.598298224390908916e-26
1.134500000000000000e+03 3.569984921877500041e-26
1.146000000000000000e+03 3.547834040044545724e-26
1.157500000000000000e+03 3.531560884643333131e-26
1.169000000000000000e+03 3.520626735410000032e-26
1.180500000000000000e+03 3.514947359263332739e-26
1.192500000000000000e+03 3.514356243549999977e-26
1.204500000000000000e+03 3.537992452151666440e-26
1.216500000000000000e+03 4.330030743845832263e-26
1.228500000000000000e+03 4.346052458639165982e-26
1.240500000000000000e+03 8.613277725669167350e-26
1.253000000000000000e+03 6.105903344910153067e-25
1.266000000000000000e+03 1.487924527900692479e-25
1.278500000000000000e+03 5.703445356879167474e-26
1.291000000000000000e+03 4.423687812020770127e-26
1.304000000000000000e+03 3.732934932894614993e-26
1.317000000000000000e+03 3.781317271423076395e-26
1.330000000000000000e+03 4.137430370870769343e-26
1.343500000000000000e+03 4.756896292433571652e-26
1.357000000000000000e+03 1.039033295555384642e-25
1.370500000000000000e+03 5.730674757777928041e-25
1.384500000000000000e+03 1.962845693923928320e-24
1.398500000000000000e+03 2.884134867630642732e-25
1.412500000000000000e+03 4.782126975684999993e-26
1.426500000000000000e+03 4.358405108310714514e-26
1.440500000000000000e+03 4.452044180875713637e-26
1.455000000000000000e+03 4.562331800989999813e-26
1.469500000000000000e+03 4.681055661025000925e-26
1.484000000000000000e+03 4.808116994170001092e-26
1.499000000000000000e+03 4.947341970899333256e-26
1.514000000000000000e+03 5.096296944946666840e-26
1.529000000000000000e+03 5.255081750034666551e-26
1.544500000000000000e+03 5.430291953987500495e-26
1.560000000000000000e+03 5.617389700145334122e-26
1.575500000000000000e+03 5.817506390865623722e-26
1.591500000000000000e+03 6.038505966747499403e-26
1.607500000000000000e+03 6.275449755484999481e-26
1.623500000000000000e+03 6.529654153548749586e-26
1.639500000000000000e+03 6.802609364253124814e-26
1.656000000000000000e+03 7.105625228942940529e-26
1.672500000000000000e+03 7.432189086983750492e-26
1.689000000000000000e+03 7.785143842507059172e-26
1.706000000000000000e+03 8.178788559367058902e-26
1.723000000000000000e+03 8.606299702602939027e-26
1.740500000000000000e+03 9.085946348332221907e-26
1.758000000000000000e+03 9.609779997695880887e-26
1.775500000000000000e+03 1.018801566821722342e-25
1.793500000000000000e+03 1.083606126991110931e-25
1.811500000000000000e+03 1.155495780431111256e-25
1.829500000000000000e+03 1.236316190764999692e-25
1.847500000000000000e+03 1.358176597902777756e-25
1.866000000000000000e+03 4.299020460226840745e-25
1.884500000000000000e+03 1.660715425062222233e-25
1.903000000000000000e+03 1.954707914919526483e-24
1.922000000000000000e+03 1.005643149901052448e-24
1.941500000000000000e+03 2.392142354295989866e-23
1.961000000000000000e+03 2.597063426485789704e-25
1.980500000000000000e+03 2.460554183553999841e-25
2.000500000000000000e+03 2.796399851655999432e-25
2.020500000000000000e+03 9.911042822216001055e-25
2.040500000000000000e+03 4.598157708064149894e-24
2.061000000000000000e+03 4.607353575641237834e-24
2.082000000000000000e+03 1.417653226894209133e-23
2.102500000000000000e+03 9.605954291947600406e-24
2.123500000000000000e+03 7.382481480504999666e-25
2.145000000000000000e+03 1.403465046023857307e-24
2.166500000000000000e+03 1.020520181808000188e-24
2.188000000000000000e+03 1.350638329754762107e-24
2.209500000000000000e+03 1.894004416154999884e-24
2.231500000000000000e+03 1.175616596674727505e-23
2.254000000000000000e+03 3.663431064763612888e-22
2.277000000000000000e+03 1.525671016796073500e-21
2.299500000000000000e+03 3.489689844467622764e-21
2.322500000000000000e+03 2.206606797222307088e-19
2.346000000000000000e+03 2.951662614975730512e-19
2.369000000000000000e+03 5.002469492949238623e-20
2.392500000000000000e+03 5.509858118662960191e-22
2.416500000000000000e+03 8.324219102605416674e-24
2.441000000000000000e+03 4.149482921043200853e-24
2.465500000000000000e+03 2.556120214750834170e-24
2.490000000000000000e+03 1.690043694261200364e-24
2.515000000000000000e+03 1.207760650693200187e-24
2.540000000000000000e+03 9.011123578627200880e-25
2.565500000000000000e+03 7.006485517710767498e-25
2.591500000000000000e+03 5.778190742578462826e-25
2.617500000000000000e+03 5.240698055818845378e-25
2.643500000000000000e+03 4.221567160629615687e-25
2.669500000000000000e+03 3.234596150328461860e-25
2.696000000000000000e+03 2.771080350138518918e-25
2.723000000000000000e+03 2.337576715730741110e-25
2.750500000000000000e+03 2.234209490960714595e-25
2.778000000000000000e+03 1.824177665425926189e-25
2.805500000000000000e+03 1.634870150292142670e-25
2.834000000000000000e+03 1.397116434424482913e-25
2.862500000000000000e+03 1.247900314053928623e-25
2.891000000000000000e+03 1.122927459694482508e-25
2.920000000000000000e+03 1.014710911853482898e-25
2.949000000000000000e+03 9.223843630040001640e-26
2.978500000000000000e+03 8.754093983313332109e-26
3.008500000000000000e+03 7.709731575982666569e-26
3.038500000000000000e+03 7.088203678834665994e-26
3.068500000000000000e+03 6.565563358685333137e-26
3.099000000000000000e+03 6.096330114460967806e-26
3.130000000000000000e+03 5.917845690223549297e-26
3.161500000000000000e+03 6.339750129916874012e-26
3.193500000000000000e+03 5.765807104682814255e-26
3.225500000000000000e+03 4.797143189632187107e-26
3.257500000000000000e+03 5.161843493210000560e-26
3.290000000000000000e+03 1.266358956319939564e-25
3.323000000000000000e+03 6.199596734480909525e-26
3.356000000000000000e+03 2.860850132329727949e-25
3.389500000000000000e+03 5.173102868972058245e-26
3.423500000000000000e+03 5.179479839484411266e-26
3.458000000000000000e+03 1.195811382940739838e-24
3.492500000000000000e+03 1.126206718476902106e-23
3.527000000000000000e+03 8.371696551962384794e-23
3.562500000000000000e+03 2.507497502815701895e-22
3.598500000000000000e+03 4.892026997075943965e-22
3.634500000000000000e+03 5.548862932373123023e-22
3.670500000000000000e+03 3.400231986965304510e-23
3.707000000000000000e+03 2.590827709357223496e-19
3.744500000000000000e+03 5.326752488081967173e-20
3.782000000000000000e+03 1.783367854821891398e-25
3.819500000000000000e+03 8.793416954783947515e-26
3.858000000000000000e+03 6.069001450028459385e-26
3.896500000000000000e+03 3.743748611087368111e-26
3.935000000000000000e+03 2.817714372351794715e-26
3.974500000000000000e+03 2.447067798845750679e-26
4.014500000000000000e+03 4.140198071193249885e-26
4.054500000000000000e+03 1.792575076033250133e-26
4.095000000000000000e+03 1.610789057794146259e-26
4.136000000000000000e+03 1.526283926854878010e-26
4.177500000000000000e+03 1.365990028784047151e-26
4.219500000000000000e+03 1.257372069382857315e-26
4.261500000000000000e+03 1.173740604327142722e-26
4.304000000000000000e+03 1.101174912399069827e-26
4.347000000000000000e+03 1.040517659833255678e-26
4.390500000000000000e+03 1.001992808709818264e-26
4.434500000000000000e+03 9.342948958468410329e-27
4.479000000000000000e+03 2.263239682808510705e-26
4.524000000000000000e+03 9.316652210497776960e-27
4.569000000000000000e+03 8.945367536153777141e-27
4.614500000000000000e+03 7.710024218195762318e-26
4.660500000000000000e+03 1.872573076796898257e-25
4.707000000000000000e+03 5.638092132564255248e-26
4.754500000000000000e+03 8.592033927015937522e-26
4.802000000000000000e+03 4.510467116340627814e-24
4.850000000000000000e+03 1.144875004400073827e-22
4.898500000000000000e+03 6.140722237443517564e-24
4.947500000000000000e+03 5.508055463943172020e-23
4.997000000000000000e+03 2.548770705487602678e-23
5.047000000000000000e+03 7.787966675393803867e-25
5.097500000000000000e+03 1.269801752743674131e-23
5.148000000000000000e+03 9.784895151267345409e-24
5.199500000000000000e+03 1.286707138911884832e-26
5.251500000000000000e+03 5.100964386690596107e-26
5.304000000000000000e+03 9.637984126496643190e-26
5.357500000000000000e+03 1.275332969062685311e-26
5.411000000000000000e+03 3.992705998864340273e-27
5.465000000000000000e+03 3.827809154443455199e-27
5.520000000000000000e+03 3.736559244058545527e-27
5.575000000000000000e+03 4.263113080594909255e-27
5.630500000000000000e+03 3.453584925030356464e-27
5.687000000000000000e+03 3.297181604827191620e-27
5.744000000000000000e+03 3.172342589199297913e-27
5.801500000000000000e+03 3.126363527789138375e-27
5.859500000000000000e+03 1.043773434575896582e-26
5.918000000000000000e+03 1.142980017661678050e-26
5.977000000000000000e+03 2.041702961737915264e-26
6.036500000000000000e+03 1.108166850779433197e-26
6.097000000000000000e+03 1.171848627716469446e-24
6.158000000000000000e+03 1.492414005104918422e-26
6.219500000000000000e+03 4.485682193412004439e-25
6.282000000000000000e+03 1.707832631361174077e-24
6.345000000000000000e+03 3.849777277928865050e-24
6.408500000000000000e+03 1.499760466366798241e-26
6.472500000000000000e+03 2.023884089310390455e-26
6.537000000000000000e+03 5.361658156549322218e-26
6.602500000000000000e+03 2.371041925414545974e-27
6.668500000000000000e+03 7.493141098584002266e-26
6.735000000000000000e+03 6.580669840166417936e-27
6.802500000000000000e+03 1.427913529204427514e-26
6.870500000000000000e+03 1.592919431890563280e-25
6.939000000000000000e+03 6.888778758209245187e-23
7.008500000000000000e+03 1.738260806911849756e-24
7.078500000000000000e+03 1.671412077487143265e-27
7.149500000000000000e+03 1.788326837941388527e-27
7.221000000000000000e+03 1.617335089984366027e-27
7.293000000000000000e+03 1.465174045056589267e-26
7.366000000000000000e+03 1.646115934097397456e-27
7.439500000000000000e+03 4.932403398661215295e-27
7.514000000000000000e+03 2.861560580089334006e-27
7.589500000000000000e+03 2.050876582442486840e-25
7.665500000000000000e+03 1.400768253856841540e-27
7.742000000000000000e+03 1.410178566620338692e-25
7.819500000000000000e+03 1.230139994985640894e-27
7.897500000000000000e+03 1.453216394156539062e-27
7.976500000000000000e+03 4.411528800434499127e-27
8.056500000000000000e+03 9.779299402775751737e-27
8.137000000000000000e+03 3.483628603596555332e-26
8.218000000000000000e+03 5.665423132061930704e-25
8.300000000000000000e+03 1.176489841308952455e-24
8.383500000000000000e+03 9.848862248090235580e-28
8.467500000000000000e+03 1.015656474148893021e-27
8.552000000000000000e+03 9.402421605173176936e-28
8.637500000000000000e+03 1.093985388686162685e-27
8.724000000000000000e+03 1.019640110064010757e-27
8.811000000000000000e+03 1.054510831327999650e-27
8.899000000000000000e+03 8.401713634572132755e-28
8.988000000000000000e+03 1.561606259859055836e-27
9.078000000000000000e+03 9.994562167909668703e-28
9.169000000000000000e+03 8.645554244862745543e-28
9.260500000000000000e+03 7.686942233822174473e-28
9.353000000000000000e+03 7.997953428443052732e-27
9.446500000000000000e+03 1.673540966297404553e-27
9.541000000000000000e+03 8.455434349941547046e-27
9.636500000000000000e+03 2.060502894304000535e-27
9.733000000000000000e+03 6.550546477461853670e-28
9.830000000000000000e+03 6.381508536167114315e-28
9.928000000000000000e+03 6.217679142610102278e-28
9.989000000000000000e+03 6.118661414689564701e-28
