1.000000000000000000e+01 9.284761455320000116e-25
1.100000000000000000e+01 9.304073954990000284e-25
1.200000000000000000e+01 9.322336652809999658e-25
1.300000000000000000e+01 9.341203293820000187e-25
1.400000000000000000e+01 9.361554030789999680e-25
1.500000000000000000e+01 9.379164353850000242e-25
1.600000000000000000e+01 9.398368254780000282e-25
1.700000000000000000e+01 9.418398085129999255e-25
1.800000000000000000e+01 9.436647083149999639e-25
1.900000000000000000e+01 9.456339966119999961e-25
2.000000000000000000e+01 9.475791452349999764e-25
2.100000000000000000e+01 9.494812923580000323e-25
2.200000000000000000e+01 9.515339672010000889e-25
2.300000000000000000e+01 9.534140962050000475e-25
2.400000000000000000e+01 9.553680946250000504e-25
2.500000000000000000e+01 9.575557189520000208e-25
2.600000000000000000e+01 9.593329774529999794e-25
2.700000000000000000e+01 9.613271594000000442e-25
2.800000000000000000e+01 9.634634196399999206e-25
2.900000000000000000e+01 9.653301445420000913e-25
3.000000000000000000e+01 9.673616830509999319e-25
3.100000000000000000e+01 9.694173631990000786e-25
3.200000000000000000e+01 9.714037397929999404e-25
3.300000000000000000e+01 9.734764480139999622e-25
3.400000000000000000e+01 9.755072394650000738e-25
3.500000000000000000e+01 9.775540307920000854e-25
3.600000000000000000e+01 9.796811596069999207e-25
3.700000000000000000e+01 9.816975913919999930e-25
3.800000000000000000e+01 9.837820117550000908e-25
3.900000000000000000e+01 9.859035303580000385e-25
4.000000000000000000e+01 9.879754672039999754e-25
4.100000000000000000e+01 9.900891464369999790e-25
4.200000000000000000e+01 9.922106373850000581e-25
4.300000000000000000e+01 9.943338863090000778e-25
4.400000000000000000e+01 9.964770776279999586e-25
4.500000000000000000e+01 9.986184383269999358e-25
4.600000000000000000e+01 1.000773116209999937e-24
4.700000000000000000e+01 1.002945800800000015e-24
4.800000000000000000e+01 1.005111224279999977e-24
4.900000000000000000e+01 1.007294044110000019e-24
5.000000000000000000e+01 1.009486943260000088e-24
5.100000000000000000e+01 1.011687337930000074e-24
5.200000000000000000e+01 1.013898370369999918e-24
5.300000000000000000e+01 1.016118342190000077e-24
5.400000000000000000e+01 1.018347847679999925e-24
5.500000000000000000e+01 1.020587500240000030e-24
5.600000000000000000e+01 1.022835702649999933e-24
5.700000000000000000e+01 1.025094055400000013e-24
5.800000000000000000e+01 1.027362214090000027e-24
5.900000000000000000e+01 1.029639905460000042e-24
6.000000000000000000e+01 1.031927556049999950e-24
6.100000000000000000e+01 1.034225059409999997e-24
6.200000000000000000e+01 1.036532509920000065e-24
6.300000000000000000e+01 1.038850014359999929e-24
6.400000000000000000e+01 1.041177518320000018e-24
6.500000000000000000e+01 1.043515195120000083e-24
6.600000000000000000e+01 1.045863077759999990e-24
6.700000000000000000e+01 1.048221217089999972e-24
6.800000000000000000e+01 1.050589694640000030e-24
6.900000000000000000e+01 1.052968571789999996e-24
7.000000000000000000e+01 1.055357915370000000e-24
7.100000000000000000e+01 1.057757793049999984e-24
7.200000000000000000e+01 1.060168273070000040e-24
7.300000000000000000e+01 1.062589424269999943e-24
7.400000000000000000e+01 1.065021316030000084e-24
7.500000000000000000e+01 1.067464018339999955e-24
7.600000000000000000e+01 1.069917601759999930e-24
7.700000000000000000e+01 1.072382137460000034e-24
7.800000000000000000e+01 1.074857697209999978e-24
7.900000000000000000e+01 1.077344353359999954e-24
8.000000000000000000e+01 1.079842178910000042e-24
8.100000000000000000e+01 1.082351247440000073e-24
8.200000000000000000e+01 1.084871633179999945e-24
8.300000000000000000e+01 1.087403410990000062e-24
8.400000000000000000e+01 1.089946656360000046e-24
8.500000000000000000e+01 1.092501445410000022e-24
8.600000000000000000e+01 1.095067854940000086e-24
8.700000000000000000e+01 1.097645962390000071e-24
8.800000000000000000e+01 1.100235845869999999e-24
8.900000000000000000e+01 1.102837584149999929e-24
9.000000000000000000e+01 1.105451256700000010e-24
9.100000000000000000e+01 1.108076943639999911e-24
9.200000000000000000e+01 1.110714725820000028e-24
9.300000000000000000e+01 1.113364684760000024e-24
9.400000000000000000e+01 1.116026902699999958e-24
9.500000000000000000e+01 1.118701462599999911e-24
9.600000000000000000e+01 1.121388448139999989e-24
9.700000000000000000e+01 1.124087943700000021e-24
9.800000000000000000e+01 1.126800034449999997e-24
9.900000000000000000e+01 1.129524806250000031e-24
1.000000000000000000e+02 1.132262345750000031e-24
1.010000000000000000e+02 1.135012740340000048e-24
1.020000000000000000e+02 1.137776078189999961e-24
1.030000000000000000e+02 1.140552448250000026e-24
1.040000000000000000e+02 1.143341940249999960e-24
1.050000000000000000e+02 1.146144644690000075e-24
1.060000000000000000e+02 1.148960652919999913e-24
1.070000000000000000e+02 1.151790057059999980e-24
1.080000000000000000e+02 1.154632950060000075e-24
1.090000000000000000e+02 1.157489425709999998e-24
1.100000000000000000e+02 1.160359578629999946e-24
1.110000000000000000e+02 1.163243504279999928e-24
1.120000000000000000e+02 1.166141298969999922e-24
1.130000000000000000e+02 1.169053059899999920e-24
1.140000000000000000e+02 1.171978885120000066e-24
1.150000000000000000e+02 1.174918873579999934e-24
1.160000000000000000e+02 1.177873125099999919e-24
1.170000000000000000e+02 1.180841740419999966e-24
1.180000000000000000e+02 1.183824821199999938e-24
1.190000000000000000e+02 1.186822470000000053e-24
1.200000000000000000e+02 1.189834790339999947e-24
1.210000000000000000e+02 1.192861886649999943e-24
1.220000000000000000e+02 1.195903864340000086e-24
1.230000000000000000e+02 1.198960829770000058e-24
1.240000000000000000e+02 1.202032890289999966e-24
1.250000000000000000e+02 1.205120154220000036e-24
1.260000000000000000e+02 1.208222730879999971e-24
1.270000000000000000e+02 1.211340730600000012e-24
1.280000000000000000e+02 1.214474264720000027e-24
1.290000000000000000e+02 1.217623445640000075e-24
1.300000000000000000e+02 1.220788386760000058e-24
1.310000000000000000e+02 1.223969202550000037e-24
1.320000000000000000e+02 1.227166008569999985e-24
1.330000000000000000e+02 1.230378921409999987e-24
1.340000000000000000e+02 1.233608058790000089e-24
1.350000000000000000e+02 1.236853539509999915e-24
1.360000000000000000e+02 1.240115483490000007e-24
1.370000000000000000e+02 1.243394011779999950e-24
1.380000000000000000e+02 1.246689246560000029e-24
1.390000000000000000e+02 1.250001311170000029e-24
1.400000000000000000e+02 1.253330330119999934e-24
1.410000000000000000e+02 1.256676429079999962e-24
1.420000000000000000e+02 1.260039734949999966e-24
1.430000000000000000e+02 1.263420375780000066e-24
1.440000000000000000e+02 1.266818480900000038e-24
1.450000000000000000e+02 1.270234180820000008e-24
1.460000000000000000e+02 1.273667607350000061e-24
1.470000000000000000e+02 1.277118893509999982e-24
1.480000000000000000e+02 1.280588173649999968e-24
1.490000000000000000e+02 1.284075583360000002e-24
1.500000000000000000e+02 1.287581259590000010e-24
1.510000000000000000e+02 1.291105340569999942e-24
1.520000000000000000e+02 1.294647965879999910e-24
1.530000000000000000e+02 1.298209276469999936e-24
1.540000000000000000e+02 1.301789414640000018e-24
1.550000000000000000e+02 1.305388524080000000e-24
1.560000000000000000e+02 1.309006749890000060e-24
1.570000000000000000e+02 1.312644238579999968e-24
1.580000000000000000e+02 1.316301138089999946e-24
1.590000000000000000e+02 1.319977597839999948e-24
1.600000000000000000e+02 1.323673768680000012e-24
1.610000000000000000e+02 1.327389802979999960e-24
1.620000000000000000e+02 1.331125854590000083e-24
1.630000000000000000e+02 1.334882078900000028e-24
1.640000000000000000e+02 1.338658632829999926e-24
1.650000000000000000e+02 1.342455674870000084e-24
1.660000000000000000e+02 1.346273365069999912e-24
1.670000000000000000e+02 1.350111865099999932e-24
1.680000000000000000e+02 1.353971338230000004e-24
1.690000000000000000e+02 1.357851949369999935e-24
1.700000000000000000e+02 1.361753865089999956e-24
1.710000000000000000e+02 1.365677253629999963e-24
1.720000000000000000e+02 1.369622284919999998e-24
1.730000000000000000e+02 1.373589130619999933e-24
1.740000000000000000e+02 1.377577964120000025e-24
1.750000000000000000e+02 1.381588960580000046e-24
1.760000000000000000e+02 1.385622296920000054e-24
1.770000000000000000e+02 1.389678151880000007e-24
1.780000000000000000e+02 1.393756706029999923e-24
1.790000000000000000e+02 1.397858141749999935e-24
1.800000000000000000e+02 1.401982643329999970e-24
1.810000000000000000e+02 1.406130396949999997e-24
1.820000000000000000e+02 1.410301590670000058e-24
1.830000000000000000e+02 1.414496414539999908e-24
1.840000000000000000e+02 1.418715060539999947e-24
1.850000000000000000e+02 1.422957722650000070e-24
1.860000000000000000e+02 1.427224596860000006e-24
1.870000000000000000e+02 1.431515881209999915e-24
1.880000000000000000e+02 1.435831775799999994e-24
1.890000000000000000e+02 1.440172482810000038e-24
1.900000000000000000e+02 1.444538206559999986e-24
1.910000000000000000e+02 1.448929153499999943e-24
1.920000000000000000e+02 1.453345532239999908e-24
1.930000000000000000e+02 1.457787553609999938e-24
1.940000000000000000e+02 1.462255430659999967e-24
1.950000000000000000e+02 1.466749378700000042e-24
1.960000000000000000e+02 1.471269615309999920e-24
1.970000000000000000e+02 1.475816360399999977e-24
1.980000000000000000e+02 1.480389836199999955e-24
1.990000000000000000e+02 1.484990267359999915e-24
2.000000000000000000e+02 1.489617880869999954e-24
2.010000000000000000e+02 1.494272906220000042e-24
2.020000000000000000e+02 1.498955575309999955e-24
2.030000000000000000e+02 1.503666122589999915e-24
2.040000000000000000e+02 1.508404785000000051e-24
2.050000000000000000e+02 1.513171802059999924e-24
2.060000000000000000e+02 1.517967415900000076e-24
2.070000000000000000e+02 1.522791871260000015e-24
2.080000000000000000e+02 1.527645415579999937e-24
2.090000000000000000e+02 1.532528298949999970e-24
2.100000000000000000e+02 1.537440774250000089e-24
2.110000000000000000e+02 1.542383097100000086e-24
2.120000000000000000e+02 1.547355525940000053e-24
2.130000000000000000e+02 1.552358322070000057e-24
2.140000000000000000e+02 1.557391749649999965e-24
2.150000000000000000e+02 1.562456075790000061e-24
2.160000000000000000e+02 1.567551570549999945e-24
2.170000000000000000e+02 1.572678506990000026e-24
2.180000000000000000e+02 1.577837161220000067e-24
2.190000000000000000e+02 1.583027812439999973e-24
2.200000000000000000e+02 1.588250742959999913e-24
2.210000000000000000e+02 1.593506238259999935e-24
2.220000000000000000e+02 1.598794587049999954e-24
2.230000000000000000e+02 1.604116081280000088e-24
2.240000000000000000e+02 1.609471016200000092e-24
2.250000000000000000e+02 1.614859690399999961e-24
2.260000000000000000e+02 1.620282405869999919e-24
2.270000000000000000e+02 1.625739468029999951e-24
2.280000000000000000e+02 1.631231185789999975e-24
2.290000000000000000e+02 1.636757871569999959e-24
2.300000000000000000e+02 1.642319841409999927e-24
2.310000000000000000e+02 1.647917414950000026e-24
2.320000000000000000e+02 1.653550915499999927e-24
2.330000000000000000e+02 1.659220670139999968e-24
2.340000000000000000e+02 1.664927009699999934e-24
2.350000000000000000e+02 1.670670268869999980e-24
2.360000000000000000e+02 1.676450786199999896e-24
2.370000000000000000e+02 1.682268904220000002e-24
2.380000000000000000e+02 1.688124969440000043e-24
2.390000000000000000e+02 1.694019332419999877e-24
2.400000000000000000e+02 1.699952347860000103e-24
2.410000000000000000e+02 1.705924374599999850e-24
2.420000000000000000e+02 1.711935775729999912e-24
2.430000000000000000e+02 1.717986918639999823e-24
2.440000000000000000e+02 1.724078175059999934e-24
2.450000000000000000e+02 1.730209921129999898e-24
2.460000000000000000e+02 1.736382537490000022e-24
2.470000000000000000e+02 1.742596409289999957e-24
2.480000000000000000e+02 1.748851926339999849e-24
2.490000000000000000e+02 1.755149483059999962e-24
2.500000000000000000e+02 1.761489478669999862e-24
2.510000000000000000e+02 1.767872317180000108e-24
2.520000000000000000e+02 1.774298407460000002e-24
2.530000000000000000e+02 1.780768163380000064e-24
2.540000000000000000e+02 1.787282003800000050e-24
2.550000000000000000e+02 1.793840352679999871e-24
2.560000000000000000e+02 1.800443639180000004e-24
2.570000000000000000e+02 1.807092297690000107e-24
2.580000000000000000e+02 1.813786767930000157e-24
2.590000000000000000e+02 1.820527495029999824e-24
2.600000000000000000e+02 1.827314929610000042e-24
2.610000000000000000e+02 1.834149527850000026e-24
2.620000000000000000e+02 1.841031751609999818e-24
2.630000000000000000e+02 1.847962068440000068e-24
2.640000000000000000e+02 1.854940951759999973e-24
2.650000000000000000e+02 1.861968880870000004e-24
2.660000000000000000e+02 1.869046341089999972e-24
2.670000000000000000e+02 1.876173823810000153e-24
2.680000000000000000e+02 1.883351826619999940e-24
2.690000000000000000e+02 1.890580853369999854e-24
2.700000000000000000e+02 1.897861414309999979e-24
2.710000000000000000e+02 1.905194026129999831e-24
2.720000000000000000e+02 1.912579212100000104e-24
2.730000000000000000e+02 1.920017502170000140e-24
2.740000000000000000e+02 1.927509433040000079e-24
2.750000000000000000e+02 1.935055548319999975e-24
2.760000000000000000e+02 1.942656398570000028e-24
2.770000000000000000e+02 1.950312541449999909e-24
2.780000000000000000e+02 1.958024541849999985e-24
2.790000000000000000e+02 1.965792971919999936e-24
2.800000000000000000e+02 1.973618411300000021e-24
2.810000000000000000e+02 1.981501447130000124e-24
2.820000000000000000e+02 1.989442674240000055e-24
2.830000000000000000e+02 1.997442695219999862e-24
2.840000000000000000e+02 2.005502120599999982e-24
2.850000000000000000e+02 2.013621568909999942e-24
2.860000000000000000e+02 2.021801666870000118e-24
2.870000000000000000e+02 2.030043049470000007e-24
2.880000000000000000e+02 2.038346360129999905e-24
2.890000000000000000e+02 2.046712250829999929e-24
2.900000000000000000e+02 2.055141382249999926e-24
2.910000000000000000e+02 2.063634423899999962e-24
2.920000000000000000e+02 2.072192054270000017e-24
2.930000000000000000e+02 2.080814960969999889e-24
2.940000000000000000e+02 2.089503840890000140e-24
2.950000000000000000e+02 2.098259400340000169e-24
2.960000000000000000e+02 2.107082355209999887e-24
2.970000000000000000e+02 2.115973431120000146e-24
2.980000000000000000e+02 2.124933363590000159e-24
2.990000000000000000e+02 2.133962898179999981e-24
3.000000000000000000e+02 2.143062790710000152e-24
3.010000000000000000e+02 2.152233807339999965e-24
3.020000000000000000e+02 2.161476724849999856e-24
3.030000000000000000e+02 2.170792330729999821e-24
3.040000000000000000e+02 2.180181423379999861e-24
3.050000000000000000e+02 2.189644812349999929e-24
3.060000000000000000e+02 2.199183318429999819e-24
3.070000000000000000e+02 2.208797773910000150e-24
3.080000000000000000e+02 2.218489022770000086e-24
3.090000000000000000e+02 2.228257920840000123e-24
3.100000000000000000e+02 2.238105336030000041e-24
3.110000000000000000e+02 2.248032148539999873e-24
3.120000000000000000e+02 2.258039251049999831e-24
3.130000000000000000e+02 2.268127548939999950e-24
3.140000000000000000e+02 2.278297960539999822e-24
3.150000000000000000e+02 2.288551417280000117e-24
3.160000000000000000e+02 2.298888863999999920e-24
3.170000000000000000e+02 2.309311259139999962e-24
3.180000000000000000e+02 2.319819574960000058e-24
3.190000000000000000e+02 2.330414797830000179e-24
3.200000000000000000e+02 2.341097928420000013e-24
3.210000000000000000e+02 2.351869982020000112e-24
3.220000000000000000e+02 2.362731988719999842e-24
3.230000000000000000e+02 2.373684993740000148e-24
3.240000000000000000e+02 2.384730057640000114e-24
3.250000000000000000e+02 2.395868256650000103e-24
3.260000000000000000e+02 2.407100682900000086e-24
3.270000000000000000e+02 2.418428444720000122e-24
3.280000000000000000e+02 2.429852666960000047e-24
3.290000000000000000e+02 2.441374491239999937e-24
3.300000000000000000e+02 2.452995076279999941e-24
3.310000000000000000e+02 2.464715598200000038e-24
3.320000000000000000e+02 2.476537250860000014e-24
3.330000000000000000e+02 2.488461246150000170e-24
3.340000000000000000e+02 2.500488814339999985e-24
3.350000000000000000e+02 2.512621204389999859e-24
3.360000000000000000e+02 2.524859684350000161e-24
3.370000000000000000e+02 2.537205541659999881e-24
3.380000000000000000e+02 2.549660083539999940e-24
3.390000000000000000e+02 2.562224637370000109e-24
3.400000000000000000e+02 2.574900551050000025e-24
3.410000000000000000e+02 2.587689193450000110e-24
3.420000000000000000e+02 2.600591954850000120e-24
3.430000000000000000e+02 2.613610247660000091e-24
3.440000000000000000e+02 2.626745508130000051e-24
3.450000000000000000e+02 2.639999210609999868e-24
3.460000000000000000e+02 2.653375916850000126e-24
3.470000000000000000e+02 2.666867926700000153e-24
3.480000000000000000e+02 2.680485829890000084e-24
3.490000000000000000e+02 2.694239819780000134e-24
3.500000000000000000e+02 2.708096777719999865e-24
3.510000000000000000e+02 2.722092987270000033e-24
3.520000000000000000e+02 2.736228836980000145e-24
3.530000000000000000e+02 2.750474744729999878e-24
3.540000000000000000e+02 2.764864074379999837e-24
3.550000000000000000e+02 2.779395371339999947e-24
3.560000000000000000e+02 2.794046481530000151e-24
3.570000000000000000e+02 2.808844653260000023e-24
3.580000000000000000e+02 2.823787811819999854e-24
3.590000000000000000e+02 2.838859320100000083e-24
3.600000000000000000e+02 2.854083204530000165e-24
3.610000000000000000e+02 2.869459122729999839e-24
3.620000000000000000e+02 2.884962238110000047e-24
3.630000000000000000e+02 2.900629295519999965e-24
3.640000000000000000e+02 2.916444731899999837e-24
3.650000000000000000e+02 2.932410093269999934e-24
3.660000000000000000e+02 2.948537995989999959e-24
3.670000000000000000e+02 2.964810512959999995e-24
3.680000000000000000e+02 2.981249859959999984e-24
3.690000000000000000e+02 2.997870524240000144e-24
3.700000000000000000e+02 3.014610131579999954e-24
3.710000000000000000e+02 3.031537451540000041e-24
3.720000000000000000e+02 3.048708956590000121e-24
3.735000000000000000e+02 3.074621999220000252e-24
3.760000000000000000e+02 3.118851532279999670e-24
3.795000000000000000e+02 3.182602958180000200e-24
3.835000000000000000e+02 3.258385770732500182e-24
3.875000000000000000e+02 3.337184962809999852e-24
3.915000000000000000e+02 3.419401198067500403e-24
3.955000000000000000e+02 3.505224227344999817e-24
3.995000000000000000e+02 3.594953211467500238e-24
4.035000000000000000e+02 3.688623487874999825e-24
4.075000000000000000e+02 3.786659036429999859e-24
4.115000000000000000e+02 3.889178114774999927e-24
4.155000000000000000e+02 3.996680626177499557e-24
4.195000000000000000e+02 4.110429681560000247e-24
4.235000000000000000e+02 4.227515513829999961e-24
4.280000000000000000e+02 4.367755275063999844e-24
4.325000000000000000e+02 4.515841009750000002e-24
4.365000000000000000e+02 4.655340024277500501e-24
4.410000000000000000e+02 4.826305100488000300e-24
4.455000000000000000e+02 5.002294509359999662e-24
4.495000000000000000e+02 5.173274200939999801e-24
4.540000000000000000e+02 5.365699001064000644e-24
4.590000000000000000e+02 5.614565239951999643e-24
4.635000000000000000e+02 5.841329107912499341e-24
4.680000000000000000e+02 6.073962335412000044e-24
4.725000000000000000e+02 6.380229901252500190e-24
4.770000000000000000e+02 6.607479479240000497e-24
4.820000000000000000e+02 7.002933290312000405e-24
4.870000000000000000e+02 7.332474498144000804e-24
4.920000000000000000e+02 7.759294705474000543e-24
4.970000000000000000e+02 8.168479693815999451e-24
5.020000000000000000e+02 8.690094755995998300e-24
5.070000000000000000e+02 9.860509169378000730e-24
5.120000000000000000e+02 1.036431967910399847e-23
5.170000000000000000e+02 1.086829322599999859e-23
5.220000000000000000e+02 1.233826117239999946e-23
5.270000000000000000e+02 1.439359293390000010e-23
5.325000000000000000e+02 1.858794344966666571e-23
5.380000000000000000e+02 1.648506813386000050e-23
5.430000000000000000e+02 3.522720072160000173e-23
5.485000000000000000e+02 2.538195123183333524e-23
5.540000000000000000e+02 2.629008138387999761e-23
5.595000000000000000e+02 3.059321973934999976e-23
5.655000000000000000e+02 5.179051059041666225e-23
5.710000000000000000e+02 9.073298635536000405e-23
5.765000000000000000e+02 1.065913744903833405e-22
5.825000000000000000e+02 2.828225994839333338e-22
5.885000000000000000e+02 3.830157326099999661e-22
5.945000000000000000e+02 1.255328974653833267e-21
6.005000000000000000e+02 2.443904046786499875e-21
6.065000000000000000e+02 1.031693925975000106e-21
6.125000000000000000e+02 2.494401564495166323e-21
6.185000000000000000e+02 1.722870893728116589e-20
6.245000000000000000e+02 2.862090218194500153e-21
6.305000000000000000e+02 1.129450110720166619e-20
6.370000000000000000e+02 1.392624114065571443e-20
6.435000000000000000e+02 2.954144654638666236e-20
6.500000000000000000e+02 8.340482408965714094e-20
6.565000000000000000e+02 1.515510190960833258e-19
6.630000000000000000e+02 3.919402209701428831e-20
6.695000000000000000e+02 6.083283589670000887e-19
6.760000000000000000e+02 1.413618907518428485e-19
6.830000000000000000e+02 1.104869246318285699e-19
6.900000000000000000e+02 8.864693852085713472e-20
6.970000000000000000e+02 3.057136341287857062e-20
7.040000000000000000e+02 1.171336863542999862e-20
7.110000000000000000e+02 4.809661603074284682e-21
7.180000000000000000e+02 9.409472916907285986e-21
7.250000000000000000e+02 1.966811400603857288e-21
7.320000000000000000e+02 1.390856493434999773e-21
7.395000000000000000e+02 1.065772184835125102e-21
7.470000000000000000e+02 6.336674892181428059e-22
7.545000000000000000e+02 2.337022015143625210e-22
7.620000000000000000e+02 1.315056580532000102e-22
7.695000000000000000e+02 8.270440796163751139e-23
7.775000000000000000e+02 4.366028780975000518e-23
7.855000000000000000e+02 2.584913774508749831e-23
7.930000000000000000e+02 6.256326068910000124e-23
8.005000000000000000e+02 2.720875971017499814e-23
8.085000000000000000e+02 1.995202852410000143e-23
8.170000000000000000e+02 1.699065066312222387e-23
8.255000000000000000e+02 1.285295640513750006e-23
8.335000000000000000e+02 9.731118720127501341e-24
8.415000000000000000e+02 8.900808008496249991e-24
8.500000000000000000e+02 7.983721923183334747e-24
8.585000000000000000e+02 7.309597855981249061e-24
8.670000000000000000e+02 6.948993422065556507e-24
8.760000000000000000e+02 6.332990406548889594e-24
8.850000000000000000e+02 6.021837481394443586e-24
8.935000000000000000e+02 6.204840784236250174e-24
9.020000000000000000e+02 6.209215544505555798e-24
9.115000000000000000e+02 5.937227408735999305e-24
9.210000000000000000e+02 8.638193045140000790e-24
9.300000000000000000e+02 2.140996451799222583e-23
9.390000000000000000e+02 9.906411329366665659e-24
9.485000000000000000e+02 2.151758645925399787e-23
9.580000000000000000e+02 6.702228309110000015e-24
9.675000000000000000e+02 1.496278135075099993e-23
9.775000000000000000e+02 1.781379270051299726e-23
9.870000000000000000e+02 5.033657043540000444e-24
9.965000000000000000e+02 3.740281532941999034e-24
1.006500000000000000e+03 3.591696078867000213e-24
1.016500000000000000e+03 4.592536541243000245e-24
1.027000000000000000e+03 4.281275359252726746e-24
1.037500000000000000e+03 6.528702730059000587e-24
1.047500000000000000e+03 2.816171144602699963e-23
1.058000000000000000e+03 1.904062979422454602e-23
1.069000000000000000e+03 2.243872401325636717e-23
1.079500000000000000e+03 3.454656954504599667e-23
1.090000000000000000e+03 2.300587150811091117e-23
1.101000000000000000e+03 3.085246601137272452e-24
1.112000000000000000e+03 2.680856582975454369e-24
1.123000000000000000e+03 2.635488338509090695e-24
1.134500000000000000e+03 2.611133512404166398e-24
1.146000000000000000e+03 2.592958243103636598e-24
1.157500000000000000e+03 2.579883186869999949e-24
1.169000000000000000e+03 2.570979756459999322e-24
1.180500000000000000e+03 2.566361429704999901e-24
1.192500000000000000e+03 2.566030988140000295e-24
1.204500000000000000e+03 2.577030504085000065e-24
1.216500000000000000e+03 2.620724569880000604e-24
1.228500000000000000e+03 2.749408779600000131e-24
1.240500000000000000e+03 3.287227963784167132e-24
1.253000000000000000e+03 3.185854044457692296e-24
1.266000000000000000e+03 3.279754108519999801e-24
1.278500000000000000e+03 3.247235774647500174e-24
1.291000000000000000e+03 2.897896848655385375e-24
1.304000000000000000e+03 2.734577127189231111e-24
1.317000000000000000e+03 2.756526134827692429e-24
1.330000000000000000e+03 2.850793627486154020e-24
1.343500000000000000e+03 3.288492548686428553e-24
1.357000000000000000e+03 3.681617000996922938e-24
1.370500000000000000e+03 3.667298307541428496e-24
1.384500000000000000e+03 3.836344167855000152e-24
1.398500000000000000e+03 3.335703753837857147e-24
1.412500000000000000e+03 3.168447248544285966e-24
1.426500000000000000e+03 3.183712686365000414e-24
1.440500000000000000e+03 3.249050037354286090e-24
1.455000000000000000e+03 3.329518105193332916e-24
1.469500000000000000e+03 3.416328403115714259e-24
1.484000000000000000e+03 3.509014560032000080e-24
1.499000000000000000e+03 3.611143980952000348e-24
1.514000000000000000e+03 3.720142971626667389e-24
1.529000000000000000e+03 3.836319164861333493e-24
1.544500000000000000e+03 3.964552739379375133e-24
1.560000000000000000e+03 4.101509564690666585e-24
1.575500000000000000e+03 4.248010070128750466e-24
1.591500000000000000e+03 4.409843198504999905e-24
1.607500000000000000e+03 4.583371668308124989e-24
1.623500000000000000e+03 4.769573792564375170e-24
1.639500000000000000e+03 4.969547670001249505e-24
1.656000000000000000e+03 5.191589142644117715e-24
1.672500000000000000e+03 5.430936716978124969e-24
1.689000000000000000e+03 5.689687271397646115e-24
1.706000000000000000e+03 5.978344343321765009e-24
1.723000000000000000e+03 6.291995039299999332e-24
1.740500000000000000e+03 6.643916650488333294e-24
1.758000000000000000e+03 7.028514399811176957e-24
1.775500000000000000e+03 7.450514488125000680e-24
1.793500000000000000e+03 7.929005040928333856e-24
1.811500000000000000e+03 8.462636059509999559e-24
1.829500000000000000e+03 9.061815287927777170e-24
1.847500000000000000e+03 9.824516982775000529e-24
1.866000000000000000e+03 1.080495758436842115e-23
1.884500000000000000e+03 1.253257093480555316e-23
1.903000000000000000e+03 3.310138918065789371e-23
1.922000000000000000e+03 2.787889375034737012e-23
1.941500000000000000e+03 2.381565014645999831e-23
1.961000000000000000e+03 1.777615691087894742e-23
1.980500000000000000e+03 1.828374652252000202e-23
2.000500000000000000e+03 2.053071658549500157e-23
2.020500000000000000e+03 2.534179570940000046e-23
2.040500000000000000e+03 8.877642677487000291e-23
2.061000000000000000e+03 1.248356451981476487e-22
2.082000000000000000e+03 1.799487216992856713e-22
2.102500000000000000e+03 5.515122173564499841e-23
2.123500000000000000e+03 5.793440151185000662e-23
2.145000000000000000e+03 6.119826994160952588e-23
2.166500000000000000e+03 7.678889578048182582e-23
2.188000000000000000e+03 1.013009001536857090e-22
2.209500000000000000e+03 1.634856561112272831e-22
2.231500000000000000e+03 1.017789094699272742e-21
2.254000000000000000e+03 8.880079210329999764e-21
2.277000000000000000e+03 1.805681328874826522e-20
2.299500000000000000e+03 1.517067155199954444e-19
2.322500000000000000e+03 1.191651053543241593e-18
2.346000000000000000e+03 1.639131789328086802e-18
2.369000000000000000e+03 1.155068121070913287e-18
2.392500000000000000e+03 1.306472451096466438e-20
2.416500000000000000e+03 6.270692152674581568e-22
2.441000000000000000e+03 3.041205899164398875e-22
2.465500000000000000e+03 1.812858669673749954e-22
2.490000000000000000e+03 1.216683690467599933e-22
2.515000000000000000e+03 8.690479023566798643e-23
2.540000000000000000e+03 6.514200758347599954e-23
2.565500000000000000e+03 5.053036438858077607e-23
2.591500000000000000e+03 4.046487212726153091e-23
2.617500000000000000e+03 3.313025117040000654e-23
2.643500000000000000e+03 2.743808481719230884e-23
2.669500000000000000e+03 2.298957619250769235e-23
2.696000000000000000e+03 1.961379647568889424e-23
2.723000000000000000e+03 1.690645601100000104e-23
2.750500000000000000e+03 1.473971163840356809e-23
2.778000000000000000e+03 1.293513374305185067e-23
2.805500000000000000e+03 1.140130057260000146e-23
2.834000000000000000e+03 1.011149221866310402e-23
2.862500000000000000e+03 9.038951525100712598e-24
2.891000000000000000e+03 8.135157030713445739e-24
2.920000000000000000e+03 7.352583941912069702e-24
2.949000000000000000e+03 6.683204056221035049e-24
2.978500000000000000e+03 6.099829946715999475e-24
3.008500000000000000e+03 5.583918811207998771e-24
3.038500000000000000e+03 5.138648046149999040e-24
3.068500000000000000e+03 4.753060311247666710e-24
3.099000000000000000e+03 4.421830530594837481e-24
3.130000000000000000e+03 4.142105057256451053e-24
3.161500000000000000e+03 3.957437654368125404e-24
3.193500000000000000e+03 3.779181928250312277e-24
3.225500000000000000e+03 3.508494985245938425e-24
3.257500000000000000e+03 3.296741692349375287e-24
3.290000000000000000e+03 3.358022991204848288e-24
3.323000000000000000e+03 3.757771822697575200e-24
3.356000000000000000e+03 5.308704042448180392e-24
3.389500000000000000e+03 3.634716033370882055e-24
3.423500000000000000e+03 3.517841812538822292e-24
3.458000000000000000e+03 7.340828118924569931e-24
3.492500000000000000e+03 6.035888017489736637e-23
3.527000000000000000e+03 2.927761527365657372e-22
3.562500000000000000e+03 1.767570482908888683e-21
3.598500000000000000e+03 1.402372944017961355e-20
3.634500000000000000e+03 1.474430571450063118e-20
3.670500000000000000e+03 1.687903674036694596e-21
3.707000000000000000e+03 2.992627528081918220e-20
3.744500000000000000e+03 1.845038149967595792e-20
3.782000000000000000e+03 1.447908225929324305e-23
3.819500000000000000e+03 6.919142105102627919e-24
3.858000000000000000e+03 3.633660498293334377e-24
3.896500000000000000e+03 2.550814786653947342e-24
3.935000000000000000e+03 2.024873404803590227e-24
3.974500000000000000e+03 1.729640938837500637e-24
4.014500000000000000e+03 1.559646439592250218e-24
4.054500000000000000e+03 1.300925353916499830e-24
4.095000000000000000e+03 1.170249962325121956e-24
4.136000000000000000e+03 1.068681321380731689e-24
4.177500000000000000e+03 9.848574265418573435e-25
4.219500000000000000e+03 9.132721857980950782e-25
4.261500000000000000e+03 8.526262272364047874e-25
4.304000000000000000e+03 7.997008439315582689e-25
4.347000000000000000e+03 7.530451279851395221e-25
4.390500000000000000e+03 7.124562513815454099e-25
4.434500000000000000e+03 6.763301761847045594e-25
4.479000000000000000e+03 6.432242328633999457e-25
4.524000000000000000e+03 6.132071728398889937e-25
4.569000000000000000e+03 6.029356289846221991e-25
4.614500000000000000e+03 7.474827007188262185e-25
4.660500000000000000e+03 7.268875085050436203e-25
4.707000000000000000e+03 7.809202281122976816e-25
4.754500000000000000e+03 2.576377771241166782e-24
4.802000000000000000e+03 2.494944653735021062e-23
4.850000000000000000e+03 1.428334855507109918e-22
4.898500000000000000e+03 2.816797323563583665e-23
4.947500000000000000e+03 3.776131602545704070e-22
4.997000000000000000e+03 4.347278796040117534e-22
5.047000000000000000e+03 1.972695613948274453e-23
5.097500000000000000e+03 1.987035206089840020e-22
5.148000000000000000e+03 2.523072274168500981e-23
5.199500000000000000e+03 4.219199121569422566e-25
5.251500000000000000e+03 4.116553387082499337e-25
5.304000000000000000e+03 1.174028270155207172e-24
5.357500000000000000e+03 3.762812798797036934e-25
5.411000000000000000e+03 2.903093906938490538e-25
5.465000000000000000e+03 2.784608162938545479e-25
5.520000000000000000e+03 2.695187381636727593e-25
5.575000000000000000e+03 2.676900205099454855e-25
5.630500000000000000e+03 2.503048782659107713e-25
5.687000000000000000e+03 2.479962926797894598e-25
5.744000000000000000e+03 2.301273946816141715e-25
5.801500000000000000e+03 2.230798111754309753e-25
5.859500000000000000e+03 2.217528907200344458e-25
5.918000000000000000e+03 2.128766012095423918e-25
5.977000000000000000e+03 2.412590727397457532e-25
6.036500000000000000e+03 4.442729059145000227e-25
6.097000000000000000e+03 6.484924208653445147e-25
6.158000000000000000e+03 5.526398735520490952e-25
6.219500000000000000e+03 6.288392476241517156e-24
6.282000000000000000e+03 8.576552257652858412e-25
6.345000000000000000e+03 8.204637489258681590e-24
6.408500000000000000e+03 3.284060525975624613e-25
6.472500000000000000e+03 5.141034127830466771e-25
6.537000000000000000e+03 5.891448353971690544e-25
6.602500000000000000e+03 1.480581337750151630e-25
6.668500000000000000e+03 1.878469872354090682e-25
6.735000000000000000e+03 2.337883503452835041e-25
6.802500000000000000e+03 2.551766389746617705e-25
6.870500000000000000e+03 5.076262269977646153e-25
6.939000000000000000e+03 1.689370362283069215e-23
7.008500000000000000e+03 1.672184132702759314e-23
7.078500000000000000e+03 1.202408835176714825e-25
7.149500000000000000e+03 1.144401893947083228e-25
7.221000000000000000e+03 1.112405302323098529e-25
7.293000000000000000e+03 1.120044165327260240e-25
7.366000000000000000e+03 1.068622481131506692e-25
7.439500000000000000e+03 1.417932712859324328e-25
7.514000000000000000e+03 1.138307157910826949e-25
7.589500000000000000e+03 2.466818536010934307e-25
7.665500000000000000e+03 9.383584120259999444e-26
7.742000000000000000e+03 1.347366325258065271e-25
7.819500000000000000e+03 8.718568888061541520e-26
7.897500000000000000e+03 8.779446037124872744e-26
7.976500000000000000e+03 8.651849196572123652e-26
8.056500000000000000e+03 9.185593513875125901e-26
8.137000000000000000e+03 2.796303684875753964e-25
8.218000000000000000e+03 7.542273255243925371e-25
8.300000000000000000e+03 8.518136732137155827e-25
8.383500000000000000e+03 7.159722386096191870e-26
8.467500000000000000e+03 6.945195106426785781e-26
8.552000000000000000e+03 6.752464721750471881e-26
8.637500000000000000e+03 6.604455584653257982e-26
8.724000000000000000e+03 6.418423041661609079e-26
8.811000000000000000e+03 6.455866183284943481e-26
8.899000000000000000e+03 6.085061138652020580e-26
8.988000000000000000e+03 6.048242382423367565e-26
9.078000000000000000e+03 5.740063196565935565e-26
9.169000000000000000e+03 5.598579576053406398e-26
9.260500000000000000e+03 5.468452199071304699e-26
9.353000000000000000e+03 5.612548292410106321e-26
9.446500000000000000e+03 5.854626107013192623e-26
9.541000000000000000e+03 7.253258332269999890e-26
9.636500000000000000e+03 5.907729764200001846e-26
9.733000000000000000e+03 4.762673603695360744e-26
9.830000000000000000e+03 4.639750869327732427e-26
9.928000000000000000e+03 4.520656958719191066e-26
9.989000000000000000e+03 4.448676357072608878e-26
