1.000000000000000000e+01 1.071355552509999982e-28
1.100000000000000000e+01 1.073907613849999954e-28
1.200000000000000000e+01 1.075696587869999908e-28
1.300000000000000000e+01 1.077872170820000016e-28
1.400000000000000000e+01 1.089606438180000034e-28
1.500000000000000000e+01 1.082252078419999891e-28
1.600000000000000000e+01 1.084475161630000046e-28
1.700000000000000000e+01 1.086988297819999999e-28
1.800000000000000000e+01 1.088883294510000048e-28
1.900000000000000000e+01 1.091181417409999901e-28
2.000000000000000000e+01 1.093424621810000001e-28
2.100000000000000000e+01 1.095593197280000055e-28
2.200000000000000000e+01 1.098078579220000068e-28
2.300000000000000000e+01 1.100133729200000054e-28
2.400000000000000000e+01 1.102384170919999920e-28
2.500000000000000000e+01 1.108274867120000028e-28
2.600000000000000000e+01 1.106957796369999921e-28
2.700000000000000000e+01 1.109258590550000047e-28
2.800000000000000000e+01 1.112875656649999917e-28
2.900000000000000000e+01 1.113876326819999903e-28
3.000000000000000000e+01 1.116220560279999911e-28
3.100000000000000000e+01 1.118841335010000005e-28
3.200000000000000000e+01 1.120884628459999935e-28
3.300000000000000000e+01 1.123282310480000015e-28
3.400000000000000000e+01 1.125636873679999930e-28
3.500000000000000000e+01 1.127981889139999926e-28
3.600000000000000000e+01 1.130707467170000014e-28
3.700000000000000000e+01 1.132763313780000105e-28
3.800000000000000000e+01 1.135168671259999893e-28
3.900000000000000000e+01 1.137648811379999976e-28
4.000000000000000000e+01 1.140008626270000040e-28
4.100000000000000000e+01 1.142446496380000093e-28
4.200000000000000000e+01 1.144894096399999938e-28
4.300000000000000000e+01 1.147346435330000062e-28
4.400000000000000000e+01 1.149817760720000093e-28
4.500000000000000000e+01 1.152290290430000011e-28
4.600000000000000000e+01 1.154777191619999895e-28
4.700000000000000000e+01 1.158384437470000029e-28
4.800000000000000000e+01 1.159783257609999897e-28
4.900000000000000000e+01 1.162302150959999977e-28
5.000000000000000000e+01 1.164832214360000064e-28
5.100000000000000000e+01 1.167371908809999958e-28
5.200000000000000000e+01 1.169923076909999980e-28
5.300000000000000000e+01 1.172484900510000095e-28
5.400000000000000000e+01 1.175057676980000092e-28
5.500000000000000000e+01 1.177642228990000085e-28
5.600000000000000000e+01 1.180236309830000072e-28
5.700000000000000000e+01 1.182842265939999891e-28
5.800000000000000000e+01 1.185459452149999978e-28
5.900000000000000000e+01 1.188087806319999958e-28
6.000000000000000000e+01 1.190727538509999993e-28
6.100000000000000000e+01 1.193378664249999950e-28
6.200000000000000000e+01 1.196041263130000039e-28
6.300000000000000000e+01 1.198715438649999899e-28
6.400000000000000000e+01 1.201401173710000107e-28
6.500000000000000000e+01 1.204098631620000065e-28
6.600000000000000000e+01 1.206807858349999916e-28
6.700000000000000000e+01 1.209528926910000022e-28
6.800000000000000000e+01 1.212261915989999949e-28
6.900000000000000000e+01 1.215006901469999891e-28
7.000000000000000000e+01 1.217763960729999919e-28
7.100000000000000000e+01 1.220533171799999903e-28
7.200000000000000000e+01 1.223314613370000083e-28
7.300000000000000000e+01 1.226108364789999944e-28
7.400000000000000000e+01 1.228914506059999893e-28
7.500000000000000000e+01 1.231733117860000039e-28
7.600000000000000000e+01 1.234564281549999961e-28
7.700000000000000000e+01 1.237408079179999949e-28
7.800000000000000000e+01 1.240264593459999987e-28
7.900000000000000000e+01 1.243133907839999992e-28
8.000000000000000000e+01 1.246016106450000031e-28
8.100000000000000000e+01 1.248911274120000094e-28
8.200000000000000000e+01 1.251819496429999998e-28
8.300000000000000000e+01 1.254740859670000049e-28
8.400000000000000000e+01 1.257675450850000035e-28
8.500000000000000000e+01 1.260623357759999912e-28
8.600000000000000000e+01 1.263584668899999901e-28
8.700000000000000000e+01 1.266559473549999943e-28
8.800000000000000000e+01 1.269547861740000027e-28
8.900000000000000000e+01 1.272549924289999978e-28
9.000000000000000000e+01 1.275565752780000006e-28
9.100000000000000000e+01 1.278595439599999939e-28
9.200000000000000000e+01 1.281639077930000106e-28
9.300000000000000000e+01 1.284696761740000002e-28
9.400000000000000000e+01 1.287768585830000083e-28
9.500000000000000000e+01 1.290854645820000084e-28
9.600000000000000000e+01 1.293955038149999920e-28
9.700000000000000000e+01 1.297069860130000025e-28
9.800000000000000000e+01 1.300199209869999888e-28
9.900000000000000000e+01 1.303343186389999977e-28
1.000000000000000000e+02 1.306501889539999930e-28
1.010000000000000000e+02 1.309675420050000022e-28
1.020000000000000000e+02 1.312863879550000051e-28
1.030000000000000000e+02 1.316067370559999894e-28
1.040000000000000000e+02 1.319285996489999954e-28
1.050000000000000000e+02 1.322519861680000051e-28
1.060000000000000000e+02 1.325769071380000090e-28
1.070000000000000000e+02 1.329033731790000067e-28
1.080000000000000000e+02 1.332313950040000066e-28
1.090000000000000000e+02 1.335609834219999930e-28
1.100000000000000000e+02 1.338921493379999932e-28
1.110000000000000000e+02 1.342249037539999994e-28
1.120000000000000000e+02 1.345592577709999915e-28
1.130000000000000000e+02 1.348952225890000043e-28
1.140000000000000000e+02 1.352328095100000049e-28
1.150000000000000000e+02 1.355720299369999933e-28
1.160000000000000000e+02 1.359128953740000026e-28
1.170000000000000000e+02 1.362554174320000104e-28
1.180000000000000000e+02 1.365996078239999936e-28
1.190000000000000000e+02 1.369454783729999981e-28
1.200000000000000000e+02 1.372930410049999906e-28
1.210000000000000000e+02 1.376423077580000072e-28
1.220000000000000000e+02 1.379932907770000057e-28
1.230000000000000000e+02 1.383460023209999913e-28
1.240000000000000000e+02 1.387004547589999925e-28
1.250000000000000000e+02 1.390566605739999953e-28
1.260000000000000000e+02 1.394146323630000102e-28
1.270000000000000000e+02 1.397743828410000058e-28
1.280000000000000000e+02 1.401359248380000093e-28
1.290000000000000000e+02 1.404992713040000061e-28
1.300000000000000000e+02 1.408644353079999964e-28
1.310000000000000000e+02 1.412314300399999949e-28
1.320000000000000000e+02 1.416002688150000099e-28
1.330000000000000000e+02 1.419709650680000079e-28
1.340000000000000000e+02 1.423435323629999948e-28
1.350000000000000000e+02 1.427179843900000034e-28
1.360000000000000000e+02 1.430943349639999924e-28
1.370000000000000000e+02 1.434725980350000060e-28
1.380000000000000000e+02 1.438527876790000030e-28
1.390000000000000000e+02 1.442349181090000056e-28
1.400000000000000000e+02 1.446190036690000080e-28
1.410000000000000000e+02 1.450050588400000004e-28
1.420000000000000000e+02 1.453930982390000023e-28
1.430000000000000000e+02 1.457831366249999963e-28
1.440000000000000000e+02 1.461751888929999945e-28
1.450000000000000000e+02 1.465692700830000064e-28
1.460000000000000000e+02 1.469653953790000054e-28
1.470000000000000000e+02 1.473635801069999954e-28
1.480000000000000000e+02 1.477638397440000017e-28
1.490000000000000000e+02 1.481661899129999912e-28
1.500000000000000000e+02 1.485706463879999970e-28
1.510000000000000000e+02 1.489772250960000066e-28
1.520000000000000000e+02 1.493859421159999957e-28
1.530000000000000000e+02 1.497968136860000074e-28
1.540000000000000000e+02 1.502098561980000061e-28
1.550000000000000000e+02 1.506250862059999912e-28
1.560000000000000000e+02 1.510425204239999964e-28
1.570000000000000000e+02 1.514621757289999895e-28
1.580000000000000000e+02 1.518840691639999966e-28
1.590000000000000000e+02 1.523082179390000013e-28
1.600000000000000000e+02 1.527346394320000008e-28
1.610000000000000000e+02 1.531633511939999962e-28
1.620000000000000000e+02 1.535943709460000025e-28
1.630000000000000000e+02 1.540277165870000058e-28
1.640000000000000000e+02 1.544634061920000079e-28
1.650000000000000000e+02 1.549014580160000042e-28
1.660000000000000000e+02 1.553418904940000067e-28
1.670000000000000000e+02 1.557847222470000001e-28
1.680000000000000000e+02 1.562299720789999971e-28
1.690000000000000000e+02 1.566776589860000071e-28
1.700000000000000000e+02 1.571278021510000014e-28
1.710000000000000000e+02 1.575804209500000038e-28
1.720000000000000000e+02 1.580355349569999911e-28
1.730000000000000000e+02 1.584931639400000045e-28
1.740000000000000000e+02 1.589533278689999938e-28
1.750000000000000000e+02 1.594160469150000086e-28
1.760000000000000000e+02 1.598813414550000079e-28
1.770000000000000000e+02 1.603492320719999954e-28
1.780000000000000000e+02 1.608197395600000086e-28
1.790000000000000000e+02 1.612928849249999965e-28
1.800000000000000000e+02 1.617686893869999989e-28
1.810000000000000000e+02 1.622471743839999904e-28
1.820000000000000000e+02 1.627283615770000049e-28
1.830000000000000000e+02 1.632122728469999889e-28
1.840000000000000000e+02 1.636989303010000051e-28
1.850000000000000000e+02 1.641883562780000092e-28
1.860000000000000000e+02 1.646805733439999944e-28
1.870000000000000000e+02 1.651756043030000052e-28
1.880000000000000000e+02 1.656734721950000023e-28
1.890000000000000000e+02 1.661742002999999984e-28
1.900000000000000000e+02 1.666778121419999911e-28
1.910000000000000000e+02 1.671843314919999977e-28
1.920000000000000000e+02 1.676937823700000107e-28
1.930000000000000000e+02 1.682061890500000099e-28
1.940000000000000000e+02 1.687215760589999961e-28
1.950000000000000000e+02 1.692399681860000038e-28
1.960000000000000000e+02 1.697613904819999898e-28
1.970000000000000000e+02 1.702858682630000012e-28
1.980000000000000000e+02 1.708134271170000094e-28
1.990000000000000000e+02 1.713440929010000099e-28
2.000000000000000000e+02 1.718778917510000023e-28
2.010000000000000000e+02 1.724148500830000018e-28
2.020000000000000000e+02 1.729549945940000053e-28
2.030000000000000000e+02 1.734983522699999937e-28
2.040000000000000000e+02 1.740449503890000107e-28
2.050000000000000000e+02 1.745948165219999950e-28
2.060000000000000000e+02 1.751479785390000055e-28
2.070000000000000000e+02 1.757044646120000095e-28
2.080000000000000000e+02 1.762643032209999955e-28
2.090000000000000000e+02 1.768275231539999959e-28
2.100000000000000000e+02 1.773941535160000108e-28
2.110000000000000000e+02 1.779642237290000072e-28
2.120000000000000000e+02 1.785377635389999998e-28
2.130000000000000000e+02 1.791148030180000060e-28
2.140000000000000000e+02 1.796953725709999916e-28
2.150000000000000000e+02 1.802795029380000059e-28
2.160000000000000000e+02 1.808672251989999919e-28
2.170000000000000000e+02 1.814585707799999896e-28
2.180000000000000000e+02 1.820535714559999907e-28
2.190000000000000000e+02 1.826522593570000075e-28
2.200000000000000000e+02 1.832546669709999945e-28
2.210000000000000000e+02 1.838608271489999960e-28
2.220000000000000000e+02 1.844707731149999905e-28
2.230000000000000000e+02 1.850845384620000025e-28
2.240000000000000000e+02 1.857021571650000042e-28
2.250000000000000000e+02 1.863236635810000053e-28
2.260000000000000000e+02 1.869490924590000100e-28
2.270000000000000000e+02 1.875784789399999950e-28
2.280000000000000000e+02 1.882118585659999895e-28
2.290000000000000000e+02 1.888492672840000093e-28
2.300000000000000000e+02 1.894907414539999906e-28
2.310000000000000000e+02 1.901363178509999928e-28
2.320000000000000000e+02 1.907860336729999983e-28
2.330000000000000000e+02 1.914399265470000033e-28
2.340000000000000000e+02 1.920980345329999962e-28
2.350000000000000000e+02 1.927603961329999934e-28
2.360000000000000000e+02 1.934270502960000068e-28
2.370000000000000000e+02 1.940980364219999995e-28
2.380000000000000000e+02 1.947733943699999997e-28
2.390000000000000000e+02 1.954531644679999912e-28
2.400000000000000000e+02 1.961373875130000023e-28
2.410000000000000000e+02 1.968261047809999965e-28
2.420000000000000000e+02 1.975193580370000090e-28
2.430000000000000000e+02 1.982171895340000006e-28
2.440000000000000000e+02 1.989196420289999959e-28
2.450000000000000000e+02 1.996267587820000042e-28
2.460000000000000000e+02 2.003385835700000007e-28
2.470000000000000000e+02 2.010551606889999936e-28
2.480000000000000000e+02 2.017765349660000048e-28
2.490000000000000000e+02 2.025027517619999917e-28
2.500000000000000000e+02 2.032338569860000071e-28
2.510000000000000000e+02 2.039698970950000203e-28
2.520000000000000000e+02 2.047109191080000092e-28
2.530000000000000000e+02 2.054569706140000074e-28
2.540000000000000000e+02 2.062080997760000150e-28
2.550000000000000000e+02 2.069643553419999899e-28
2.560000000000000000e+02 2.077257866560000185e-28
2.570000000000000000e+02 2.084924436630000136e-28
2.580000000000000000e+02 2.092643769179999973e-28
2.590000000000000000e+02 2.100416375970000017e-28
2.600000000000000000e+02 2.108242775080000158e-28
2.610000000000000000e+02 2.116123490940000197e-28
2.620000000000000000e+02 2.124059054470000098e-28
2.630000000000000000e+02 2.132050003200000013e-28
2.640000000000000000e+02 2.140096881290000068e-28
2.650000000000000000e+02 2.148200239729999952e-28
2.660000000000000000e+02 2.156360636339999814e-28
2.670000000000000000e+02 2.164578635969999862e-28
2.680000000000000000e+02 2.172854810510000023e-28
2.690000000000000000e+02 2.181189739089999994e-28
2.700000000000000000e+02 2.189584008129999802e-28
2.710000000000000000e+02 2.198038211459999843e-28
2.720000000000000000e+02 2.206552950450000112e-28
2.730000000000000000e+02 2.215128834099999898e-28
2.740000000000000000e+02 2.223766479200000052e-28
2.750000000000000000e+02 2.232466510390000090e-28
2.760000000000000000e+02 2.241229560349999912e-28
2.770000000000000000e+02 2.250056269860000042e-28
2.780000000000000000e+02 2.258947287959999869e-28
2.790000000000000000e+02 2.267903272069999911e-28
2.800000000000000000e+02 2.276924888139999947e-28
2.810000000000000000e+02 2.286012810740000039e-28
2.820000000000000000e+02 2.295167723239999905e-28
2.830000000000000000e+02 2.304390317929999837e-28
2.840000000000000000e+02 2.313681296139999831e-28
2.850000000000000000e+02 2.323041368429999964e-28
2.860000000000000000e+02 2.332471254680000078e-28
2.870000000000000000e+02 2.341971684289999825e-28
2.880000000000000000e+02 2.351543396300000031e-28
2.890000000000000000e+02 2.361187139550000048e-28
2.900000000000000000e+02 2.370903672840000028e-28
2.910000000000000000e+02 2.380693765090000056e-28
2.920000000000000000e+02 2.390558195509999858e-28
2.930000000000000000e+02 2.400497753739999946e-28
2.940000000000000000e+02 2.410513240059999985e-28
2.950000000000000000e+02 2.420605465510000162e-28
2.960000000000000000e+02 2.430775252129999894e-28
2.970000000000000000e+02 2.441023433080000095e-28
2.980000000000000000e+02 2.451350852840000083e-28
2.990000000000000000e+02 2.461758367430000087e-28
3.000000000000000000e+02 2.472246844550000163e-28
3.010000000000000000e+02 2.482817163789999900e-28
3.020000000000000000e+02 2.493470216860000151e-28
3.030000000000000000e+02 2.504206907720000033e-28
3.040000000000000000e+02 2.515028152879999910e-28
3.050000000000000000e+02 2.525934881499999841e-28
3.060000000000000000e+02 2.536928035689999873e-28
3.070000000000000000e+02 2.548008570689999849e-28
3.080000000000000000e+02 2.559177455090000137e-28
3.090000000000000000e+02 2.570435671060000214e-28
3.100000000000000000e+02 2.581784214590000068e-28
3.110000000000000000e+02 2.593224095699999903e-28
3.120000000000000000e+02 2.604756338720000204e-28
3.130000000000000000e+02 2.616381982479999867e-28
3.140000000000000000e+02 2.628102080599999967e-28
3.150000000000000000e+02 2.639917701720000100e-28
3.160000000000000000e+02 2.651829929800000026e-28
3.170000000000000000e+02 2.663839864310000038e-28
3.180000000000000000e+02 2.675948620569999920e-28
3.190000000000000000e+02 2.688157330000000008e-28
3.200000000000000000e+02 2.700467140380000123e-28
3.210000000000000000e+02 2.712879216180000206e-28
3.220000000000000000e+02 2.725394738789999805e-28
3.230000000000000000e+02 2.738014906900000173e-28
3.240000000000000000e+02 2.750740936709999945e-28
3.250000000000000000e+02 2.763574062339999821e-28
3.260000000000000000e+02 2.776515536050000144e-28
3.270000000000000000e+02 2.789566628650000209e-28
3.280000000000000000e+02 2.802728629750000219e-28
3.290000000000000000e+02 2.816002848170000141e-28
3.300000000000000000e+02 2.829390612239999993e-28
3.310000000000000000e+02 2.842893270159999926e-28
3.320000000000000000e+02 2.856512190380000078e-28
3.330000000000000000e+02 2.870248761910000080e-28
3.340000000000000000e+02 2.884104394779999830e-28
3.350000000000000000e+02 2.898080520349999894e-28
3.360000000000000000e+02 2.912178591730000028e-28
3.370000000000000000e+02 2.926400084170000048e-28
3.380000000000000000e+02 2.940746495489999807e-28
3.390000000000000000e+02 2.955219346459999952e-28
3.400000000000000000e+02 2.969820181270000119e-28
3.410000000000000000e+02 2.984550567910000135e-28
3.420000000000000000e+02 2.999412098669999903e-28
3.430000000000000000e+02 3.014406390600000174e-28
3.440000000000000000e+02 3.029535085970000175e-28
3.450000000000000000e+02 3.044799853390000099e-28
3.460000000000000000e+02 3.060202643519999993e-28
3.470000000000000000e+02 3.075744409470000028e-28
3.480000000000000000e+02 3.091427660470000001e-28
3.490000000000000000e+02 3.107301765160000003e-28
3.500000000000000000e+02 3.123225000420000070e-28
3.510000000000000000e+02 3.139342724639999813e-28
3.520000000000000000e+02 3.155610084620000072e-28
3.530000000000000000e+02 3.172025578749999842e-28
3.540000000000000000e+02 3.188594546850000198e-28
3.550000000000000000e+02 3.205318417049999778e-28
3.560000000000000000e+02 3.222197234340000084e-28
3.570000000000000000e+02 3.239235055310000001e-28
3.580000000000000000e+02 3.256433646939999935e-28
3.590000000000000000e+02 3.273793592579999817e-28
3.600000000000000000e+02 3.291318783289999998e-28
3.610000000000000000e+02 3.309011756540000076e-28
3.620000000000000000e+02 3.326870921869999983e-28
3.630000000000000000e+02 3.344902947119999962e-28
3.640000000000000000e+02 3.363108081710000130e-28
3.650000000000000000e+02 3.381488836329999925e-28
3.660000000000000000e+02 3.400047875000000075e-28
3.670000000000000000e+02 3.418786266590000115e-28
3.680000000000000000e+02 3.437708433739999828e-28
3.690000000000000000e+02 3.456817584390000015e-28
3.700000000000000000e+02 3.476109736039999919e-28
3.710000000000000000e+02 3.495594597419999929e-28
3.720000000000000000e+02 3.515287772749999964e-28
3.735000000000000000e+02 3.545181728150000027e-28
3.760000000000000000e+02 3.596413576823333100e-28
3.795000000000000000e+02 3.669415447947499716e-28
3.835000000000000000e+02 3.756492723954999651e-28
3.875000000000000000e+02 3.847271686060000003e-28
3.915000000000000000e+02 3.941831099544999752e-28
3.955000000000000000e+02 4.040518291257500403e-28
3.995000000000000000e+02 4.143632534754999925e-28
4.035000000000000000e+02 4.251505731087500347e-28
4.075000000000000000e+02 4.363983446935000015e-28
4.115000000000000000e+02 4.481853664120000441e-28
4.155000000000000000e+02 4.605429578410000023e-28
4.195000000000000000e+02 4.736193650632500538e-28
4.235000000000000000e+02 4.870426082317500824e-28
4.280000000000000000e+02 5.031681704704000504e-28
4.325000000000000000e+02 5.201250187029999189e-28
4.365000000000000000e+02 5.361744669590000227e-28
4.410000000000000000e+02 5.622207539809999787e-28
4.455000000000000000e+02 5.764544075619999805e-28
4.495000000000000000e+02 5.945342548062500116e-28
4.540000000000000000e+02 6.174447338419999975e-28
4.590000000000000000e+02 6.449578468920000097e-28
4.635000000000000000e+02 2.160085198162100018e-26
4.680000000000000000e+02 8.420646698838000418e-28
4.725000000000000000e+02 1.565655578682999798e-27
4.770000000000000000e+02 7.591559146998000826e-28
4.820000000000000000e+02 8.438619011046000001e-28
4.870000000000000000e+02 8.411395568850000133e-28
4.920000000000000000e+02 8.996139391531999524e-28
4.970000000000000000e+02 9.343663797817999524e-28
5.020000000000000000e+02 9.969907272745999135e-28
5.070000000000000000e+02 2.234087290591719355e-25
5.120000000000000000e+02 1.140215750586000087e-27
5.170000000000000000e+02 1.233898077398000013e-27
5.220000000000000000e+02 1.311603836718000093e-27
5.270000000000000000e+02 1.522482307179999719e-27
5.325000000000000000e+02 1.037956520257066574e-25
5.380000000000000000e+02 8.150436520439400223e-26
5.430000000000000000e+02 4.516024944720040390e-25
5.485000000000000000e+02 4.701795829451666843e-27
5.540000000000000000e+02 2.983192911052000299e-27
5.595000000000000000e+02 1.032115650024333162e-26
5.655000000000000000e+02 1.316652335213666711e-26
5.710000000000000000e+02 4.038445198615600035e-26
5.765000000000000000e+02 1.973867585876166333e-26
5.825000000000000000e+02 3.662964864070323780e-23
5.885000000000000000e+02 1.528465961078166634e-25
5.945000000000000000e+02 1.297307621728573476e-22
6.005000000000000000e+02 5.755504466550125492e-23
6.065000000000000000e+02 5.876352693080484312e-24
6.125000000000000000e+02 4.176157928453816893e-24
6.185000000000000000e+02 7.960635424979814098e-23
6.245000000000000000e+02 3.875313019176666821e-25
6.305000000000000000e+02 1.471960592838666443e-23
6.370000000000000000e+02 2.537983681802963248e-21
6.435000000000000000e+02 2.319523117464650061e-23
6.500000000000000000e+02 2.502009371393714048e-23
6.565000000000000000e+02 3.859683398213904783e-21
6.630000000000000000e+02 9.572683260383888441e-21
6.695000000000000000e+02 2.524253240595871267e-17
6.760000000000000000e+02 1.061194995728844436e-21
6.830000000000000000e+02 3.305103671705971455e-22
6.900000000000000000e+02 1.082555940550714390e-22
6.970000000000000000e+02 6.231257494828856478e-24
7.040000000000000000e+02 1.714786144158171521e-23
7.110000000000000000e+02 1.735017571538242988e-23
7.180000000000000000e+02 1.364580992872785802e-24
7.250000000000000000e+02 1.344787299906185744e-24
7.320000000000000000e+02 1.473940059767999730e-25
7.395000000000000000e+02 1.504100780437499784e-25
7.470000000000000000e+02 1.684446595494428423e-25
7.545000000000000000e+02 1.707086640994125058e-26
7.620000000000000000e+02 1.183393696539285733e-26
7.695000000000000000e+02 7.031579047104926667e-24
7.775000000000000000e+02 3.827884047530000398e-27
7.855000000000000000e+02 2.815866459488237430e-25
7.930000000000000000e+02 1.432012793734969874e-24
8.005000000000000000e+02 4.648464926422500840e-27
8.085000000000000000e+02 1.893997208266250209e-27
8.170000000000000000e+02 3.171747969005555432e-27
8.255000000000000000e+02 1.375311256206250118e-27
8.335000000000000000e+02 1.798876804464249847e-26
8.415000000000000000e+02 1.397314511347624994e-27
8.500000000000000000e+02 1.338032882574222253e-27
8.585000000000000000e+02 1.294858398573500000e-27
8.670000000000000000e+02 7.970443622844444921e-28
8.760000000000000000e+02 7.566761731895556772e-28
8.850000000000000000e+02 4.590888553369666651e-27
8.935000000000000000e+02 2.322471116647874947e-27
9.020000000000000000e+02 1.212908845298555323e-27
9.115000000000000000e+02 6.394025553364001181e-28
9.210000000000000000e+02 1.265800070648333372e-27
9.300000000000000000e+02 1.372307818080567086e-23
9.390000000000000000e+02 6.651922266145554663e-28
9.485000000000000000e+02 5.814162096716598477e-27
9.580000000000000000e+02 3.764921297532110003e-25
9.675000000000000000e+02 5.275355311013380423e-26
9.775000000000000000e+02 1.288912929879299945e-27
9.870000000000000000e+02 5.352867126028888895e-28
9.965000000000000000e+02 4.560628458774999228e-28
1.006500000000000000e+03 9.035298473440701456e-27
1.016500000000000000e+03 9.831245702480700103e-27
1.027000000000000000e+03 1.587621799677772433e-26
1.037500000000000000e+03 9.932909909680000647e-28
1.047500000000000000e+03 6.867733521947600958e-27
1.058000000000000000e+03 1.865654130080908911e-27
1.069000000000000000e+03 1.410087602495591210e-26
1.079500000000000000e+03 2.479542847392830356e-26
1.090000000000000000e+03 3.449359920417543397e-23
1.101000000000000000e+03 6.930642169761818776e-28
1.112000000000000000e+03 3.069990403550908373e-28
1.123000000000000000e+03 3.027623641340000159e-28
1.134500000000000000e+03 3.002774487947499501e-28
1.146000000000000000e+03 2.983535344319091534e-28
1.157500000000000000e+03 2.969476510100833315e-28
1.169000000000000000e+03 2.959990024252726803e-28
1.180500000000000000e+03 3.382623726288333586e-28
1.192500000000000000e+03 2.958894874576667136e-28
1.204500000000000000e+03 3.048281929159166615e-28
1.216500000000000000e+03 1.420652055146841696e-26
1.228500000000000000e+03 9.410576713667500387e-28
1.240500000000000000e+03 8.245219919920000491e-28
1.253000000000000000e+03 5.716621982798385054e-27
1.266000000000000000e+03 5.552015067272385250e-27
1.278500000000000000e+03 5.695199985528333603e-28
1.291000000000000000e+03 4.036063004136923531e-28
1.304000000000000000e+03 3.157294481155384236e-28
1.317000000000000000e+03 3.181852034777691633e-28
1.330000000000000000e+03 3.643593326925384167e-28
1.343500000000000000e+03 4.714955175235714815e-28
1.357000000000000000e+03 1.761537034314999741e-27
1.370500000000000000e+03 5.009741406088162557e-25
1.384500000000000000e+03 1.906534673501362137e-24
1.398500000000000000e+03 8.305898129249805702e-25
1.412500000000000000e+03 7.062790100573285431e-27
1.426500000000000000e+03 5.291878221747142485e-28
1.440500000000000000e+03 5.018479075602857299e-28
1.455000000000000000e+03 3.835399574774666157e-28
1.469500000000000000e+03 3.935301294782143453e-28
1.484000000000000000e+03 4.059153902314000108e-28
1.499000000000000000e+03 4.159486474956667061e-28
1.514000000000000000e+03 4.284957421190000291e-28
1.529000000000000000e+03 4.418543173265333083e-28
1.544500000000000000e+03 4.565917509564376061e-28
1.560000000000000000e+03 4.723430921039332806e-28
1.575500000000000000e+03 4.920646061396251613e-28
1.591500000000000000e+03 5.077960935677500063e-28
1.607500000000000000e+03 5.277468128710624860e-28
1.623500000000000000e+03 5.491525521290625773e-28
1.639500000000000000e+03 5.721391362247499248e-28
1.656000000000000000e+03 5.976595257494706086e-28
1.672500000000000000e+03 6.251657750539376649e-28
1.689000000000000000e+03 6.548980896231176211e-28
1.706000000000000000e+03 6.880617968205294808e-28
1.723000000000000000e+03 7.241046715188235345e-28
1.740500000000000000e+03 7.645387204059444392e-28
1.758000000000000000e+03 8.086596752994116902e-28
1.775500000000000000e+03 1.032599023523722297e-27
1.793500000000000000e+03 1.000741558725333290e-27
1.811500000000000000e+03 9.758596981623890155e-28
1.829500000000000000e+03 1.079571409178888661e-27
1.847500000000000000e+03 1.153987935691888824e-26
1.866000000000000000e+03 8.699870566563562592e-25
1.884500000000000000e+03 2.075428696222943998e-26
1.903000000000000000e+03 5.950372264771683706e-26
1.922000000000000000e+03 4.042916190944172946e-25
1.941500000000000000e+03 3.943639867922299446e-23
1.961000000000000000e+03 3.843009480786841383e-27
1.980500000000000000e+03 1.507602780013100183e-26
2.000500000000000000e+03 2.725689073672000183e-27
2.020500000000000000e+03 8.254440999266049772e-26
2.040500000000000000e+03 1.579629891446594963e-25
2.061000000000000000e+03 3.288084115415799891e-25
2.082000000000000000e+03 3.367855891963934173e-25
2.102500000000000000e+03 4.511724754996976060e-23
2.123500000000000000e+03 3.231505941581863302e-26
2.145000000000000000e+03 5.045541382328275709e-25
2.166500000000000000e+03 9.150379310099544997e-27
2.188000000000000000e+03 2.486017815060666443e-25
2.209500000000000000e+03 6.379827627538137430e-25
2.231500000000000000e+03 1.997729621524606573e-23
2.254000000000000000e+03 8.580872931013477988e-24
2.277000000000000000e+03 5.688591459674104070e-23
2.299500000000000000e+03 6.827431881442509300e-21
2.322500000000000000e+03 4.802091034788164271e-19
2.346000000000000000e+03 1.030223431855244604e-19
2.369000000000000000e+03 1.230842569952465897e-19
2.392500000000000000e+03 2.873091891127967908e-22
2.416500000000000000e+03 7.180983582457499147e-26
2.441000000000000000e+03 8.042847773241199850e-26
2.465500000000000000e+03 1.519440268612083136e-25
2.490000000000000000e+03 1.568383789062000083e-26
2.515000000000000000e+03 1.214179621893760260e-26
2.540000000000000000e+03 7.569628962215999743e-27
2.565500000000000000e+03 6.133689205564614629e-27
2.591500000000000000e+03 3.445680477317423238e-26
2.617500000000000000e+03 6.149370975386306113e-26
2.643500000000000000e+03 2.317930248004154241e-26
2.669500000000000000e+03 1.541149930808384665e-26
2.696000000000000000e+03 9.638717056217772480e-27
2.723000000000000000e+03 2.181866581843333570e-27
2.750500000000000000e+03 4.504383506182143406e-27
2.778000000000000000e+03 2.055875939912222509e-27
2.805500000000000000e+03 1.465753860317964585e-26
2.834000000000000000e+03 1.524569950153448316e-27
2.862500000000000000e+03 1.093893003882071397e-27
2.891000000000000000e+03 9.483390017377585832e-28
2.920000000000000000e+03 8.508455409946896639e-28
2.949000000000000000e+03 8.007155463615859301e-28
2.978500000000000000e+03 3.342140213524133511e-27
3.008500000000000000e+03 7.027962314110998640e-28
3.038500000000000000e+03 6.453285253986334412e-28
3.068500000000000000e+03 1.076753927575266557e-27
3.099000000000000000e+03 1.098321824922838573e-27
3.130000000000000000e+03 1.874230160283000338e-27
3.161500000000000000e+03 2.126316704133672114e-26
3.193500000000000000e+03 6.038195786439377154e-28
3.225500000000000000e+03 4.529302000116562542e-28
3.257500000000000000e+03 2.446311482455365908e-26
3.290000000000000000e+03 1.855249600274182394e-25
3.323000000000000000e+03 7.899410789651635292e-27
3.356000000000000000e+03 1.665708315503527248e-26
3.389500000000000000e+03 2.606166915381606304e-26
3.423500000000000000e+03 4.435741598518191942e-26
3.458000000000000000e+03 1.788359876401914339e-24
3.492500000000000000e+03 1.014752042302716660e-23
3.527000000000000000e+03 1.193174426345374409e-22
3.562500000000000000e+03 2.766434506524095510e-22
3.598500000000000000e+03 5.506514602422361208e-24
3.634500000000000000e+03 4.323367213193210375e-23
3.670500000000000000e+03 2.217385390141411871e-23
3.707000000000000000e+03 2.493552505119801016e-19
3.744500000000000000e+03 8.124662043866208972e-20
3.782000000000000000e+03 2.588907792124794879e-26
3.819500000000000000e+03 2.142137338594762252e-27
3.858000000000000000e+03 1.363734335686510049e-26
3.896500000000000000e+03 1.192639428389184088e-27
3.935000000000000000e+03 2.148504386530820083e-27
3.974500000000000000e+03 1.223031095000475123e-27
4.014500000000000000e+03 2.907481993892439628e-26
4.054500000000000000e+03 2.803261289944249364e-28
4.095000000000000000e+03 1.368792060917073362e-28
4.136000000000000000e+03 6.600487355609756188e-28
4.177500000000000000e+03 1.984206381652381596e-28
4.219500000000000000e+03 1.076559526117380896e-28
4.261500000000000000e+03 1.022038062579024000e-28
4.304000000000000000e+03 1.015468339336535071e-28
4.347000000000000000e+03 1.380011182603604722e-28
4.390500000000000000e+03 6.434455573176479328e-28
4.434500000000000000e+03 8.917763099545456209e-29
4.479000000000000000e+03 1.660151821372231878e-26
4.524000000000000000e+03 7.409091410357134947e-28
4.569000000000000000e+03 8.717568772545977245e-28
4.614500000000000000e+03 1.130703384844492315e-25
4.660500000000000000e+03 1.820572619864349175e-25
4.707000000000000000e+03 1.006024262676681766e-25
4.754500000000000000e+03 4.014266597474786995e-25
4.802000000000000000e+03 1.028112518261903078e-23
4.850000000000000000e+03 8.218654011715003189e-23
4.898500000000000000e+03 5.742944435513340194e-24
4.947500000000000000e+03 1.938009164717540249e-24
4.997000000000000000e+03 2.619306222283655954e-25
5.047000000000000000e+03 6.669641536309482378e-25
5.097500000000000000e+03 3.358106355729921787e-24
5.148000000000000000e+03 2.339181503336795832e-23
5.199500000000000000e+03 3.999413168731021112e-26
5.251500000000000000e+03 1.070183778782342334e-25
5.304000000000000000e+03 5.851403012115937335e-26
5.357500000000000000e+03 1.902439552160506450e-26
5.411000000000000000e+03 3.492590779502830003e-29
5.465000000000000000e+03 5.714755382527273318e-29
5.520000000000000000e+03 9.577789545039346143e-28
5.575000000000000000e+03 6.795387071261564502e-27
5.630500000000000000e+03 6.739161367426374961e-28
5.687000000000000000e+03 4.636682054491928293e-29
5.744000000000000000e+03 5.221277173301929563e-29
5.801500000000000000e+03 2.205920865140483246e-28
5.859500000000000000e+03 7.367558096502941586e-27
5.918000000000000000e+03 8.953975918429942915e-27
5.977000000000000000e+03 5.443331169491840410e-26
6.036500000000000000e+03 1.753269641556667884e-26
6.097000000000000000e+03 1.465141590520488703e-24
6.158000000000000000e+03 3.101600832724195481e-26
6.219500000000000000e+03 3.313614445531551686e-25
6.282000000000000000e+03 3.351156449275100341e-24
6.345000000000000000e+03 2.788575574564673431e-24
6.408500000000000000e+03 6.042470763452324217e-26
6.472500000000000000e+03 2.380421695038212685e-26
6.537000000000000000e+03 1.131660189710956182e-25
6.602500000000000000e+03 1.488427295632547948e-27
6.668500000000000000e+03 7.104348377432886803e-26
6.735000000000000000e+03 5.686459946830187211e-27
6.802500000000000000e+03 1.776967432095339434e-27
6.870500000000000000e+03 5.766300813040145281e-25
6.939000000000000000e+03 6.543037457204770751e-23
7.008500000000000000e+03 3.171327626793486456e-25
7.078500000000000000e+03 2.812798194627285283e-29
7.149500000000000000e+03 2.202762242788235967e-28
7.221000000000000000e+03 2.571596343099211508e-28
7.293000000000000000e+03 1.174659568223603290e-26
7.366000000000000000e+03 2.175849402996628236e-28
7.439500000000000000e+03 1.037863151839091552e-27
7.514000000000000000e+03 1.961913614651398396e-27
7.589500000000000000e+03 2.242924166457397662e-25
7.665500000000000000e+03 2.295746713405486876e-28
7.742000000000000000e+03 1.238345297070258467e-25
7.819500000000000000e+03 7.232950388526050462e-29
7.897500000000000000e+03 2.561751294573792900e-28
7.976500000000000000e+03 3.090726852713162362e-27
8.056500000000000000e+03 1.380951918633905937e-26
8.137000000000000000e+03 6.111703931442370469e-26
8.218000000000000000e+03 4.732508756005937788e-25
8.300000000000000000e+03 1.298916483000710284e-24
8.383500000000000000e+03 8.277456821665474143e-30
8.467500000000000000e+03 5.822327248516453967e-29
8.552000000000000000e+03 2.082812510547305848e-29
8.637500000000000000e+03 1.764126658796351652e-28
8.724000000000000000e+03 1.169081957914501304e-28
8.811000000000000000e+03 1.129829363638119372e-28
8.899000000000000000e+03 1.235240079007618014e-29
8.988000000000000000e+03 5.791950124927222498e-28
9.078000000000000000e+03 2.268477805259411187e-28
9.169000000000000000e+03 1.127002347793374464e-28
9.260500000000000000e+03 6.852369607486400873e-29
9.353000000000000000e+03 6.396802462351301942e-27
9.446500000000000000e+03 1.794234001241591421e-27
9.541000000000000000e+03 9.104345713680374901e-27
9.636500000000000000e+03 1.914238782015965734e-27
9.733000000000000000e+03 5.497788967156909969e-30
9.830000000000000000e+03 5.355906968120618656e-30
9.928000000000000000e+03 5.218417835453232855e-30
9.989000000000000000e+03 5.135319616746086407e-30
