1.000000000000000000e+01 1.276133186239999934e-27
1.100000000000000000e+01 1.279358085300000072e-27
1.200000000000000000e+01 1.281309654669999940e-27
1.300000000000000000e+01 1.283899164410000062e-27
1.400000000000000000e+01 1.299372356680000078e-27
1.500000000000000000e+01 1.289114975749999947e-27
1.600000000000000000e+01 1.291767247129999983e-27
1.700000000000000000e+01 1.294777565589999934e-27
1.800000000000000000e+01 1.297010365129999917e-27
1.900000000000000000e+01 1.299754764129999995e-27
2.000000000000000000e+01 1.302418778710000059e-27
2.100000000000000000e+01 1.304999212350000019e-27
2.200000000000000000e+01 1.307953597450000045e-27
2.300000000000000000e+01 1.310402823349999963e-27
2.400000000000000000e+01 1.313084812260000013e-27
2.500000000000000000e+01 1.319518007440000042e-27
2.600000000000000000e+01 1.318530239170000015e-27
2.700000000000000000e+01 1.321269713949999982e-27
2.800000000000000000e+01 1.325116542740000078e-27
2.900000000000000000e+01 1.326772144020000026e-27
3.000000000000000000e+01 1.329557388279999937e-27
3.100000000000000000e+01 1.332546978910000088e-27
3.200000000000000000e+01 1.335121694859999966e-27
3.300000000000000000e+01 1.337955671559999937e-27
3.400000000000000000e+01 1.340766203519999988e-27
3.500000000000000000e+01 1.343577190839999967e-27
3.600000000000000000e+01 1.346599700720000085e-27
3.700000000000000000e+01 1.349273323170000032e-27
3.800000000000000000e+01 1.352138979190000060e-27
3.900000000000000000e+01 1.355044272349999977e-27
4.000000000000000000e+01 1.357905913209999975e-27
4.100000000000000000e+01 1.360808440199999973e-27
4.200000000000000000e+01 1.363722842409999949e-27
4.300000000000000000e+01 1.366647609229999918e-27
4.400000000000000000e+01 1.369587266119999965e-27
4.500000000000000000e+01 1.372536670850000009e-27
4.600000000000000000e+01 1.375499571299999932e-27
4.700000000000000000e+01 1.378712752870000085e-27
4.800000000000000000e+01 1.381463013210000076e-27
4.900000000000000000e+01 1.384463597509999925e-27
5.000000000000000000e+01 1.387476943869999937e-27
5.100000000000000000e+01 1.390502869909999991e-27
5.200000000000000000e+01 1.393541737609999956e-27
5.300000000000000000e+01 1.396593493060000083e-27
5.400000000000000000e+01 1.399658247500000020e-27
5.500000000000000000e+01 1.402736152860000035e-27
5.600000000000000000e+01 1.405827070150000089e-27
5.700000000000000000e+01 1.408931298539999957e-27
5.800000000000000000e+01 1.412048852389999950e-27
5.900000000000000000e+01 1.415179806749999926e-27
6.000000000000000000e+01 1.418324255910000032e-27
6.100000000000000000e+01 1.421482281719999974e-27
6.200000000000000000e+01 1.424653970839999982e-27
6.300000000000000000e+01 1.427839411389999926e-27
6.400000000000000000e+01 1.431038687640000081e-27
6.500000000000000000e+01 1.434251891330000064e-27
6.600000000000000000e+01 1.437479110529999981e-27
6.700000000000000000e+01 1.440720435059999935e-27
6.800000000000000000e+01 1.443975955599999988e-27
6.900000000000000000e+01 1.447245763519999925e-27
7.000000000000000000e+01 1.450529950949999964e-27
7.100000000000000000e+01 1.453828610800000088e-27
7.200000000000000000e+01 1.457141836739999993e-27
7.300000000000000000e+01 1.460469723240000088e-27
7.400000000000000000e+01 1.463812365529999958e-27
7.500000000000000000e+01 1.467169859669999971e-27
7.600000000000000000e+01 1.470542302509999927e-27
7.700000000000000000e+01 1.473929791710000002e-27
7.800000000000000000e+01 1.477332425750000053e-27
7.900000000000000000e+01 1.480750303950000031e-27
8.000000000000000000e+01 1.484183526469999977e-27
8.100000000000000000e+01 1.487632194299999998e-27
8.200000000000000000e+01 1.491096409300000009e-27
8.300000000000000000e+01 1.494576274190000063e-27
8.400000000000000000e+01 1.498071892560000021e-27
8.500000000000000000e+01 1.501583368889999956e-27
8.600000000000000000e+01 1.505110808539999954e-27
8.700000000000000000e+01 1.508654317790000028e-27
8.800000000000000000e+01 1.512214003789999998e-27
8.900000000000000000e+01 1.515789974659999914e-27
9.000000000000000000e+01 1.519382339420000066e-27
9.100000000000000000e+01 1.522991208019999979e-27
9.200000000000000000e+01 1.526616691379999949e-27
9.300000000000000000e+01 1.530258901360000069e-27
9.400000000000000000e+01 1.533917950809999997e-27
9.500000000000000000e+01 1.537593953529999929e-27
9.600000000000000000e+01 1.541287024330000035e-27
9.700000000000000000e+01 1.544997279000000020e-27
9.800000000000000000e+01 1.548724834369999996e-27
9.900000000000000000e+01 1.552469808249999969e-27
1.000000000000000000e+02 1.556232319510000041e-27
1.010000000000000000e+02 1.560012488049999973e-27
1.020000000000000000e+02 1.563810434829999980e-27
1.030000000000000000e+02 1.567626281859999987e-27
1.040000000000000000e+02 1.571460152249999932e-27
1.050000000000000000e+02 1.575312170149999976e-27
1.060000000000000000e+02 1.579182460870000082e-27
1.070000000000000000e+02 1.583071150779999949e-27
1.080000000000000000e+02 1.586978367389999922e-27
1.090000000000000000e+02 1.590904239349999922e-27
1.100000000000000000e+02 1.594848896449999979e-27
1.110000000000000000e+02 1.598812469639999924e-27
1.120000000000000000e+02 1.602795091029999931e-27
1.130000000000000000e+02 1.606796893930000069e-27
1.140000000000000000e+02 1.610818012830000081e-27
1.150000000000000000e+02 1.614858583450000040e-27
1.160000000000000000e+02 1.618918742719999946e-27
1.170000000000000000e+02 1.622998628799999949e-27
1.180000000000000000e+02 1.627098381110000069e-27
1.190000000000000000e+02 1.631218140320000167e-27
1.200000000000000000e+02 1.635358048410000096e-27
1.210000000000000000e+02 1.639518248599999886e-27
1.220000000000000000e+02 1.643698885449999989e-27
1.230000000000000000e+02 1.647900104840000157e-27
1.240000000000000000e+02 1.652122053970000156e-27
1.250000000000000000e+02 1.656364881399999863e-27
1.260000000000000000e+02 1.660628737029999941e-27
1.270000000000000000e+02 1.664913772179999876e-27
1.280000000000000000e+02 1.669220139529999986e-27
1.290000000000000000e+02 1.673547993170000108e-27
1.300000000000000000e+02 1.677897488650000079e-27
1.310000000000000000e+02 1.682268782909999923e-27
1.320000000000000000e+02 1.686662034400000147e-27
1.330000000000000000e+02 1.691077403010000132e-27
1.340000000000000000e+02 1.695515050130000076e-27
1.350000000000000000e+02 1.699975138649999917e-27
1.360000000000000000e+02 1.704457833010000172e-27
1.370000000000000000e+02 1.708963299150000024e-27
1.380000000000000000e+02 1.713491704600000051e-27
1.390000000000000000e+02 1.718043218470000049e-27
1.400000000000000000e+02 1.722618011440000088e-27
1.410000000000000000e+02 1.727216255829999959e-27
1.420000000000000000e+02 1.731838125560000159e-27
1.430000000000000000e+02 1.736483796229999933e-27
1.440000000000000000e+02 1.741153445100000092e-27
1.450000000000000000e+02 1.745847251109999838e-27
1.460000000000000000e+02 1.750565394910000060e-27
1.470000000000000000e+02 1.755308058880000164e-27
1.480000000000000000e+02 1.760075427139999882e-27
1.490000000000000000e+02 1.764867685610000142e-27
1.500000000000000000e+02 1.769685021940000024e-27
1.510000000000000000e+02 1.774527625649999975e-27
1.520000000000000000e+02 1.779395688040000154e-27
1.530000000000000000e+02 1.784289402289999957e-27
1.540000000000000000e+02 1.789208963440000124e-27
1.550000000000000000e+02 1.794154568439999987e-27
1.560000000000000000e+02 1.799126416129999939e-27
1.570000000000000000e+02 1.804124707319999831e-27
1.580000000000000000e+02 1.809149644770000001e-27
1.590000000000000000e+02 1.814201433209999888e-27
1.600000000000000000e+02 1.819280279410000000e-27
1.610000000000000000e+02 1.824386392140000019e-27
1.620000000000000000e+02 1.829519982250000073e-27
1.630000000000000000e+02 1.834681262659999998e-27
1.640000000000000000e+02 1.839870448410000176e-27
1.650000000000000000e+02 1.845087756660000100e-27
1.660000000000000000e+02 1.850333406719999881e-27
1.670000000000000000e+02 1.855607620110000041e-27
1.680000000000000000e+02 1.860910620519999977e-27
1.690000000000000000e+02 1.866242633910000000e-27
1.700000000000000000e+02 1.871603888489999852e-27
1.710000000000000000e+02 1.876994614759999879e-27
1.720000000000000000e+02 1.882415045540000031e-27
1.730000000000000000e+02 1.887865415979999886e-27
1.740000000000000000e+02 1.893345963639999920e-27
1.750000000000000000e+02 1.898856928449999977e-27
1.760000000000000000e+02 1.904398552789999823e-27
1.770000000000000000e+02 1.909971081499999888e-27
1.780000000000000000e+02 1.915574761909999906e-27
1.790000000000000000e+02 1.921209843880000086e-27
1.800000000000000000e+02 1.926876579810000065e-27
1.810000000000000000e+02 1.932575224700000129e-27
1.820000000000000000e+02 1.938306036169999827e-27
1.830000000000000000e+02 1.944069274480000175e-27
1.840000000000000000e+02 1.949865202589999854e-27
1.850000000000000000e+02 1.955694086159999874e-27
1.860000000000000000e+02 1.961556193610000139e-27
1.870000000000000000e+02 1.967451796139999848e-27
1.880000000000000000e+02 1.973381167780000133e-27
1.890000000000000000e+02 1.979344585400000137e-27
1.900000000000000000e+02 1.985342328790000079e-27
1.910000000000000000e+02 1.991374680630000107e-27
1.920000000000000000e+02 1.997441926599999849e-27
1.930000000000000000e+02 2.003544355370000179e-27
1.940000000000000000e+02 2.009682258630000069e-27
1.950000000000000000e+02 2.015855931190000057e-27
1.960000000000000000e+02 2.022065670960000050e-27
1.970000000000000000e+02 2.028311778990000136e-27
1.980000000000000000e+02 2.034594559550000067e-27
1.990000000000000000e+02 2.040914320160000047e-27
2.000000000000000000e+02 2.047271371600000038e-27
2.010000000000000000e+02 2.053666027969999914e-27
2.020000000000000000e+02 2.060098606780000034e-27
2.030000000000000000e+02 2.066569428890000021e-27
2.040000000000000000e+02 2.073078818669999873e-27
2.050000000000000000e+02 2.079627103949999839e-27
2.060000000000000000e+02 2.086214616129999973e-27
2.070000000000000000e+02 2.092841690190000160e-27
2.080000000000000000e+02 2.099508664749999899e-27
2.090000000000000000e+02 2.106215882119999868e-27
2.100000000000000000e+02 2.112963688339999865e-27
2.110000000000000000e+02 2.119752433250000057e-27
2.120000000000000000e+02 2.126582470499999931e-27
2.130000000000000000e+02 2.133454157639999948e-27
2.140000000000000000e+02 2.140367856149999821e-27
2.150000000000000000e+02 2.147323931500000103e-27
2.160000000000000000e+02 2.154322753210000175e-27
2.170000000000000000e+02 2.161364694900000170e-27
2.180000000000000000e+02 2.168450134299999914e-27
2.190000000000000000e+02 2.175579453400000019e-27
2.200000000000000000e+02 2.182753038430000034e-27
2.210000000000000000e+02 2.189971279920000033e-27
2.220000000000000000e+02 2.197234572810000162e-27
2.230000000000000000e+02 2.204543316469999977e-27
2.240000000000000000e+02 2.211897914749999996e-27
2.250000000000000000e+02 2.219298776090000179e-27
2.260000000000000000e+02 2.226746313509999904e-27
2.270000000000000000e+02 2.234240944760000125e-27
2.280000000000000000e+02 2.241783092310000125e-27
2.290000000000000000e+02 2.249373183439999884e-27
2.300000000000000000e+02 2.257011650329999945e-27
2.310000000000000000e+02 2.264698930100000075e-27
2.320000000000000000e+02 2.272435464870000133e-27
2.330000000000000000e+02 2.280221701869999977e-27
2.340000000000000000e+02 2.288058093459999875e-27
2.350000000000000000e+02 2.295945097240000060e-27
2.360000000000000000e+02 2.303883176120000179e-27
2.370000000000000000e+02 2.311872798370000137e-27
2.380000000000000000e+02 2.319914437709999959e-27
2.390000000000000000e+02 2.328008573389999986e-27
2.400000000000000000e+02 2.336155690259999971e-27
2.410000000000000000e+02 2.344356278860000018e-27
2.420000000000000000e+02 2.352610835480000010e-27
2.430000000000000000e+02 2.360919862269999884e-27
2.440000000000000000e+02 2.369283867310000156e-27
2.450000000000000000e+02 2.377703364669999920e-27
2.460000000000000000e+02 2.386178874530000012e-27
2.470000000000000000e+02 2.394710923270000000e-27
2.480000000000000000e+02 2.403300043520000106e-27
2.490000000000000000e+02 2.411946774290000084e-27
2.500000000000000000e+02 2.420651661040000113e-27
2.510000000000000000e+02 2.429415255789999993e-27
2.520000000000000000e+02 2.438238117180000006e-27
2.530000000000000000e+02 2.447120810629999875e-27
2.540000000000000000e+02 2.456063908349999868e-27
2.550000000000000000e+02 2.465067989529999825e-27
2.560000000000000000e+02 2.474133640379999979e-27
2.570000000000000000e+02 2.483261454269999861e-27
2.580000000000000000e+02 2.492452031789999885e-27
2.590000000000000000e+02 2.501705980909999944e-27
2.600000000000000000e+02 2.511023917059999970e-27
2.610000000000000000e+02 2.520406463249999867e-27
2.620000000000000000e+02 2.529854250150000068e-27
2.630000000000000000e+02 2.539367916260000157e-27
2.640000000000000000e+02 2.548948108000000169e-27
2.650000000000000000e+02 2.558595479790000066e-27
2.660000000000000000e+02 2.568310694259999899e-27
2.670000000000000000e+02 2.578094422279999876e-27
2.680000000000000000e+02 2.587947343130000066e-27
2.690000000000000000e+02 2.597870144650000049e-27
2.700000000000000000e+02 2.607863523300000141e-27
2.710000000000000000e+02 2.617928184350000066e-27
2.720000000000000000e+02 2.628064842020000016e-27
2.730000000000000000e+02 2.638274219550000109e-27
2.740000000000000000e+02 2.648557049419999850e-27
2.750000000000000000e+02 2.658914073420000100e-27
2.760000000000000000e+02 2.669346042839999952e-27
2.770000000000000000e+02 2.679853718619999974e-27
2.780000000000000000e+02 2.690437871459999962e-27
2.790000000000000000e+02 2.701099282000000107e-27
2.800000000000000000e+02 2.711838740959999897e-27
2.810000000000000000e+02 2.722657049320000000e-27
2.820000000000000000e+02 2.733555018460000094e-27
2.830000000000000000e+02 2.744533470319999978e-27
2.840000000000000000e+02 2.755593237580000014e-27
2.850000000000000000e+02 2.766735163840000137e-27
2.860000000000000000e+02 2.777960103730000121e-27
2.870000000000000000e+02 2.789268923189999911e-27
2.880000000000000000e+02 2.800662499540000155e-27
2.890000000000000000e+02 2.812141721749999994e-27
2.900000000000000000e+02 2.823707490559999871e-27
2.910000000000000000e+02 2.835360718699999919e-27
2.920000000000000000e+02 2.847102331100000115e-27
2.930000000000000000e+02 2.858933265039999936e-27
2.940000000000000000e+02 2.870854470390000022e-27
2.950000000000000000e+02 2.882866909780000084e-27
2.960000000000000000e+02 2.894971558849999874e-27
2.970000000000000000e+02 2.907169406399999918e-27
2.980000000000000000e+02 2.919461454690000095e-27
2.990000000000000000e+02 2.931848719569999960e-27
3.000000000000000000e+02 2.944332230770000172e-27
3.010000000000000000e+02 2.956913032080000070e-27
3.020000000000000000e+02 2.969592181630000150e-27
3.030000000000000000e+02 2.982370752080000025e-27
3.040000000000000000e+02 2.995249830899999825e-27
3.050000000000000000e+02 3.008230520590000029e-27
3.060000000000000000e+02 3.021313938939999942e-27
3.070000000000000000e+02 3.034501219290000133e-27
3.080000000000000000e+02 3.047793510780000179e-27
3.090000000000000000e+02 3.061191978640000095e-27
3.100000000000000000e+02 3.074697804429999846e-27
3.110000000000000000e+02 3.088312186320000036e-27
3.120000000000000000e+02 3.102036339409999824e-27
3.130000000000000000e+02 3.115871495960000004e-27
3.140000000000000000e+02 3.129818905749999936e-27
3.150000000000000000e+02 3.143879836299999889e-27
3.160000000000000000e+02 3.158055573250000174e-27
3.170000000000000000e+02 3.172347420630000018e-27
3.180000000000000000e+02 3.186756701190000169e-27
3.190000000000000000e+02 3.201284756710000065e-27
3.200000000000000000e+02 3.215932948350000136e-27
3.210000000000000000e+02 3.230702656990000124e-27
3.220000000000000000e+02 3.245595283529999823e-27
3.230000000000000000e+02 3.260612249309999748e-27
3.240000000000000000e+02 3.275754996420000108e-27
3.250000000000000000e+02 3.291024988089999968e-27
3.260000000000000000e+02 3.306423709020000214e-27
3.270000000000000000e+02 3.321952665820000328e-27
3.280000000000000000e+02 3.337613387380000013e-27
3.290000000000000000e+02 3.353407425250000133e-27
3.300000000000000000e+02 3.369336354040000101e-27
3.310000000000000000e+02 3.385401771879999733e-27
3.320000000000000000e+02 3.401605300780000128e-27
3.330000000000000000e+02 3.417948587129999878e-27
3.340000000000000000e+02 3.434433302080000305e-27
3.350000000000000000e+02 3.451061142010000158e-27
3.360000000000000000e+02 3.467833829019999689e-27
3.370000000000000000e+02 3.484753111360000274e-27
3.380000000000000000e+02 3.501820763919999875e-27
3.390000000000000000e+02 3.519038588730000012e-27
3.400000000000000000e+02 3.536408415449999791e-27
3.410000000000000000e+02 3.553932101900000077e-27
3.420000000000000000e+02 3.571611534539999647e-27
3.430000000000000000e+02 3.589448629070000259e-27
3.440000000000000000e+02 3.607445330889999886e-27
3.450000000000000000e+02 3.625603615760000076e-27
3.460000000000000000e+02 3.643925492029999957e-27
3.470000000000000000e+02 3.662412992519999955e-27
3.480000000000000000e+02 3.681068192530000137e-27
3.490000000000000000e+02 3.699893601880000048e-27
3.500000000000000000e+02 3.718890130429999940e-27
3.510000000000000000e+02 3.738061174329999904e-27
3.520000000000000000e+02 3.757408541160000033e-27
3.530000000000000000e+02 3.776934435279999704e-27
3.540000000000000000e+02 3.796641168030000032e-27
3.550000000000000000e+02 3.816531047580000080e-27
3.560000000000000000e+02 3.836606399149999914e-27
3.570000000000000000e+02 3.856869636020000040e-27
3.580000000000000000e+02 3.877323182149999945e-27
3.590000000000000000e+02 3.897969481039999782e-27
3.600000000000000000e+02 3.918811065639999972e-27
3.610000000000000000e+02 3.939850483460000123e-27
3.620000000000000000e+02 3.961090283250000022e-27
3.630000000000000000e+02 3.982533149750000016e-27
3.640000000000000000e+02 4.004181730850000294e-27
3.650000000000000000e+02 4.026038745429999719e-27
3.660000000000000000e+02 4.048106984099999794e-27
3.670000000000000000e+02 4.070389212730000059e-27
3.680000000000000000e+02 4.092888329129999987e-27
3.690000000000000000e+02 4.115607285900000243e-27
3.700000000000000000e+02 4.138548869379999729e-27
3.710000000000000000e+02 4.161716251800000009e-27
3.720000000000000000e+02 4.185112785450000293e-27
3.735000000000000000e+02 4.220672144745000449e-27
3.760000000000000000e+02 4.281139686126666636e-27
3.795000000000000000e+02 4.368360600964999500e-27
3.835000000000000000e+02 4.471837561200000017e-27
3.875000000000000000e+02 4.579665017972500300e-27
3.915000000000000000e+02 4.692097810507499451e-27
3.955000000000000000e+02 4.809407674427500312e-27
3.995000000000000000e+02 4.931891116457499845e-27
4.035000000000000000e+02 5.059862541970000040e-27
4.075000000000000000e+02 5.193663196547500149e-27
4.115000000000000000e+02 5.333661603642499576e-27
4.155000000000000000e+02 5.480259254982499425e-27
4.195000000000000000e+02 5.633911715055000202e-27
4.235000000000000000e+02 5.794988008507500336e-27
4.280000000000000000e+02 5.986030696449999840e-27
4.325000000000000000e+02 6.187575979270000401e-27
4.365000000000000000e+02 6.376770001879999879e-27
4.410000000000000000e+02 6.604169023346000704e-27
4.455000000000000000e+02 6.840610958269999132e-27
4.495000000000000000e+02 7.064551005430000059e-27
4.540000000000000000e+02 7.332294096772000573e-27
4.590000000000000000e+02 7.650500852145999718e-27
4.635000000000000000e+02 1.106787227270250087e-26
4.680000000000000000e+02 8.285716288725999693e-27
4.725000000000000000e+02 8.686043001945000411e-27
4.770000000000000000e+02 9.007077808803998877e-27
4.820000000000000000e+02 9.472502656085999682e-27
4.870000000000000000e+02 9.944083450492001231e-27
4.920000000000000000e+02 1.047979997896000101e-26
4.970000000000000000e+02 1.104870102339999874e-26
5.020000000000000000e+02 1.167962487386000117e-26
5.070000000000000000e+02 2.411775501314000247e-26
5.120000000000000000e+02 1.314037293112000077e-26
5.170000000000000000e+02 1.402714779468000192e-26
5.220000000000000000e+02 1.494166362414000007e-26
5.270000000000000000e+02 1.613161134674000151e-26
5.325000000000000000e+02 9.240833767963333176e-26
5.380000000000000000e+02 3.491773299891999720e-26
5.430000000000000000e+02 9.703942051216000831e-26
5.485000000000000000e+02 2.477116517389999904e-26
5.540000000000000000e+02 2.508577711301999919e-26
5.595000000000000000e+02 2.916776136598333376e-26
5.655000000000000000e+02 3.947785396673333217e-26
5.710000000000000000e+02 4.819830986600000116e-26
5.765000000000000000e+02 4.939860551814999616e-26
5.825000000000000000e+02 5.453809497740567053e-24
5.885000000000000000e+02 1.783882247146000101e-25
5.945000000000000000e+02 6.901329855096600531e-24
6.005000000000000000e+02 3.708908200563799949e-23
6.065000000000000000e+02 2.286736371031499896e-24
6.125000000000000000e+02 2.247160455879516844e-23
6.185000000000000000e+02 4.545148996079932591e-22
6.245000000000000000e+02 1.752019164638833467e-24
6.305000000000000000e+02 4.785367570103999873e-23
6.370000000000000000e+02 1.415454977401030002e-21
6.435000000000000000e+02 3.474111009832833197e-23
6.500000000000000000e+02 2.768305239646000422e-22
6.565000000000000000e+02 4.990016508991678915e-20
6.630000000000000000e+02 1.041579211639203058e-20
6.695000000000000000e+02 2.224262794767413894e-17
6.760000000000000000e+02 5.902740827676771155e-21
6.830000000000000000e+02 5.824973179031714828e-22
6.900000000000000000e+02 3.920469346249571170e-22
6.970000000000000000e+02 3.295724766572285728e-23
7.040000000000000000e+02 2.527167435905714270e-23
7.110000000000000000e+02 8.217024139022358905e-23
7.180000000000000000e+02 6.087588391057571584e-24
7.250000000000000000e+02 7.052034201650857682e-24
7.320000000000000000e+02 6.725514235425714263e-25
7.395000000000000000e+02 4.160880465259999912e-25
7.470000000000000000e+02 1.871930790834857157e-25
7.545000000000000000e+02 6.611668781896249938e-26
7.620000000000000000e+02 4.649669180414285398e-26
7.695000000000000000e+02 5.794788434259373856e-25
7.775000000000000000e+02 2.875563551588750036e-26
7.855000000000000000e+02 2.723653890202499906e-26
7.930000000000000000e+02 6.915037668744284416e-26
8.005000000000000000e+02 2.510749732101249960e-26
8.085000000000000000e+02 1.742505400656249725e-26
8.170000000000000000e+02 1.579878059578888667e-26
8.255000000000000000e+02 1.363945037198749989e-26
8.335000000000000000e+02 1.275663086561249775e-26
8.415000000000000000e+02 1.142651953555000123e-26
8.500000000000000000e+02 1.050370524524444526e-26
8.585000000000000000e+02 9.709723697137501365e-27
8.670000000000000000e+02 9.038767447291108986e-27
8.760000000000000000e+02 8.401439427523332120e-27
8.850000000000000000e+02 7.911363020196668484e-27
8.935000000000000000e+02 7.525500744536250773e-27
9.020000000000000000e+02 7.165179182818888603e-27
9.115000000000000000e+02 6.637405507639000425e-27
9.210000000000000000e+02 6.661275536204444510e-27
9.300000000000000000e+02 1.151226030041870011e-24
9.390000000000000000e+02 5.907351129454444825e-27
9.485000000000000000e+02 1.390977153609999833e-26
9.580000000000000000e+02 6.391667910632666002e-26
9.675000000000000000e+02 1.493933392926299986e-26
9.775000000000000000e+02 5.921716450979000339e-27
9.870000000000000000e+02 4.827845437114444246e-27
9.965000000000000000e+02 4.642330743406000503e-27
1.006500000000000000e+03 5.858755425893000187e-27
1.016500000000000000e+03 6.224412047995999301e-27
1.027000000000000000e+03 4.490451863772726216e-27
1.037500000000000000e+03 4.394727320836999771e-27
1.047500000000000000e+03 1.452952157003999950e-26
1.058000000000000000e+03 7.127230916382727344e-27
1.069000000000000000e+03 3.439835627746636506e-26
1.079500000000000000e+03 5.204148034501300750e-26
1.090000000000000000e+03 2.831848174149297069e-24
1.101000000000000000e+03 3.817825560468182405e-27
1.112000000000000000e+03 3.632198738846364146e-27
1.123000000000000000e+03 3.598298225209090867e-27
1.134500000000000000e+03 3.569984925790833807e-27
1.146000000000000000e+03 3.547834043650908726e-27
1.157500000000000000e+03 3.531560885080832987e-27
1.169000000000000000e+03 3.520626735459091271e-27
1.180500000000000000e+03 3.516131812811667061e-27
1.192500000000000000e+03 3.514363443923333123e-27
1.204500000000000000e+03 3.538378533874166480e-27
1.216500000000000000e+03 6.005811446137500390e-27
1.228500000000000000e+03 4.417149545689166716e-27
1.240500000000000000e+03 8.624793881782499741e-27
1.253000000000000000e+03 6.487715069258155803e-26
1.266000000000000000e+03 1.537889865228153639e-26
1.278500000000000000e+03 5.711657662985833567e-27
1.291000000000000000e+03 4.425372234363845902e-27
1.304000000000000000e+03 3.732988974066922912e-27
1.317000000000000000e+03 3.781456069586923043e-27
1.330000000000000000e+03 4.138750048148462032e-27
1.343500000000000000e+03 4.758976805783571860e-27
1.357000000000000000e+03 1.064580148048076987e-26
1.370500000000000000e+03 6.600485196811971641e-25
1.384500000000000000e+03 1.289121231674142163e-24
1.398500000000000000e+03 3.449235495538550090e-25
1.412500000000000000e+03 6.642004932675713830e-27
1.426500000000000000e+03 4.377318288309285476e-27
1.440500000000000000e+03 4.457017444251427360e-27
1.455000000000000000e+03 4.562331801258666853e-27
1.469500000000000000e+03 4.681055661112856931e-27
1.484000000000000000e+03 4.808252027619333827e-27
1.499000000000000000e+03 4.947342017953334666e-27
1.514000000000000000e+03 5.096297077929333276e-27
1.529000000000000000e+03 5.255082357732666997e-27
1.544500000000000000e+03 5.430291954412499961e-27
1.560000000000000000e+03 5.617389726538667886e-27
1.575500000000000000e+03 5.817668429540624829e-27
1.591500000000000000e+03 6.038505966761874528e-27
1.607500000000000000e+03 6.275449755500625004e-27
1.623500000000000000e+03 6.529654153560001157e-27
1.639500000000000000e+03 6.802609364265000291e-27
1.656000000000000000e+03 7.105625228956471341e-27
1.672500000000000000e+03 7.432189086997501709e-27
1.689000000000000000e+03 7.785143842674116836e-27
1.706000000000000000e+03 8.178788559458234904e-27
1.723000000000000000e+03 8.606299863935293869e-27
1.740500000000000000e+03 9.085946779682222634e-27
1.758000000000000000e+03 9.609780013773528087e-27
1.775500000000000000e+03 1.020172073486833312e-26
1.793500000000000000e+03 1.083888051598333567e-26
1.811500000000000000e+03 1.155512624097222021e-26
1.829500000000000000e+03 1.236766857795000097e-26
1.847500000000000000e+03 1.478707856674444400e-26
1.866000000000000000e+03 4.436422396527789549e-25
1.884500000000000000e+03 1.819945671812221972e-26
1.903000000000000000e+03 2.026752361272842056e-25
1.922000000000000000e+03 3.267375681186474094e-25
1.941500000000000000e+03 2.656253495220920697e-23
1.961000000000000000e+03 2.607299150468420734e-26
1.980500000000000000e+03 2.519043206313500223e-26
2.000500000000000000e+03 2.805437508705500664e-26
2.020500000000000000e+03 1.103617000426999837e-25
2.040500000000000000e+03 4.657884263314000889e-25
2.061000000000000000e+03 5.055649944727429897e-25
2.082000000000000000e+03 1.521565152859438068e-24
2.102500000000000000e+03 1.226260132187453928e-23
2.123500000000000000e+03 7.497404785161364648e-26
2.145000000000000000e+03 2.718893149104905339e-25
2.166500000000000000e+03 1.020615158156227431e-25
2.188000000000000000e+03 1.469799795556666892e-25
2.209500000000000000e+03 2.144479358498181789e-25
2.231500000000000000e+03 7.689987691187591694e-24
2.254000000000000000e+03 3.735898099446138636e-23
2.277000000000000000e+03 1.543924142431147880e-22
2.299500000000000000e+03 1.216043462838063709e-21
2.322500000000000000e+03 2.128583423185371690e-19
2.346000000000000000e+03 1.339610894765771996e-19
2.369000000000000000e+03 3.256942101096949021e-20
2.392500000000000000e+03 6.937292372923997541e-23
2.416500000000000000e+03 8.324327238259581864e-25
2.441000000000000000e+03 4.317579158207599521e-25
2.465500000000000000e+03 3.109984825998333202e-25
2.490000000000000000e+03 1.694169492095999964e-25
2.515000000000000000e+03 1.215623299347599880e-25
2.540000000000000000e+03 9.011331042355999103e-26
2.565500000000000000e+03 7.016402311375383527e-26
2.591500000000000000e+03 6.751818841559613674e-26
2.617500000000000000e+03 7.920104496918463113e-26
2.643500000000000000e+03 5.718694576509230941e-26
2.669500000000000000e+03 3.775496837180001486e-26
2.696000000000000000e+03 3.538754727754444991e-26
2.723000000000000000e+03 2.340221601868518522e-26
2.750500000000000000e+03 2.316720529425356976e-26
2.778000000000000000e+03 1.833238627218518600e-26
2.805500000000000000e+03 2.112866648338571886e-26
2.834000000000000000e+03 1.402743394499309928e-26
2.862500000000000000e+03 1.248213025955714347e-26
2.891000000000000000e+03 1.123079499358275858e-26
2.920000000000000000e+03 1.014714543106620548e-26
2.949000000000000000e+03 9.231287386364137825e-27
2.978500000000000000e+03 1.131298228478767043e-26
3.008500000000000000e+03 7.725509525348667403e-27
3.038500000000000000e+03 7.099948583003669139e-27
3.068500000000000000e+03 6.703071417229332499e-27
3.099000000000000000e+03 6.149346319861936595e-27
3.130000000000000000e+03 6.628072475565483449e-27
3.161500000000000000e+03 1.530852894934406543e-26
3.193500000000000000e+03 5.811447776003748201e-27
3.225500000000000000e+03 4.802944023471875317e-27
3.257500000000000000e+03 1.219940909702406148e-26
3.290000000000000000e+03 1.013423988923630050e-25
3.323000000000000000e+03 7.253503065310909590e-27
3.356000000000000000e+03 3.003078793495060572e-26
3.389500000000000000e+03 9.210694521909119942e-27
3.423500000000000000e+03 1.106313725286087811e-26
3.458000000000000000e+03 1.196778522659658630e-24
3.492500000000000000e+03 5.201618349454528713e-24
3.527000000000000000e+03 6.360449871520593190e-23
3.562500000000000000e+03 1.077393262418545616e-22
3.598500000000000000e+03 4.960415246872445939e-23
3.634500000000000000e+03 6.616570216679103469e-23
3.670500000000000000e+03 1.535893863241005458e-23
3.707000000000000000e+03 3.027392795751626628e-19
3.744500000000000000e+03 6.267971779675378158e-20
3.782000000000000000e+03 1.860890464882702726e-26
3.819500000000000000e+03 8.871687632033680942e-27
3.858000000000000000e+03 7.980645909146409709e-27
3.896500000000000000e+03 4.454371939161842136e-27
3.935000000000000000e+03 3.229391245766668316e-27
3.974500000000000000e+03 2.679718149484749408e-27
4.014500000000000000e+03 2.322896518503125213e-26
4.054500000000000000e+03 1.821144868352499186e-27
4.095000000000000000e+03 1.611009509286585638e-27
4.136000000000000000e+03 1.917715847013658328e-27
4.177500000000000000e+03 1.430525766002619027e-27
4.219500000000000000e+03 1.257758634776428432e-27
4.261500000000000000e+03 1.174210806716666589e-27
4.304000000000000000e+03 1.103243482105116400e-27
4.347000000000000000e+03 1.070718546232325772e-27
4.390500000000000000e+03 1.179686825655386642e-27
4.434500000000000000e+03 9.356744927161364297e-28
4.479000000000000000e+03 1.639749814326835573e-26
4.524000000000000000e+03 1.156034709911244340e-27
4.569000000000000000e+03 1.152033282324066509e-27
4.614500000000000000e+03 5.633950932982439722e-26
4.660500000000000000e+03 1.265160466487537914e-25
4.707000000000000000e+03 4.594315483321916330e-26
4.754500000000000000e+03 5.634511052690917151e-26
4.802000000000000000e+03 4.458454947412922512e-24
4.850000000000000000e+03 5.540411420134760729e-23
4.898500000000000000e+03 5.837908676060156476e-24
4.947500000000000000e+03 5.822283448522681387e-24
4.997000000000000000e+03 2.559530472438979734e-24
5.047000000000000000e+03 4.700334053586506460e-25
5.097500000000000000e+03 1.976124712302728446e-24
5.148000000000000000e+03 1.121059553686390517e-23
5.199500000000000000e+03 8.890381104446981093e-27
5.251500000000000000e+03 5.367726298261091652e-26
5.304000000000000000e+03 3.254533017484556431e-26
5.357500000000000000e+03 8.199240352602741815e-27
5.411000000000000000e+03 3.992984005281131515e-28
5.465000000000000000e+03 3.839264316801454964e-28
5.520000000000000000e+03 4.342206484358909124e-28
5.575000000000000000e+03 1.178723624831436270e-27
5.630500000000000000e+03 3.810205298207500146e-28
5.687000000000000000e+03 3.301630016016140068e-28
5.744000000000000000e+03 3.217664734979122675e-28
5.801500000000000000e+03 3.673202824522241940e-28
5.859500000000000000e+03 7.241803773627016324e-27
5.918000000000000000e+03 9.561174538391086617e-27
5.977000000000000000e+03 1.983337309004320571e-26
6.036500000000000000e+03 5.494081309734800249e-27
6.097000000000000000e+03 1.265707175895477172e-24
6.158000000000000000e+03 1.114842286954086766e-26
6.219500000000000000e+03 1.918941066829259252e-25
6.282000000000000000e+03 1.925231414119335278e-24
6.345000000000000000e+03 2.286219330692291685e-24
6.408500000000000000e+03 1.313949003284816862e-26
6.472500000000000000e+03 8.957440268449048216e-27
6.537000000000000000e+03 4.210678561130792922e-26
6.602500000000000000e+03 5.790187507983633997e-28
6.668500000000000000e+03 7.135032809323615719e-26
6.735000000000000000e+03 3.607776679041178568e-27
6.802500000000000000e+03 1.683418916867602828e-27
6.870500000000000000e+03 1.734290704767905987e-25
6.939000000000000000e+03 7.449321682936511425e-23
7.008500000000000000e+03 2.338327814682057056e-25
7.078500000000000000e+03 1.799589578050857255e-28
7.149500000000000000e+03 3.919189339268888921e-28
7.221000000000000000e+03 2.373413631678873182e-28
7.293000000000000000e+03 1.467787651937932640e-26
7.366000000000000000e+03 2.846986760341232743e-28
7.439500000000000000e+03 9.852221947654322643e-28
7.514000000000000000e+03 1.502702714230426551e-27
7.589500000000000000e+03 1.893492072033286005e-25
7.665500000000000000e+03 2.227386434129474296e-28
7.742000000000000000e+03 1.570938059185853138e-25
7.819500000000000000e+03 1.539202077439871512e-28
7.897500000000000000e+03 3.152888266147051492e-28
7.976500000000000000e+03 2.885335965579601075e-27
8.056500000000000000e+03 8.939442555029713089e-27
8.137000000000000000e+03 2.646282037610857595e-26
8.218000000000000000e+03 4.425671701567587669e-25
8.300000000000000000e+03 1.064539077721798049e-24
8.383500000000000000e+03 9.848902581620952942e-29
8.467500000000000000e+03 1.633928905687143016e-28
8.552000000000000000e+03 1.043390501538541136e-28
8.637500000000000000e+03 2.170371296407883866e-28
8.724000000000000000e+03 1.753246759767356125e-28
8.811000000000000000e+03 1.807241314123644109e-28
8.899000000000000000e+03 8.519148373161686519e-29
8.988000000000000000e+03 6.096475112116908069e-28
9.078000000000000000e+03 2.926959372963725731e-28
9.169000000000000000e+03 1.747372272157890194e-28
9.260500000000000000e+03 9.094814641919347617e-29
9.353000000000000000e+03 7.654369470242929163e-27
9.446500000000000000e+03 1.037084554610389255e-27
9.541000000000000000e+03 5.671847589530109227e-27
9.636500000000000000e+03 9.420941666452860673e-28
9.733000000000000000e+03 6.550546478129689200e-29
9.830000000000000000e+03 6.381508536166595947e-29
9.928000000000000000e+03 6.217679142609494002e-29
9.989000000000000000e+03 6.118661414688695896e-29
