1.000000000000000000e+01 1.276133160530000006e-25
1.100000000000000000e+01 1.279325653619999905e-25
1.200000000000000000e+01 1.281309549320000024e-25
1.300000000000000000e+01 1.283899095529999954e-25
1.400000000000000000e+01 1.293927080570000021e-25
1.500000000000000000e+01 1.289114920599999915e-25
1.600000000000000000e+01 1.291767049279999894e-25
1.700000000000000000e+01 1.294766929079999989e-25
1.800000000000000000e+01 1.297010332829999952e-25
1.900000000000000000e+01 1.299754073900000023e-25
2.000000000000000000e+01 1.302418144030000004e-25
2.100000000000000000e+01 1.304999189520000001e-25
2.200000000000000000e+01 1.307949190170000017e-25
2.300000000000000000e+01 1.310402713999999931e-25
2.400000000000000000e+01 1.313084789510000026e-25
2.500000000000000000e+01 1.318760883620000024e-25
2.600000000000000000e+01 1.318530212099999953e-25
2.700000000000000000e+01 1.321269681940000027e-25
2.800000000000000000e+01 1.324705294649999916e-25
2.900000000000000000e+01 1.326772135419999921e-25
3.000000000000000000e+01 1.329557322220000101e-25
3.100000000000000000e+01 1.332478312680000057e-25
3.200000000000000000e+01 1.335121690930000102e-25
3.300000000000000000e+01 1.337955392460000028e-25
3.400000000000000000e+01 1.340764938070000008e-25
3.500000000000000000e+01 1.343577188239999992e-25
3.600000000000000000e+01 1.346581255690000062e-25
3.700000000000000000e+01 1.349273320489999982e-25
3.800000000000000000e+01 1.352138976880000030e-25
3.900000000000000000e+01 1.355043144500000034e-25
4.000000000000000000e+01 1.357905912570000109e-25
4.100000000000000000e+01 1.360808436460000052e-25
4.200000000000000000e+01 1.363722833640000101e-25
4.300000000000000000e+01 1.366647608910000086e-25
4.400000000000000000e+01 1.369587249830000054e-25
4.500000000000000000e+01 1.372536670239999945e-25
4.600000000000000000e+01 1.375499571019999997e-25
4.700000000000000000e+01 1.378511642410000060e-25
4.800000000000000000e+01 1.381463012960000100e-25
4.900000000000000000e+01 1.384463597259999978e-25
5.000000000000000000e+01 1.387476942500000107e-25
5.100000000000000000e+01 1.390502869680000050e-25
5.200000000000000000e+01 1.393541737299999961e-25
5.300000000000000000e+01 1.396593492820000103e-25
5.400000000000000000e+01 1.399658247269999935e-25
5.500000000000000000e+01 1.402736146950000011e-25
5.600000000000000000e+01 1.405827069919999947e-25
5.700000000000000000e+01 1.408931298299999891e-25
5.800000000000000000e+01 1.412048852100000055e-25
5.900000000000000000e+01 1.415179806519999957e-25
6.000000000000000000e+01 1.418324255669999951e-25
6.100000000000000000e+01 1.421482281479999966e-25
6.200000000000000000e+01 1.424653970610000013e-25
6.300000000000000000e+01 1.427839411060000070e-25
6.400000000000000000e+01 1.431038687399999893e-25
6.500000000000000000e+01 1.434251891090000041e-25
6.600000000000000000e+01 1.437479110289999966e-25
6.700000000000000000e+01 1.440720434809999902e-25
6.800000000000000000e+01 1.443975955359999886e-25
6.900000000000000000e+01 1.447245763269999985e-25
7.000000000000000000e+01 1.450529950700000067e-25
7.100000000000000000e+01 1.453828610550000098e-25
7.200000000000000000e+01 1.457141836490000039e-25
7.300000000000000000e+01 1.460469722980000016e-25
7.400000000000000000e+01 1.463812365280000054e-25
7.500000000000000000e+01 1.467169859409999978e-25
7.600000000000000000e+01 1.470542302250000006e-25
7.700000000000000000e+01 1.473929791449999894e-25
7.800000000000000000e+01 1.477332425489999887e-25
7.900000000000000000e+01 1.480750303690000002e-25
8.000000000000000000e+01 1.484183526200000052e-25
8.100000000000000000e+01 1.487632194030000016e-25
8.200000000000000000e+01 1.491096409030000099e-25
8.300000000000000000e+01 1.494576273919999945e-25
8.400000000000000000e+01 1.498071892290000017e-25
8.500000000000000000e+01 1.501583368619999924e-25
8.600000000000000000e+01 1.505110808270000059e-25
8.700000000000000000e+01 1.508654317509999893e-25
8.800000000000000000e+01 1.512214003510000078e-25
8.900000000000000000e+01 1.515789974380000015e-25
9.000000000000000000e+01 1.519382339130000056e-25
9.100000000000000000e+01 1.522991207729999926e-25
9.200000000000000000e+01 1.526616691089999939e-25
9.300000000000000000e+01 1.530258901070000045e-25
9.400000000000000000e+01 1.533917950519999930e-25
9.500000000000000000e+01 1.537593953240000063e-25
9.600000000000000000e+01 1.541287024029999929e-25
9.700000000000000000e+01 1.544997278700000058e-25
9.800000000000000000e+01 1.548724834069999962e-25
9.900000000000000000e+01 1.552469807950000035e-25
1.000000000000000000e+02 1.556232319209999949e-25
1.010000000000000000e+02 1.560012487749999895e-25
1.020000000000000000e+02 1.563810434520000065e-25
1.030000000000000000e+02 1.567626281550000086e-25
1.040000000000000000e+02 1.571460151930000014e-25
1.050000000000000000e+02 1.575312169839999996e-25
1.060000000000000000e+02 1.579182460550000049e-25
1.070000000000000000e+02 1.583071150459999923e-25
1.080000000000000000e+02 1.586978367069999889e-25
1.090000000000000000e+02 1.590904239029999889e-25
1.100000000000000000e+02 1.594848896130000024e-25
1.110000000000000000e+02 1.598812469310000068e-25
1.120000000000000000e+02 1.602795090700000017e-25
1.130000000000000000e+02 1.606796893599999932e-25
1.140000000000000000e+02 1.610818012500000102e-25
1.150000000000000000e+02 1.614858583119999990e-25
1.160000000000000000e+02 1.618918742379999943e-25
1.170000000000000000e+02 1.622998628460000075e-25
1.180000000000000000e+02 1.627098380759999941e-25
1.190000000000000000e+02 1.631218139980000106e-25
1.200000000000000000e+02 1.635358048060000054e-25
1.210000000000000000e+02 1.639518248250000016e-25
1.220000000000000000e+02 1.643698885100000091e-25
1.230000000000000000e+02 1.647900104489999914e-25
1.240000000000000000e+02 1.652122053610000103e-25
1.250000000000000000e+02 1.656364881039999925e-25
1.260000000000000000e+02 1.660628736670000089e-25
1.270000000000000000e+02 1.664913771810000086e-25
1.280000000000000000e+02 1.669220139159999895e-25
1.290000000000000000e+02 1.673547992800000017e-25
1.300000000000000000e+02 1.677897488270000064e-25
1.310000000000000000e+02 1.682268782540000004e-25
1.320000000000000000e+02 1.686662034019999902e-25
1.330000000000000000e+02 1.691077402629999916e-25
1.340000000000000000e+02 1.695515049750000003e-25
1.350000000000000000e+02 1.699975138269999988e-25
1.360000000000000000e+02 1.704457832609999950e-25
1.370000000000000000e+02 1.708963298749999902e-25
1.380000000000000000e+02 1.713491704210000083e-25
1.390000000000000000e+02 1.718043218069999971e-25
1.400000000000000000e+02 1.722618011039999894e-25
1.410000000000000000e+02 1.727216255420000013e-25
1.420000000000000000e+02 1.731838125149999927e-25
1.430000000000000000e+02 1.736483795820000016e-25
1.440000000000000000e+02 1.741153444690000003e-25
1.450000000000000000e+02 1.745847250690000097e-25
1.460000000000000000e+02 1.750565394480000109e-25
1.470000000000000000e+02 1.755308058449999911e-25
1.480000000000000000e+02 1.760075426719999898e-25
1.490000000000000000e+02 1.764867685169999965e-25
1.500000000000000000e+02 1.769685021509999972e-25
1.510000000000000000e+02 1.774527625209999970e-25
1.520000000000000000e+02 1.779395687600000106e-25
1.530000000000000000e+02 1.784289401840000028e-25
1.540000000000000000e+02 1.789208962990000037e-25
1.550000000000000000e+02 1.794154567980000033e-25
1.560000000000000000e+02 1.799126415679999981e-25
1.570000000000000000e+02 1.804124706860000035e-25
1.580000000000000000e+02 1.809149644309999918e-25
1.590000000000000000e+02 1.814201432749999906e-25
1.600000000000000000e+02 1.819280278940000008e-25
1.610000000000000000e+02 1.824386391660000030e-25
1.620000000000000000e+02 1.829519981770000070e-25
1.630000000000000000e+02 1.834681262179999923e-25
1.640000000000000000e+02 1.839870447929999972e-25
1.650000000000000000e+02 1.845087756170000101e-25
1.660000000000000000e+02 1.850333406229999925e-25
1.670000000000000000e+02 1.855607619609999975e-25
1.680000000000000000e+02 1.860910620019999954e-25
1.690000000000000000e+02 1.866242633410000020e-25
1.700000000000000000e+02 1.871603887980000062e-25
1.710000000000000000e+02 1.876994614249999931e-25
1.720000000000000000e+02 1.882415045020000031e-25
1.730000000000000000e+02 1.887865415460000101e-25
1.740000000000000000e+02 1.893345963120000106e-25
1.750000000000000000e+02 1.898856927920000038e-25
1.760000000000000000e+02 1.904398552260000013e-25
1.770000000000000000e+02 1.909971080969999978e-25
1.780000000000000000e+02 1.915574761369999970e-25
1.790000000000000000e+02 1.921209843329999925e-25
1.800000000000000000e+02 1.926876579259999933e-25
1.810000000000000000e+02 1.932575224150000112e-25
1.820000000000000000e+02 1.938306035610000015e-25
1.830000000000000000e+02 1.944069273920000076e-25
1.840000000000000000e+02 1.949865202029999999e-25
1.850000000000000000e+02 1.955694085590000038e-25
1.860000000000000000e+02 1.961556193030000048e-25
1.870000000000000000e+02 1.967451795559999944e-25
1.880000000000000000e+02 1.973381167190000089e-25
1.890000000000000000e+02 1.979344584809999892e-25
1.900000000000000000e+02 1.985342328190000097e-25
1.910000000000000000e+02 1.991374680030000097e-25
1.920000000000000000e+02 1.997441926000000096e-25
1.930000000000000000e+02 2.003544354759999899e-25
1.940000000000000000e+02 2.009682258020000091e-25
1.950000000000000000e+02 2.015855930570000097e-25
1.960000000000000000e+02 2.022065670330000094e-25
1.970000000000000000e+02 2.028311778360000052e-25
1.980000000000000000e+02 2.034594558919999997e-25
1.990000000000000000e+02 2.040914319520000081e-25
2.000000000000000000e+02 2.047271370950000020e-25
2.010000000000000000e+02 2.053666027320000111e-25
2.020000000000000000e+02 2.060098606119999890e-25
2.030000000000000000e+02 2.066569428229999934e-25
2.040000000000000000e+02 2.073078817999999991e-25
2.050000000000000000e+02 2.079627103279999799e-25
2.060000000000000000e+02 2.086214615449999909e-25
2.070000000000000000e+02 2.092841689500000042e-25
2.080000000000000000e+02 2.099508664049999944e-25
2.090000000000000000e+02 2.106215881420000070e-25
2.100000000000000000e+02 2.112963687640000182e-25
2.110000000000000000e+02 2.119752432539999962e-25
2.120000000000000000e+02 2.126582469779999841e-25
2.130000000000000000e+02 2.133454156909999876e-25
2.140000000000000000e+02 2.140367855420000051e-25
2.150000000000000000e+02 2.147323930760000207e-25
2.160000000000000000e+02 2.154322752470000079e-25
2.170000000000000000e+02 2.161364694149999848e-25
2.180000000000000000e+02 2.168450133549999850e-25
2.190000000000000000e+02 2.175579452639999888e-25
2.200000000000000000e+02 2.182753037659999979e-25
2.210000000000000000e+02 2.189971279139999838e-25
2.220000000000000000e+02 2.197234572029999824e-25
2.230000000000000000e+02 2.204543315680000088e-25
2.240000000000000000e+02 2.211897913960000178e-25
2.250000000000000000e+02 2.219298775279999896e-25
2.260000000000000000e+02 2.226746312699999850e-25
2.270000000000000000e+02 2.234240943940000047e-25
2.280000000000000000e+02 2.241783091480000022e-25
2.290000000000000000e+02 2.249373182610000054e-25
2.300000000000000000e+02 2.257011649490000047e-25
2.310000000000000000e+02 2.264698929250000125e-25
2.320000000000000000e+02 2.272435464010000100e-25
2.330000000000000000e+02 2.280221701000000005e-25
2.340000000000000000e+02 2.288058092580000023e-25
2.350000000000000000e+02 2.295945096360000093e-25
2.360000000000000000e+02 2.303883175229999815e-25
2.370000000000000000e+02 2.311872797469999920e-25
2.380000000000000000e+02 2.319914436799999818e-25
2.390000000000000000e+02 2.328008572470000050e-25
2.400000000000000000e+02 2.336155689340000193e-25
2.410000000000000000e+02 2.344356277930000071e-25
2.420000000000000000e+02 2.352610834539999824e-25
2.430000000000000000e+02 2.360919861330000099e-25
2.440000000000000000e+02 2.369283866350000121e-25
2.450000000000000000e+02 2.377703363699999918e-25
2.460000000000000000e+02 2.386178873560000225e-25
2.470000000000000000e+02 2.394710922289999859e-25
2.480000000000000000e+02 2.403300042529999983e-25
2.490000000000000000e+02 2.411946773290000137e-25
2.500000000000000000e+02 2.420651660029999812e-25
2.510000000000000000e+02 2.429415254769999926e-25
2.520000000000000000e+02 2.438238116149999871e-25
2.530000000000000000e+02 2.447120809590000204e-25
2.540000000000000000e+02 2.456063907299999856e-25
2.550000000000000000e+02 2.465067988470000105e-25
2.560000000000000000e+02 2.474133639309999847e-25
2.570000000000000000e+02 2.483261453190000192e-25
2.580000000000000000e+02 2.492452030700000133e-25
2.590000000000000000e+02 2.501705979810000153e-25
2.600000000000000000e+02 2.511023915950000126e-25
2.610000000000000000e+02 2.520406462119999874e-25
2.620000000000000000e+02 2.529854249010000151e-25
2.630000000000000000e+02 2.539367915119999953e-25
2.640000000000000000e+02 2.548948106839999930e-25
2.650000000000000000e+02 2.558595478629999957e-25
2.660000000000000000e+02 2.568310693079999855e-25
2.670000000000000000e+02 2.578094421090000180e-25
2.680000000000000000e+02 2.587947341930000187e-25
2.690000000000000000e+02 2.597870143429999964e-25
2.700000000000000000e+02 2.607863522070000132e-25
2.710000000000000000e+02 2.617928183110000047e-25
2.720000000000000000e+02 2.628064840769999958e-25
2.730000000000000000e+02 2.638274218289999897e-25
2.740000000000000000e+02 2.648557048139999904e-25
2.750000000000000000e+02 2.658914072130000130e-25
2.760000000000000000e+02 2.669346041539999943e-25
2.770000000000000000e+02 2.679853717310000069e-25
2.780000000000000000e+02 2.690437870129999994e-25
2.790000000000000000e+02 2.701099280659999999e-25
2.800000000000000000e+02 2.711838739609999980e-25
2.810000000000000000e+02 2.722657047950000135e-25
2.820000000000000000e+02 2.733555017079999946e-25
2.830000000000000000e+02 2.744533468920000182e-25
2.840000000000000000e+02 2.755593236170000208e-25
2.850000000000000000e+02 2.766735162409999952e-25
2.860000000000000000e+02 2.777960102290000198e-25
2.870000000000000000e+02 2.789268921730000097e-25
2.880000000000000000e+02 2.800662498069999886e-25
2.890000000000000000e+02 2.812141720259999805e-25
2.900000000000000000e+02 2.823707489049999935e-25
2.910000000000000000e+02 2.835360717180000029e-25
2.920000000000000000e+02 2.847102329559999846e-25
2.930000000000000000e+02 2.858933263489999800e-25
2.940000000000000000e+02 2.870854468819999981e-25
2.950000000000000000e+02 2.882866908189999821e-25
2.960000000000000000e+02 2.894971557240000165e-25
2.970000000000000000e+02 2.907169404779999955e-25
2.980000000000000000e+02 2.919461453049999968e-25
2.990000000000000000e+02 2.931848717919999865e-25
3.000000000000000000e+02 2.944332229089999832e-25
3.010000000000000000e+02 2.956913030390000050e-25
3.020000000000000000e+02 2.969592179919999780e-25
3.030000000000000000e+02 2.982370750350000050e-25
3.040000000000000000e+02 2.995249829150000145e-25
3.050000000000000000e+02 3.008230518820000070e-25
3.060000000000000000e+02 3.021313937150000149e-25
3.070000000000000000e+02 3.034501217480000176e-25
3.080000000000000000e+02 3.047793508949999973e-25
3.090000000000000000e+02 3.061191976789999811e-25
3.100000000000000000e+02 3.074697802560000086e-25
3.110000000000000000e+02 3.088312184429999940e-25
3.120000000000000000e+02 3.102036337489999913e-25
3.130000000000000000e+02 3.115871494030000111e-25
3.140000000000000000e+02 3.129818903789999840e-25
3.150000000000000000e+02 3.143879834320000103e-25
3.160000000000000000e+02 3.158055571249999951e-25
3.170000000000000000e+02 3.172347418610000034e-25
3.180000000000000000e+02 3.186756699150000164e-25
3.190000000000000000e+02 3.201284754640000173e-25
3.200000000000000000e+02 3.215932946260000008e-25
3.210000000000000000e+02 3.230702654870000224e-25
3.220000000000000000e+02 3.245595281389999816e-25
3.230000000000000000e+02 3.260612247150000122e-25
3.240000000000000000e+02 3.275754994240000002e-25
3.250000000000000000e+02 3.291024985870000166e-25
3.260000000000000000e+02 3.306423706779999990e-25
3.270000000000000000e+02 3.321952663560000141e-25
3.280000000000000000e+02 3.337613385090000212e-25
3.290000000000000000e+02 3.353407422930000200e-25
3.300000000000000000e+02 3.369336351690000210e-25
3.310000000000000000e+02 3.385401769499999825e-25
3.320000000000000000e+02 3.401605298380000113e-25
3.330000000000000000e+02 3.417948584699999819e-25
3.340000000000000000e+02 3.434433299619999885e-25
3.350000000000000000e+02 3.451061139520000209e-25
3.360000000000000000e+02 3.467833826499999839e-25
3.370000000000000000e+02 3.484753108810000149e-25
3.380000000000000000e+02 3.501820761340000021e-25
3.390000000000000000e+02 3.519038586120000170e-25
3.400000000000000000e+02 3.536408412810000163e-25
3.410000000000000000e+02 3.553932099219999919e-25
3.420000000000000000e+02 3.571611531829999846e-25
3.430000000000000000e+02 3.589448626320000016e-25
3.440000000000000000e+02 3.607445328110000229e-25
3.450000000000000000e+02 3.625603612949999915e-25
3.460000000000000000e+02 3.643925489149999997e-25
3.470000000000000000e+02 3.662412989630000056e-25
3.480000000000000000e+02 3.681068189609999964e-25
3.490000000000000000e+02 3.699893347810000182e-25
3.500000000000000000e+02 3.718890127440000198e-25
3.510000000000000000e+02 3.738061171289999810e-25
3.520000000000000000e+02 3.757408537870000012e-25
3.530000000000000000e+02 3.776934432169999925e-25
3.540000000000000000e+02 3.796641164879999782e-25
3.550000000000000000e+02 3.816531044340000182e-25
3.560000000000000000e+02 3.836606395920000012e-25
3.570000000000000000e+02 3.856869632749999839e-25
3.580000000000000000e+02 3.877323178809999974e-25
3.590000000000000000e+02 3.897969477680000221e-25
3.600000000000000000e+02 3.918811062229999800e-25
3.610000000000000000e+02 3.939850479630000124e-25
3.620000000000000000e+02 3.961090279750000174e-25
3.630000000000000000e+02 3.982533146199999844e-25
3.640000000000000000e+02 4.004181727250000229e-25
3.650000000000000000e+02 4.026038741650000216e-25
3.660000000000000000e+02 4.048106980369999955e-25
3.670000000000000000e+02 4.070389208989999822e-25
3.680000000000000000e+02 4.092888325140000227e-25
3.690000000000000000e+02 4.115607281779999962e-25
3.700000000000000000e+02 4.138548865490000272e-25
3.710000000000000000e+02 4.161716247850000059e-25
3.720000000000000000e+02 4.185112773940000420e-25
3.735000000000000000e+02 4.220672140664999950e-25
3.760000000000000000e+02 4.281133564733333465e-25
3.795000000000000000e+02 4.368360596007500591e-25
3.835000000000000000e+02 4.471837539597499838e-25
3.875000000000000000e+02 4.579664569632500066e-25
3.915000000000000000e+02 4.692097659792499843e-25
3.955000000000000000e+02 4.809407668505000467e-25
3.995000000000000000e+02 4.931891081704999350e-25
4.035000000000000000e+02 5.059862079330000137e-25
4.075000000000000000e+02 5.193663185702499585e-25
4.115000000000000000e+02 5.333661590980000128e-25
4.155000000000000000e+02 5.480258471375000840e-25
4.195000000000000000e+02 5.633895621847500680e-25
4.235000000000000000e+02 5.794987985257500771e-25
4.280000000000000000e+02 5.986029232632000019e-25
4.325000000000000000e+02 6.187575964819999991e-25
4.365000000000000000e+02 6.376767545807500959e-25
4.410000000000000000e+02 6.602452963627999864e-25
4.455000000000000000e+02 6.840165991209999932e-25
4.495000000000000000e+02 7.064527761490000067e-25
4.540000000000000000e+02 7.332252874602001464e-25
4.590000000000000000e+02 7.650403685909999659e-25
4.635000000000000000e+02 7.971169342322499835e-25
4.680000000000000000e+02 8.282872847140000437e-25
4.725000000000000000e+02 8.632751079055000857e-25
4.770000000000000000e+02 9.006926045070000020e-25
4.820000000000000000e+02 9.462631372421999245e-25
4.870000000000000000e+02 9.943663251150000216e-25
4.920000000000000000e+02 1.047695181999999917e-24
4.970000000000000000e+02 1.104765989851999874e-24
5.020000000000000000e+02 1.167852606863999940e-24
5.070000000000000000e+02 1.247536541082000051e-24
5.120000000000000000e+02 1.313916186090000169e-24
5.170000000000000000e+02 1.399583375826000116e-24
5.220000000000000000e+02 1.493961784281999805e-24
5.270000000000000000e+02 1.609124104317999966e-24
5.325000000000000000e+02 2.786110879489999645e-24
5.380000000000000000e+02 1.919403698151999764e-24
5.430000000000000000e+02 2.301332752496000339e-24
5.485000000000000000e+02 2.387314069678333402e-24
5.540000000000000000e+02 2.501174704680000258e-24
5.595000000000000000e+02 2.727669748025000180e-24
5.655000000000000000e+02 3.660521083459999476e-24
5.710000000000000000e+02 4.462127170336000338e-24
5.765000000000000000e+02 4.851788724070000434e-24
5.825000000000000000e+02 8.860517503221665989e-24
5.885000000000000000e+02 1.355507448061833312e-23
5.945000000000000000e+02 6.637447537556498780e-23
6.005000000000000000e+02 5.596229835723499507e-22
6.065000000000000000e+02 6.099530045073333516e-23
6.125000000000000000e+02 1.404031925816349742e-21
6.185000000000000000e+02 8.282407705156833329e-21
6.245000000000000000e+02 1.643313645575999951e-22
6.305000000000000000e+02 3.555449451260666753e-21
6.370000000000000000e+02 1.095621275800571346e-21
6.435000000000000000e+02 3.077331515448166323e-21
6.500000000000000000e+02 2.427031158170571272e-20
6.565000000000000000e+02 7.688293006027933367e-19
6.630000000000000000e+02 1.147151393204714337e-20
6.695000000000000000e+02 1.377813632927390340e-18
6.760000000000000000e+02 2.416471448089713943e-19
6.830000000000000000e+02 4.584905593913857061e-20
6.900000000000000000e+02 3.546455499261285109e-20
6.970000000000000000e+02 3.031182261651000233e-21
7.040000000000000000e+02 1.032070811808285559e-21
7.110000000000000000e+02 2.591259475904071526e-21
7.180000000000000000e+02 5.478605284383570518e-22
7.250000000000000000e+02 5.710143624880714224e-22
7.320000000000000000e+02 6.675749664397144111e-23
7.395000000000000000e+02 3.558581248058749695e-23
7.470000000000000000e+02 1.669090853729856909e-23
7.545000000000000000e+02 6.349105098323750360e-24
7.620000000000000000e+02 4.590769905651428664e-24
7.695000000000000000e+02 5.430796252131250152e-24
7.775000000000000000e+02 2.866362781041249695e-24
7.855000000000000000e+02 2.444824106362500119e-24
7.930000000000000000e+02 2.833623923721428934e-24
8.005000000000000000e+02 2.420444310477500209e-24
8.085000000000000000e+02 1.736136914192499951e-24
8.170000000000000000e+02 1.573156515906666812e-24
8.255000000000000000e+02 1.362962117600000059e-24
8.335000000000000000e+02 1.240138111547499865e-24
8.415000000000000000e+02 1.141786659043750040e-24
8.500000000000000000e+02 1.048380342798889057e-24
8.585000000000000000e+02 9.698596829809999654e-25
8.670000000000000000e+02 9.028333892416665980e-25
8.760000000000000000e+02 8.398616736396667797e-25
8.850000000000000000e+02 7.855787185172220827e-25
8.935000000000000000e+02 7.435112153561250585e-25
9.020000000000000000e+02 7.054838638773332715e-25
9.115000000000000000e+02 6.631246579152999739e-25
9.210000000000000000e+02 6.578710695787778032e-25
9.300000000000000000e+02 1.604671057760221850e-24
9.390000000000000000e+02 5.906325642918887987e-25
9.485000000000000000e+02 1.237151182207900038e-24
9.580000000000000000e+02 5.511020209470000360e-25
9.675000000000000000e+02 6.232452009181999746e-25
9.775000000000000000e+02 5.882868650174999032e-25
9.870000000000000000e+02 4.754591612854443964e-25
9.965000000000000000e+02 4.610578927390999346e-25
1.006500000000000000e+03 4.418577959903000022e-25
1.016500000000000000e+03 4.325659866084999794e-25
1.027000000000000000e+03 4.207439968441817561e-25
1.037500000000000000e+03 4.308004137505999324e-25
1.047500000000000000e+03 1.291841022457800094e-24
1.058000000000000000e+03 7.023487653156363560e-25
1.069000000000000000e+03 2.365968523788454507e-24
1.079500000000000000e+03 3.349070820515299975e-24
1.090000000000000000e+03 1.151007418576454558e-24
1.101000000000000000e+03 3.700629552141817606e-25
1.112000000000000000e+03 3.631949310520909130e-25
1.123000000000000000e+03 3.598298203458181569e-25
1.134500000000000000e+03 3.569984618219999758e-25
1.146000000000000000e+03 3.547833753805454495e-25
1.157500000000000000e+03 3.531560843115833292e-25
1.169000000000000000e+03 3.520626730347272711e-25
1.180500000000000000e+03 3.514876733679999643e-25
1.192500000000000000e+03 3.514184706509166085e-25
1.204500000000000000e+03 3.525935963445833123e-25
1.216500000000000000e+03 3.626888742987499987e-25
1.228500000000000000e+03 3.823911496893333478e-25
1.240500000000000000e+03 7.805127466970835012e-25
1.253000000000000000e+03 1.402648204017615420e-24
1.266000000000000000e+03 1.169329679840000169e-24
1.278500000000000000e+03 5.568398843833333953e-25
1.291000000000000000e+03 4.323701340652307908e-25
1.304000000000000000e+03 3.731158149489230392e-25
1.317000000000000000e+03 3.779390785108460763e-25
1.330000000000000000e+03 4.050158034570769792e-25
1.343500000000000000e+03 4.721391771102142469e-25
1.357000000000000000e+03 9.311307932029999037e-25
1.370500000000000000e+03 1.819200599005928787e-24
1.384500000000000000e+03 1.365470570413357295e-24
1.398500000000000000e+03 5.731090458827857638e-25
1.412500000000000000e+03 4.333114850796428516e-25
1.426500000000000000e+03 4.353508314156429480e-25
1.440500000000000000e+03 4.451124387086427170e-25
1.455000000000000000e+03 4.562331776982667120e-25
1.469500000000000000e+03 4.681055652277142206e-25
1.484000000000000000e+03 4.807746249678665743e-25
1.499000000000000000e+03 4.947338339051331841e-25
1.514000000000000000e+03 5.096286982149332262e-25
1.529000000000000000e+03 5.255072785082667107e-25
1.544500000000000000e+03 5.430291919522499745e-25
1.560000000000000000e+03 5.617389030831334652e-25
1.575500000000000000e+03 5.817493655990624471e-25
1.591500000000000000e+03 6.038505965689999660e-25
1.607500000000000000e+03 6.275449754340624966e-25
1.623500000000000000e+03 6.529654152304999881e-25
1.639500000000000000e+03 6.802609362898125129e-25
1.656000000000000000e+03 7.105625227458234226e-25
1.672500000000000000e+03 7.432189085352499991e-25
1.689000000000000000e+03 7.785143830232352470e-25
1.706000000000000000e+03 8.178788550649411191e-25
1.723000000000000000e+03 8.606293630191174579e-25
1.740500000000000000e+03 9.085933146808332374e-25
1.758000000000000000e+03 9.609779138818823308e-25
1.775500000000000000e+03 1.018452936183110993e-24
1.793500000000000000e+03 1.083465684368333430e-24
1.811500000000000000e+03 1.155311021806666894e-24
1.829500000000000000e+03 1.235182881439999671e-24
1.847500000000000000e+03 1.332252236696110994e-24
1.866000000000000000e+03 1.530560053081052293e-24
1.884500000000000000e+03 1.630898091387222274e-24
1.903000000000000000e+03 1.579487233037737120e-23
1.922000000000000000e+03 7.637605020911579554e-24
1.941500000000000000e+03 1.178506030986999681e-23
1.961000000000000000e+03 2.547680134077367961e-24
1.980500000000000000e+03 2.453860495329500077e-24
2.000500000000000000e+03 2.769287485003999998e-24
2.020500000000000000e+03 6.007476268528000320e-24
2.040500000000000000e+03 3.145489869644850161e-23
2.061000000000000000e+03 4.164716566847141659e-23
2.082000000000000000e+03 1.156901364563390378e-22
2.102500000000000000e+03 9.297920646877000515e-24
2.123500000000000000e+03 7.286265538811818154e-24
2.145000000000000000e+03 8.537152129636190832e-24
2.166500000000000000e+03 1.020018136011909195e-23
2.188000000000000000e+03 1.329640975081428649e-23
2.209500000000000000e+03 1.829421053585908668e-23
2.231500000000000000e+03 6.550578258712272277e-23
2.254000000000000000e+03 2.697096672543443919e-21
2.277000000000000000e+03 1.283664226020996024e-20
2.299500000000000000e+03 2.157139813160518276e-20
2.322500000000000000e+03 4.581806306269011362e-19
2.346000000000000000e+03 1.479016969986543451e-18
2.369000000000000000e+03 2.065240602497238760e-19
2.392500000000000000e+03 1.636119203170000243e-21
2.416500000000000000e+03 8.324120424874582323e-23
2.441000000000000000e+03 4.136600248389201347e-23
2.465500000000000000e+03 2.496025835832915897e-23
2.490000000000000000e+03 1.687827169472000027e-23
2.515000000000000000e+03 1.205738993697200089e-23
2.540000000000000000e+03 9.010682089849997638e-24
2.565500000000000000e+03 6.997721034187306500e-24
2.591500000000000000e+03 5.643665997116923503e-24
2.617500000000000000e+03 4.889020665329615025e-24
2.643500000000000000e+03 3.850115192959230747e-24
2.669500000000000000e+03 3.182880889383077639e-24
2.696000000000000000e+03 2.712739344407777426e-24
2.723000000000000000e+03 2.336915885935185074e-24
2.750500000000000000e+03 2.096318246174999472e-24
2.778000000000000000e+03 1.804522853038148240e-24
2.805500000000000000e+03 1.578188506181785591e-24
2.834000000000000000e+03 1.396174271715516913e-24
2.862500000000000000e+03 1.247875350418571660e-24
2.891000000000000000e+03 1.122908513745172248e-24
2.920000000000000000e+03 1.014707525418517237e-24
2.949000000000000000e+03 9.222549258179998246e-25
2.978500000000000000e+03 8.439570736407331401e-25
3.008500000000000000e+03 7.704501445551001134e-25
3.038500000000000000e+03 7.086561310803001955e-25
3.068500000000000000e+03 6.553196595788665210e-25
3.099000000000000000e+03 6.088334480918386682e-25
3.130000000000000000e+03 5.725614110888711321e-25
3.161500000000000000e+03 5.517762211331563637e-25
3.193500000000000000e+03 5.685095903545312796e-25
3.225500000000000000e+03 4.793370010931249666e-25
3.257500000000000000e+03 4.548692278479999930e-25
3.290000000000000000e+03 4.800689819804846922e-25
3.323000000000000000e+03 5.706673730216666887e-25
3.356000000000000000e+03 2.093758236114940223e-24
3.389500000000000000e+03 4.794597687487059674e-25
3.423500000000000000e+03 4.637525180941763995e-25
3.458000000000000000e+03 1.321289748474571481e-24
3.492500000000000000e+03 4.823766349849150366e-23
3.527000000000000000e+03 2.071839630064743098e-22
3.562500000000000000e+03 4.639504330663915304e-22
3.598500000000000000e+03 4.665543176764889085e-21
3.634500000000000000e+03 5.138994740590075713e-21
3.670500000000000000e+03 1.543357465826194317e-22
3.707000000000000000e+03 1.019861122289812213e-19
3.744500000000000000e+03 3.492594638118529117e-20
3.782000000000000000e+03 1.775962167554594587e-24
3.819500000000000000e+03 8.311681151362105131e-25
3.858000000000000000e+03 5.174589116449744012e-25
3.896500000000000000e+03 3.562784796034999652e-25
3.935000000000000000e+03 2.775525482789999729e-25
3.974500000000000000e+03 2.400638832913750442e-25
4.014500000000000000e+03 2.269971834478749853e-25
4.054500000000000000e+03 1.787977044379250391e-25
4.095000000000000000e+03 1.610763734903415116e-25
4.136000000000000000e+03 1.475994582881951534e-25
4.177500000000000000e+03 1.358260457603094914e-25
4.219500000000000000e+03 1.257211258612857275e-25
4.261500000000000000e+03 1.173668404879047514e-25
4.304000000000000000e+03 1.100822117645813701e-25
4.347000000000000000e+03 1.036891052792790786e-25
4.390500000000000000e+03 9.833543754303636348e-26
4.434500000000000000e+03 9.339253648061818346e-26
4.479000000000000000e+03 9.509162028011110527e-26
4.524000000000000000e+03 8.708620093454444385e-26
4.569000000000000000e+03 8.565971833136887317e-26
4.614500000000000000e+03 2.054865369871325682e-25
4.660500000000000000e+03 3.712516126145696426e-25
4.707000000000000000e+03 1.290105189138127771e-25
4.754500000000000000e+03 3.789201613049916558e-25
4.802000000000000000e+03 5.432048630241446984e-24
4.850000000000000000e+03 2.434221936824717710e-22
4.898500000000000000e+03 1.055345486380667017e-23
4.947500000000000000e+03 3.836563255092580527e-22
4.997000000000000000e+03 2.335578096111677256e-22
5.047000000000000000e+03 4.044698727334412089e-24
5.097500000000000000e+03 1.075364050971125913e-22
5.148000000000000000e+03 5.818678479409405928e-24
5.199500000000000000e+03 5.866006982697884540e-26
5.251500000000000000e+03 6.732311324800386530e-26
5.304000000000000000e+03 5.399685486260245837e-25
5.357500000000000000e+03 5.506986130000183616e-26
5.411000000000000000e+03 3.992625062931510023e-26
5.465000000000000000e+03 3.826770476723454066e-26
5.520000000000000000e+03 3.678578253693091268e-26
5.575000000000000000e+03 3.584319295192909008e-26
5.630500000000000000e+03 3.414878407567857423e-26
5.687000000000000000e+03 3.294836978131577935e-26
5.744000000000000000e+03 3.166637448962982196e-26
5.801500000000000000e+03 3.071774185781206141e-26
5.859500000000000000e+03 3.851364995428276872e-26
5.918000000000000000e+03 3.359116375539661799e-26
5.977000000000000000e+03 3.915536982324068822e-26
6.036500000000000000e+03 6.273361686973999904e-26
6.097000000000000000e+03 6.695713499134640063e-25
6.158000000000000000e+03 5.674111710028854984e-26
6.219500000000000000e+03 2.869518735380870280e-24
6.282000000000000000e+03 7.552420127290984497e-25
6.345000000000000000e+03 8.379385147999174947e-24
6.408500000000000000e+03 4.143503532971873900e-26
6.472500000000000000e+03 1.274120505989984341e-25
6.537000000000000000e+03 1.474930954172415410e-25
6.602500000000000000e+03 2.030390131685909055e-26
6.668500000000000000e+03 8.202868769700909257e-26
6.735000000000000000e+03 3.645841747704029850e-26
6.802500000000000000e+03 1.035034317717146655e-25
6.870500000000000000e+03 1.111838513188014672e-25
6.939000000000000000e+03 3.921033993746602134e-23
7.008500000000000000e+03 1.318267028435202659e-23
7.078500000000000000e+03 1.657919782973857293e-26
7.149500000000000000e+03 1.588548190074583012e-26
7.221000000000000000e+03 1.535507367931267974e-26
7.293000000000000000e+03 2.261862089647808532e-26
7.366000000000000000e+03 1.489176878399041645e-26
7.439500000000000000e+03 3.706668136697162550e-26
7.514000000000000000e+03 1.665873420933999383e-26
7.589500000000000000e+03 2.168285984098750213e-25
7.665500000000000000e+03 1.303293085515263297e-26
7.742000000000000000e+03 8.652007071067401773e-26
7.819500000000000000e+03 1.198827523798461471e-26
7.897500000000000000e+03 1.284077234408333358e-26
7.976500000000000000e+03 1.639216951979874693e-26
8.056500000000000000e+03 1.835284134604124459e-26
8.137000000000000000e+03 1.024741776287654488e-25
8.218000000000000000e+03 9.589114708541579802e-25
8.300000000000000000e+03 1.360971009541560441e-24
8.383500000000000000e+03 9.848835945047025407e-27
8.467500000000000000e+03 9.584674368687854373e-27
8.552000000000000000e+03 9.297012344872232825e-27
8.637500000000000000e+03 9.500475305512559578e-27
8.724000000000000000e+03 9.132074114303559433e-27
8.811000000000000000e+03 9.712014790825515633e-27
8.899000000000000000e+03 8.385413065589882974e-27
8.988000000000000000e+03 9.822752113361800154e-27
9.078000000000000000e+03 8.038172439459999416e-27
9.169000000000000000e+03 7.792184309327252764e-27
9.260500000000000000e+03 7.531639841789456313e-27
9.353000000000000000e+03 1.201420382428064229e-26
9.446500000000000000e+03 8.372977368856596020e-27
9.541000000000000000e+03 2.411373323513894135e-26
9.636500000000000000e+03 1.222474679307395522e-26
9.733000000000000000e+03 6.550546412008247568e-27
9.830000000000000000e+03 6.381508536156292794e-27
9.928000000000000000e+03 6.217679142600200546e-27
9.989000000000000000e+03 6.118661414679564497e-27
