1.000000000000000000e+01 9.284766312939999797e-26
1.100000000000000000e+01 9.305906486309999526e-26
1.200000000000000000e+01 9.322355954499999816e-26
1.300000000000000000e+01 9.341217634819999873e-26
1.400000000000000000e+01 9.402857039229999603e-26
1.500000000000000000e+01 9.379177339470000228e-26
1.600000000000000000e+01 9.398411414810000243e-26
1.700000000000000000e+01 9.420010518190000138e-26
1.800000000000000000e+01 9.436656081769999510e-26
1.900000000000000000e+01 9.456494724380000401e-26
2.000000000000000000e+01 9.475983068300000156e-26
2.100000000000000000e+01 9.494820669780000041e-26
2.200000000000000000e+01 9.516215827309999888e-26
2.300000000000000000e+01 9.534184992329999609e-26
2.400000000000000000e+01 9.553690398760000127e-26
2.500000000000000000e+01 9.601254459020000189e-26
2.600000000000000000e+01 9.593343711529999439e-26
2.700000000000000000e+01 9.613288118389999662e-26
2.800000000000000000e+01 9.643527534799999858e-26
2.900000000000000000e+01 9.653307219280000340e-26
3.000000000000000000e+01 9.673658744650000194e-26
3.100000000000000000e+01 9.696500047419999650e-26
3.200000000000000000e+01 9.714040759489999442e-26
3.300000000000000000e+01 9.734948594879999947e-26
3.400000000000000000e+01 9.755314527939999844e-26
3.500000000000000000e+01 9.775543234090000338e-26
3.600000000000000000e+01 9.800569621029999760e-26
3.700000000000000000e+01 9.816979555450000056e-26
3.800000000000000000e+01 9.837823796170000284e-26
3.900000000000000000e+01 9.859749316240000423e-26
4.000000000000000000e+01 9.879755693380000287e-26
4.100000000000000000e+01 9.900899809219999817e-26
4.200000000000000000e+01 9.922126517430000245e-26
4.300000000000000000e+01 9.943339346200000130e-26
4.400000000000000000e+01 9.964812668929999825e-26
4.500000000000000000e+01 9.986186143399999621e-26
4.600000000000000000e+01 1.000773157900000047e-25
4.700000000000000000e+01 1.003602196119999954e-25
4.800000000000000000e+01 1.005111256069999979e-25
4.900000000000000000e+01 1.007294086740000027e-25
5.000000000000000000e+01 1.009487694400000033e-25
5.100000000000000000e+01 1.011687349970000044e-25
5.200000000000000000e+01 1.013898486729999976e-25
5.300000000000000000e+01 1.016118375410000001e-25
5.400000000000000000e+01 1.018347858069999984e-25
5.500000000000000000e+01 1.020590101830000040e-25
5.600000000000000000e+01 1.022835713340000018e-25
5.700000000000000000e+01 1.025094066270000035e-25
5.800000000000000000e+01 1.027362346759999998e-25
5.900000000000000000e+01 1.029639914609999947e-25
6.000000000000000000e+01 1.031927571029999981e-25
6.100000000000000000e+01 1.034225070330000107e-25
6.200000000000000000e+01 1.036532519059999911e-25
6.300000000000000000e+01 1.038850213379999950e-25
6.400000000000000000e+01 1.041177527569999916e-25
6.500000000000000000e+01 1.043515204450000086e-25
6.600000000000000000e+01 1.045863090680000056e-25
6.700000000000000000e+01 1.048221226429999988e-25
6.800000000000000000e+01 1.050589704019999915e-25
6.900000000000000000e+01 1.052968581230000052e-25
7.000000000000000000e+01 1.055357924869999904e-25
7.100000000000000000e+01 1.057757802610000059e-25
7.200000000000000000e+01 1.060168282700000114e-25
7.300000000000000000e+01 1.062589433960000096e-25
7.400000000000000000e+01 1.065021325779999994e-25
7.500000000000000000e+01 1.067464028149999898e-25
7.600000000000000000e+01 1.069917611640000056e-25
7.700000000000000000e+01 1.072382147409999931e-25
7.800000000000000000e+01 1.074857707219999999e-25
7.900000000000000000e+01 1.077344363440000112e-25
8.000000000000000000e+01 1.079842189049999958e-25
8.100000000000000000e+01 1.082351257649999942e-25
8.200000000000000000e+01 1.084871643460000044e-25
8.300000000000000000e+01 1.087403421339999977e-25
8.400000000000000000e+01 1.089946666769999948e-25
8.500000000000000000e+01 1.092501455900000029e-25
8.600000000000000000e+01 1.095067865500000092e-25
8.700000000000000000e+01 1.097645973020000077e-25
8.800000000000000000e+01 1.100235856570000051e-25
8.900000000000000000e+01 1.102837594919999981e-25
9.000000000000000000e+01 1.105451267540000062e-25
9.100000000000000000e+01 1.108076954549999963e-25
9.200000000000000000e+01 1.110714736799999941e-25
9.300000000000000000e+01 1.113364695820000089e-25
9.400000000000000000e+01 1.116026913840000036e-25
9.500000000000000000e+01 1.118701473810000034e-25
9.600000000000000000e+01 1.121388459419999974e-25
9.700000000000000000e+01 1.124087955069999940e-25
9.800000000000000000e+01 1.126800045889999916e-25
9.900000000000000000e+01 1.129524817769999917e-25
1.000000000000000000e+02 1.132262357340000055e-25
1.010000000000000000e+02 1.135012752019999914e-25
1.020000000000000000e+02 1.137776089949999932e-25
1.030000000000000000e+02 1.140552460089999918e-25
1.040000000000000000e+02 1.143341952169999910e-25
1.050000000000000000e+02 1.146144656699999914e-25
1.060000000000000000e+02 1.148960665009999995e-25
1.070000000000000000e+02 1.151790069229999890e-25
1.080000000000000000e+02 1.154632962320000058e-25
1.090000000000000000e+02 1.157489438049999902e-25
1.100000000000000000e+02 1.160359591060000105e-25
1.110000000000000000e+02 1.163243516790000100e-25
1.120000000000000000e+02 1.166141311570000074e-25
1.130000000000000000e+02 1.169053072589999915e-25
1.140000000000000000e+02 1.171978897899999903e-25
1.150000000000000000e+02 1.174918886449999889e-25
1.160000000000000000e+02 1.177873138060000083e-25
1.170000000000000000e+02 1.180841753469999972e-25
1.180000000000000000e+02 1.183824834339999925e-25
1.190000000000000000e+02 1.186822483240000079e-25
1.200000000000000000e+02 1.189834803670000045e-25
1.210000000000000000e+02 1.192861900070000021e-25
1.220000000000000000e+02 1.195903877859999974e-25
1.230000000000000000e+02 1.198960843390000031e-25
1.240000000000000000e+02 1.202032904010000023e-25
1.250000000000000000e+02 1.205120168030000074e-25
1.260000000000000000e+02 1.208222744789999910e-25
1.270000000000000000e+02 1.211340744609999945e-25
1.280000000000000000e+02 1.214474278839999966e-25
1.290000000000000000e+02 1.217623459860000053e-25
1.300000000000000000e+02 1.220788401079999891e-25
1.310000000000000000e+02 1.223969216980000014e-25
1.320000000000000000e+02 1.227166023100000002e-25
1.330000000000000000e+02 1.230378936050000055e-25
1.340000000000000000e+02 1.233608073530000013e-25
1.350000000000000000e+02 1.236853554359999937e-25
1.360000000000000000e+02 1.240115498449999989e-25
1.370000000000000000e+02 1.243394026850000030e-25
1.380000000000000000e+02 1.246689261739999886e-25
1.390000000000000000e+02 1.250001326469999906e-25
1.400000000000000000e+02 1.253330345529999909e-25
1.410000000000000000e+02 1.256676444609999910e-25
1.420000000000000000e+02 1.260039750589999920e-25
1.430000000000000000e+02 1.263420391539999948e-25
1.440000000000000000e+02 1.266818496770000064e-25
1.450000000000000000e+02 1.270234196819999974e-25
1.460000000000000000e+02 1.273667623459999942e-25
1.470000000000000000e+02 1.277118909749999896e-25
1.480000000000000000e+02 1.280588190000000026e-25
1.490000000000000000e+02 1.284075599840000092e-25
1.500000000000000000e+02 1.287581276189999981e-25
1.510000000000000000e+02 1.291105357300000038e-25
1.520000000000000000e+02 1.294647982739999947e-25
1.530000000000000000e+02 1.298209293449999946e-25
1.540000000000000000e+02 1.301789431750000106e-25
1.550000000000000000e+02 1.305388541329999905e-25
1.560000000000000000e+02 1.309006767269999997e-25
1.570000000000000000e+02 1.312644256089999983e-25
1.580000000000000000e+02 1.316301155740000052e-25
1.590000000000000000e+02 1.319977615619999995e-25
1.600000000000000000e+02 1.323673786610000026e-25
1.610000000000000000e+02 1.327389821039999960e-25
1.620000000000000000e+02 1.331125872790000038e-25
1.630000000000000000e+02 1.334882097239999936e-25
1.640000000000000000e+02 1.338658651319999985e-25
1.650000000000000000e+02 1.342455693500000051e-25
1.660000000000000000e+02 1.346273383850000029e-25
1.670000000000000000e+02 1.350111884030000108e-25
1.680000000000000000e+02 1.353971357310000009e-25
1.690000000000000000e+02 1.357851968600000044e-25
1.700000000000000000e+02 1.361753884459999927e-25
1.710000000000000000e+02 1.365677273149999993e-25
1.720000000000000000e+02 1.369622304599999916e-25
1.730000000000000000e+02 1.373589150459999923e-25
1.740000000000000000e+02 1.377577984120000041e-25
1.750000000000000000e+02 1.381588980739999996e-25
1.760000000000000000e+02 1.385622317239999937e-25
1.770000000000000000e+02 1.389678172360000009e-25
1.780000000000000000e+02 1.393756726670000088e-25
1.790000000000000000e+02 1.397858162560000047e-25
1.800000000000000000e+02 1.401982664309999983e-25
1.810000000000000000e+02 1.406130418099999958e-25
1.820000000000000000e+02 1.410301611990000058e-25
1.830000000000000000e+02 1.414496436030000038e-25
1.840000000000000000e+02 1.418715082209999945e-25
1.850000000000000000e+02 1.422957744490000016e-25
1.860000000000000000e+02 1.427224618879999957e-25
1.870000000000000000e+02 1.431515903419999932e-25
1.880000000000000000e+02 1.435831798190000062e-25
1.890000000000000000e+02 1.440172505389999943e-25
1.900000000000000000e+02 1.444538229320000080e-25
1.910000000000000000e+02 1.448929176440000089e-25
1.920000000000000000e+02 1.453345555370000074e-25
1.930000000000000000e+02 1.457787576939999998e-25
1.940000000000000000e+02 1.462255454189999922e-25
1.950000000000000000e+02 1.466749402420000061e-25
1.960000000000000000e+02 1.471269639229999972e-25
1.970000000000000000e+02 1.475816384509999957e-25
1.980000000000000000e+02 1.480389860519999888e-25
1.990000000000000000e+02 1.484990291879999926e-25
2.000000000000000000e+02 1.489617905599999964e-25
2.010000000000000000e+02 1.494272931160000052e-25
2.020000000000000000e+02 1.498955600470000069e-25
2.030000000000000000e+02 1.503666147949999924e-25
2.040000000000000000e+02 1.508404810580000073e-25
2.050000000000000000e+02 1.513171827860000050e-25
2.060000000000000000e+02 1.517967441919999939e-25
2.070000000000000000e+02 1.522791897509999950e-25
2.080000000000000000e+02 1.527645442050000022e-25
2.090000000000000000e+02 1.532528325649999989e-25
2.100000000000000000e+02 1.537440801180000041e-25
2.110000000000000000e+02 1.542383124260000064e-25
2.120000000000000000e+02 1.547355553340000070e-25
2.130000000000000000e+02 1.552358349699999962e-25
2.140000000000000000e+02 1.557391777529999968e-25
2.150000000000000000e+02 1.562456103910000010e-25
2.160000000000000000e+02 1.567551598920000039e-25
2.170000000000000000e+02 1.572678535609999896e-25
2.180000000000000000e+02 1.577837190089999942e-25
2.190000000000000000e+02 1.583027841560000038e-25
2.200000000000000000e+02 1.588250772339999905e-25
2.210000000000000000e+02 1.593506267899999946e-25
2.220000000000000000e+02 1.598794616959999997e-25
2.230000000000000000e+02 1.604116111449999921e-25
2.240000000000000000e+02 1.609471046640000094e-25
2.250000000000000000e+02 1.614859721109999904e-25
2.260000000000000000e+02 1.620282436859999907e-25
2.270000000000000000e+02 1.625739499300000030e-25
2.280000000000000000e+02 1.631231217329999995e-25
2.290000000000000000e+02 1.636757903410000004e-25
2.300000000000000000e+02 1.642319873529999926e-25
2.310000000000000000e+02 1.647917447359999945e-25
2.320000000000000000e+02 1.653550948210000009e-25
2.330000000000000000e+02 1.659220703149999893e-25
2.340000000000000000e+02 1.664927043010000114e-25
2.350000000000000000e+02 1.670670302480000001e-25
2.360000000000000000e+02 1.676450820129999923e-25
2.370000000000000000e+02 1.682268938459999976e-25
2.380000000000000000e+02 1.688125003989999917e-25
2.390000000000000000e+02 1.694019367289999987e-25
2.400000000000000000e+02 1.699952383049999989e-25
2.410000000000000000e+02 1.705924410120000077e-25
2.420000000000000000e+02 1.711935811590000032e-25
2.430000000000000000e+02 1.717986954830000054e-25
2.440000000000000000e+02 1.724078211589999968e-25
2.450000000000000000e+02 1.730209957999999917e-25
2.460000000000000000e+02 1.736382574709999903e-25
2.470000000000000000e+02 1.742596446870000079e-25
2.480000000000000000e+02 1.748851964260000096e-25
2.490000000000000000e+02 1.755149521350000050e-25
2.500000000000000000e+02 1.761489517319999962e-25
2.510000000000000000e+02 1.767872356200000004e-25
2.520000000000000000e+02 1.774298446860000074e-25
2.530000000000000000e+02 1.780768203150000024e-25
2.540000000000000000e+02 1.787282043949999956e-25
2.550000000000000000e+02 1.793840393230000025e-25
2.560000000000000000e+02 1.800443680119999981e-25
2.570000000000000000e+02 1.807092339019999952e-25
2.580000000000000000e+02 1.813786809660000020e-25
2.590000000000000000e+02 1.820527537169999994e-25
2.600000000000000000e+02 1.827314972160000060e-25
2.610000000000000000e+02 1.834149570819999998e-25
2.620000000000000000e+02 1.841031794990000097e-25
2.630000000000000000e+02 1.847962112259999913e-25
2.640000000000000000e+02 1.854940996009999968e-25
2.650000000000000000e+02 1.861968925559999886e-25
2.660000000000000000e+02 1.869046386220000063e-25
2.670000000000000000e+02 1.876173869389999960e-25
2.680000000000000000e+02 1.883351872650000108e-25
2.690000000000000000e+02 1.890580899859999935e-25
2.700000000000000000e+02 1.897861461259999973e-25
2.710000000000000000e+02 1.905194073559999948e-25
2.720000000000000000e+02 1.912579260009999932e-25
2.730000000000000000e+02 1.920017550560000045e-25
2.740000000000000000e+02 1.927509481920000029e-25
2.750000000000000000e+02 1.935055597699999937e-25
2.760000000000000000e+02 1.942656448450000002e-25
2.770000000000000000e+02 1.950312591840000046e-25
2.780000000000000000e+02 1.958024592750000101e-25
2.790000000000000000e+02 1.965793023349999919e-25
2.800000000000000000e+02 1.973618463260000055e-25
2.810000000000000000e+02 1.981501499629999993e-25
2.820000000000000000e+02 1.989442727279999988e-25
2.830000000000000000e+02 1.997442748810000010e-25
2.840000000000000000e+02 2.005502174749999946e-25
2.850000000000000000e+02 2.013621623630000055e-25
2.860000000000000000e+02 2.021801722159999921e-25
2.870000000000000000e+02 2.030043105329999959e-25
2.880000000000000000e+02 2.038346416579999941e-25
2.890000000000000000e+02 2.046712307880000108e-25
2.900000000000000000e+02 2.055141439909999893e-25
2.910000000000000000e+02 2.063634482170000086e-25
2.920000000000000000e+02 2.072192113159999942e-25
2.930000000000000000e+02 2.080815020490000042e-25
2.940000000000000000e+02 2.089503901040000154e-25
2.950000000000000000e+02 2.098259461139999794e-25
2.960000000000000000e+02 2.107082416660000226e-25
2.970000000000000000e+02 2.115973493240000030e-25
2.980000000000000000e+02 2.124933426379999865e-25
2.990000000000000000e+02 2.133962961649999934e-25
3.000000000000000000e+02 2.143062854859999893e-25
3.010000000000000000e+02 2.152233872200000223e-25
3.020000000000000000e+02 2.161476790419999804e-25
3.030000000000000000e+02 2.170792397019999886e-25
3.040000000000000000e+02 2.180181490399999917e-25
3.050000000000000000e+02 2.189644880109999944e-25
3.060000000000000000e+02 2.199183386939999851e-25
3.070000000000000000e+02 2.208797843179999891e-25
3.080000000000000000e+02 2.218489092810000056e-25
3.090000000000000000e+02 2.228257991660000011e-25
3.100000000000000000e+02 2.238105407650000150e-25
3.110000000000000000e+02 2.248032220960000112e-25
3.120000000000000000e+02 2.258039324290000225e-25
3.130000000000000000e+02 2.268127623010000100e-25
3.140000000000000000e+02 2.278298035449999969e-25
3.150000000000000000e+02 2.288551493040000229e-25
3.160000000000000000e+02 2.298888940629999932e-25
3.170000000000000000e+02 2.309311336639999965e-25
3.180000000000000000e+02 2.319819653349999803e-25
3.190000000000000000e+02 2.330414877120000001e-25
3.200000000000000000e+02 2.341098008630000029e-25
3.210000000000000000e+02 2.351870063160000106e-25
3.220000000000000000e+02 2.362732070800000057e-25
3.230000000000000000e+02 2.373685076770000091e-25
3.240000000000000000e+02 2.384730141650000055e-25
3.250000000000000000e+02 2.395868341639999950e-25
3.260000000000000000e+02 2.407100768889999773e-25
3.270000000000000000e+02 2.418428531730000135e-25
3.280000000000000000e+02 2.429852754989999834e-25
3.290000000000000000e+02 2.441374580319999859e-25
3.300000000000000000e+02 2.452995166419999874e-25
3.310000000000000000e+02 2.464715689420000191e-25
3.320000000000000000e+02 2.476537343169999895e-25
3.330000000000000000e+02 2.488461339569999897e-25
3.340000000000000000e+02 2.500488908880000077e-25
3.350000000000000000e+02 2.512621300069999974e-25
3.360000000000000000e+02 2.524859781189999867e-25
3.370000000000000000e+02 2.537205639680000213e-25
3.380000000000000000e+02 2.549660182769999883e-25
3.390000000000000000e+02 2.562224737810000120e-25
3.400000000000000000e+02 2.574900652729999824e-25
3.410000000000000000e+02 2.587689296379999939e-25
3.420000000000000000e+02 2.600592059049999913e-25
3.430000000000000000e+02 2.613610353150000057e-25
3.440000000000000000e+02 2.626745614949999968e-25
3.450000000000000000e+02 2.639999318900000195e-25
3.460000000000000000e+02 2.653379282069999951e-25
3.470000000000000000e+02 2.666868040819999803e-25
3.480000000000000000e+02 2.680485944459999818e-25
3.490000000000000000e+02 2.694779396379999962e-25
3.500000000000000000e+02 2.708096896749999929e-25
3.510000000000000000e+02 2.722093110860000190e-25
3.520000000000000000e+02 2.736239648360000089e-25
3.530000000000000000e+02 2.750474869340000177e-25
3.540000000000000000e+02 2.764864215469999859e-25
3.550000000000000000e+02 2.779398274319999968e-25
3.560000000000000000e+02 2.794046612369999930e-25
3.570000000000000000e+02 2.808844833660000137e-25
3.580000000000000000e+02 2.823789216880000138e-25
3.590000000000000000e+02 2.838859480890000186e-25
3.600000000000000000e+02 2.854083509620000039e-25
3.610000000000000000e+02 2.869474974399999841e-25
3.620000000000000000e+02 2.884962567000000138e-25
3.630000000000000000e+02 2.900629864130000061e-25
3.640000000000000000e+02 2.916445613319999998e-25
3.650000000000000000e+02 2.932418088899999790e-25
3.660000000000000000e+02 2.948539566059999995e-25
3.670000000000000000e+02 2.964810978919999986e-25
3.680000000000000000e+02 2.981259436230000078e-25
3.690000000000000000e+02 2.997877619210000175e-25
3.700000000000000000e+02 3.014610475630000059e-25
3.710000000000000000e+02 3.031537901330000210e-25
3.720000000000000000e+02 3.048812844059999946e-25
3.735000000000000000e+02 3.074622299324999775e-25
3.760000000000000000e+02 3.120812109769999706e-25
3.795000000000000000e+02 3.182615028400000254e-25
3.835000000000000000e+02 3.258554418667499896e-25
3.875000000000000000e+02 3.337832004754999917e-25
3.915000000000000000e+02 3.419714612359999848e-25
3.955000000000000000e+02 3.505234718787499993e-25
3.995000000000000000e+02 3.595198403034999819e-25
4.035000000000000000e+02 3.688812694434999771e-25
4.075000000000000000e+02 3.786721237187500317e-25
4.115000000000000000e+02 3.889213069919999811e-25
4.155000000000000000e+02 3.997710708847499568e-25
4.195000000000000000e+02 4.120591610244999829e-25
4.235000000000000000e+02 4.227817080712500127e-25
4.280000000000000000e+02 4.370639386837999794e-25
4.325000000000000000e+02 4.515925875254999368e-25
4.365000000000000000e+02 4.657551507229999751e-25
4.410000000000000000e+02 5.079011794485999738e-25
4.455000000000000000e+02 5.028739937012499626e-25
4.495000000000000000e+02 5.191237999029999519e-25
4.540000000000000000e+02 5.371110623863999898e-25
4.590000000000000000e+02 5.659391204946000154e-25
4.635000000000000000e+02 7.791057727122500466e-25
4.680000000000000000e+02 6.135129775096000381e-25
4.725000000000000000e+02 6.557986421247499530e-25
4.770000000000000000e+02 6.632062891577999640e-25
4.820000000000000000e+02 7.972140490851999691e-25
4.870000000000000000e+02 7.495307607129999808e-25
4.920000000000000000e+02 8.609066869315999350e-25
4.970000000000000000e+02 8.251857100981999867e-25
5.020000000000000000e+02 8.860363344717999127e-25
5.070000000000000000e+02 3.145687989198199993e-24
5.120000000000000000e+02 1.111191875233999892e-24
5.170000000000000000e+02 1.165559445497999962e-24
5.220000000000000000e+02 1.313660476489999894e-24
5.270000000000000000e+02 1.556476629168000083e-24
5.325000000000000000e+02 2.478609928655833670e-23
5.380000000000000000e+02 2.749610997865999387e-24
5.430000000000000000e+02 7.990947575023999388e-24
5.485000000000000000e+02 9.990754396198332527e-24
5.540000000000000000e+02 4.211044677799999442e-24
5.595000000000000000e+02 5.518392219916666496e-24
5.655000000000000000e+02 4.104484694388000030e-23
5.710000000000000000e+02 2.475210116098200043e-23
5.765000000000000000e+02 2.365289185606166591e-23
5.825000000000000000e+02 8.705096660787834233e-23
5.885000000000000000e+02 9.279314257058333097e-23
5.945000000000000000e+02 5.783160106133500135e-22
6.005000000000000000e+02 2.323693403146532935e-21
6.065000000000000000e+02 2.753056224930666876e-22
6.125000000000000000e+02 4.239050494614933220e-21
6.185000000000000000e+02 2.771604317314300154e-20
6.245000000000000000e+02 5.701068493631666889e-22
6.305000000000000000e+02 6.346066276030001045e-21
6.370000000000000000e+02 2.199019168215714152e-21
6.435000000000000000e+02 4.205714142012000141e-21
6.500000000000000000e+02 1.942944760538999795e-20
6.565000000000000000e+02 7.004333748227165364e-19
6.630000000000000000e+02 1.209507241751285841e-20
6.695000000000000000e+02 2.097305470050945436e-18
6.760000000000000000e+02 1.723656907810100053e-19
6.830000000000000000e+02 3.431645768171714414e-20
6.900000000000000000e+02 4.027168551643142515e-20
6.970000000000000000e+02 8.544677455104141887e-21
7.040000000000000000e+02 5.642509355386286341e-21
7.110000000000000000e+02 1.052821157065171624e-20
7.180000000000000000e+02 2.207490017494713949e-21
7.250000000000000000e+02 1.540407907373371363e-21
7.320000000000000000e+02 1.868796379134143008e-22
7.395000000000000000e+02 2.538022129657125635e-22
7.470000000000000000e+02 8.162976464167142290e-23
7.545000000000000000e+02 3.781464521117499442e-23
7.620000000000000000e+02 2.534613726473142688e-23
7.695000000000000000e+02 1.279163319222462495e-22
7.775000000000000000e+02 8.835691667353750539e-24
7.855000000000000000e+02 3.855851550216250401e-24
7.930000000000000000e+02 1.900248271425429012e-23
8.005000000000000000e+02 8.394822360750000469e-24
8.085000000000000000e+02 2.455948555166250185e-24
8.170000000000000000e+02 2.813518077310000057e-24
8.255000000000000000e+02 1.764260219431249941e-24
8.335000000000000000e+02 1.212567264637874973e-24
8.415000000000000000e+02 1.080093483416125079e-24
8.500000000000000000e+02 8.207529238504444377e-25
8.585000000000000000e+02 7.489089333303749243e-25
8.670000000000000000e+02 8.004406629028889152e-25
8.760000000000000000e+02 7.263499206500001094e-25
8.850000000000000000e+02 7.177457955591110542e-25
8.935000000000000000e+02 1.644244610300125044e-24
9.020000000000000000e+02 1.853206903556333512e-24
9.115000000000000000e+02 9.867319751241998931e-25
9.210000000000000000e+02 2.723715583302666809e-24
9.300000000000000000e+02 6.531750682314711433e-23
9.390000000000000000e+02 1.135172399159333237e-24
9.485000000000000000e+02 1.402040169678060486e-23
9.580000000000000000e+02 8.739833296556667891e-25
9.675000000000000000e+02 2.275108302497400073e-24
9.775000000000000000e+02 2.658213906267600110e-24
9.870000000000000000e+02 7.110605375490000997e-25
9.965000000000000000e+02 5.457996923750000131e-25
1.006500000000000000e+03 4.265950814980000312e-25
1.016500000000000000e+03 6.277951440581000226e-25
1.027000000000000000e+03 8.075536873639999810e-25
1.037500000000000000e+03 1.919829518771399993e-24
1.047500000000000000e+03 1.771852467728189920e-23
1.058000000000000000e+03 4.016838605440818161e-24
1.069000000000000000e+03 2.504336247082254108e-23
1.079500000000000000e+03 4.950760075942370233e-23
1.090000000000000000e+03 5.538780168691837243e-23
1.101000000000000000e+03 4.804585418650908139e-25
1.112000000000000000e+03 2.742832743237272753e-25
1.123000000000000000e+03 2.635534128371818401e-25
1.134500000000000000e+03 2.611317332449166708e-25
1.146000000000000000e+03 2.592992373826363368e-25
1.157500000000000000e+03 2.580013561352500026e-25
1.169000000000000000e+03 2.571011334408181405e-25
1.180500000000000000e+03 2.568156446394999696e-25
1.192500000000000000e+03 2.575459271135000469e-25
1.204500000000000000e+03 2.690094354858333247e-25
1.216500000000000000e+03 3.297795744519165623e-25
1.228500000000000000e+03 3.412024597236666214e-25
1.240500000000000000e+03 6.843021791565832163e-25
1.253000000000000000e+03 1.104054457402153949e-24
1.266000000000000000e+03 7.623751541615384595e-25
1.278500000000000000e+03 4.377957122414165945e-25
1.291000000000000000e+03 3.574346931734615632e-25
1.304000000000000000e+03 2.760775012561538403e-25
1.317000000000000000e+03 2.763860483355384770e-25
1.330000000000000000e+03 3.247585180713846629e-25
1.343500000000000000e+03 3.777332763751428313e-25
1.357000000000000000e+03 6.577265866554616194e-25
1.370500000000000000e+03 1.180662833407714137e-24
1.384500000000000000e+03 1.730953927656785555e-24
1.398500000000000000e+03 6.557979221792142667e-25
1.412500000000000000e+03 3.769407747677143669e-25
1.426500000000000000e+03 3.216468260569285494e-25
1.440500000000000000e+03 3.262902036997857113e-25
1.455000000000000000e+03 3.329562313684667064e-25
1.469500000000000000e+03 3.416336093937857312e-25
1.484000000000000000e+03 3.510143899331333285e-25
1.499000000000000000e+03 3.611330103823333893e-25
1.514000000000000000e+03 3.720587621642667277e-25
1.529000000000000000e+03 3.836487464146667421e-25
1.544500000000000000e+03 3.964566370880000455e-25
1.560000000000000000e+03 4.101538273430667175e-25
1.575500000000000000e+03 4.248051804343750173e-25
1.591500000000000000e+03 4.409843239639999977e-25
1.607500000000000000e+03 4.583371712881874724e-25
1.623500000000000000e+03 4.769573840999374790e-25
1.639500000000000000e+03 4.969547722766874823e-25
1.656000000000000000e+03 5.191589200448824481e-25
1.672500000000000000e+03 5.430936780926875302e-25
1.689000000000000000e+03 5.689693450378824380e-25
1.706000000000000000e+03 5.978356065012940463e-25
1.723000000000000000e+03 6.292795949323528985e-25
1.740500000000000000e+03 6.645068347326110866e-25
1.758000000000000000e+03 7.028774438015882100e-25
1.775500000000000000e+03 7.460433702579443682e-25
1.793500000000000000e+03 7.951095276541666930e-25
1.811500000000000000e+03 8.481899156386112361e-25
1.829500000000000000e+03 9.123541720274999518e-25
1.847500000000000000e+03 1.022618800269388852e-24
1.866000000000000000e+03 1.503879642375789150e-24
1.884500000000000000e+03 1.536409764376666494e-24
1.903000000000000000e+03 1.913835507130421412e-23
1.922000000000000000e+03 6.367991007717894485e-24
1.941500000000000000e+03 1.779954631971849861e-23
1.961000000000000000e+03 2.258059336662105506e-24
1.980500000000000000e+03 1.911117730558000172e-24
2.000500000000000000e+03 2.123904934288499476e-24
2.020500000000000000e+03 5.668992540995999540e-24
2.040500000000000000e+03 6.959995041651450315e-23
2.061000000000000000e+03 3.374720928840523265e-23
2.082000000000000000e+03 7.730321775276476543e-23
2.102500000000000000e+03 3.189715749472999958e-23
2.123500000000000000e+03 8.438897300417272833e-24
2.145000000000000000e+03 8.449455551630953122e-24
2.166500000000000000e+03 7.898924627578637121e-24
2.188000000000000000e+03 1.326640065542619204e-23
2.209500000000000000e+03 3.105414491836363773e-23
2.231500000000000000e+03 3.966985977026454171e-22
2.254000000000000000e+03 3.808416717394565007e-21
2.277000000000000000e+03 1.101820714643826345e-20
2.299500000000000000e+03 7.360644237703500898e-20
2.322500000000000000e+03 7.344048675553674374e-19
2.346000000000000000e+03 1.025392766028073778e-18
2.369000000000000000e+03 2.648383134969609153e-19
2.392500000000000000e+03 2.730308052627818655e-20
2.416500000000000000e+03 6.287157948296251177e-23
2.441000000000000000e+03 3.055148828739999804e-23
2.465500000000000000e+03 1.827088092668333567e-23
2.490000000000000000e+03 1.224196708845199942e-23
2.515000000000000000e+03 8.715161734940397537e-24
2.540000000000000000e+03 6.519842428795599363e-24
2.565500000000000000e+03 5.076177470960384470e-24
2.591500000000000000e+03 4.135116682256152370e-24
2.617500000000000000e+03 3.537706004289615373e-24
2.643500000000000000e+03 2.810433794225000466e-24
2.669500000000000000e+03 2.310591321510769834e-24
2.696000000000000000e+03 1.963051634020741085e-24
2.723000000000000000e+03 1.692557754696296361e-24
2.750500000000000000e+03 1.532153170267857308e-24
2.778000000000000000e+03 1.310754447964444513e-24
2.805500000000000000e+03 1.161152198070000133e-24
2.834000000000000000e+03 1.012583778652448305e-24
2.862500000000000000e+03 9.039960562054641513e-25
2.891000000000000000e+03 8.135399630710689698e-25
2.920000000000000000e+03 7.352892654916896352e-25
2.949000000000000000e+03 6.685250167716207362e-25
2.978500000000000000e+03 6.119358562138667776e-25
3.008500000000000000e+03 5.586904577837333650e-25
3.038500000000000000e+03 5.140483260564666961e-25
3.068500000000000000e+03 4.763175531369332719e-25
3.099000000000000000e+03 4.477883636597097164e-25
3.130000000000000000e+03 4.408144211802903138e-25
3.161500000000000000e+03 4.429217423879060923e-25
3.193500000000000000e+03 4.202915753208124218e-25
3.225500000000000000e+03 3.597276315388125717e-25
3.257500000000000000e+03 3.542305712394999118e-25
3.290000000000000000e+03 4.927196141006059345e-25
3.323000000000000000e+03 5.610049996266363025e-25
3.356000000000000000e+03 2.435235931523272611e-24
3.389500000000000000e+03 5.383597724260590531e-25
3.423500000000000000e+03 5.300358208648236103e-25
3.458000000000000000e+03 4.494378576068228143e-24
3.492500000000000000e+03 6.509885473255481229e-23
3.527000000000000000e+03 2.666003140525148353e-22
3.562500000000000000e+03 1.772547038223994593e-21
3.598500000000000000e+03 3.598264070492626373e-21
3.634500000000000000e+03 4.106006589268019633e-21
3.670500000000000000e+03 4.353296754029389276e-22
3.707000000000000000e+03 8.678048577438838794e-20
3.744500000000000000e+03 4.959981729374168659e-20
3.782000000000000000e+03 1.702443513412486196e-24
3.819500000000000000e+03 1.500974438433368141e-24
3.858000000000000000e+03 4.442375008851026305e-25
3.896500000000000000e+03 2.690982644849999597e-25
3.935000000000000000e+03 2.090915857259230028e-25
3.974500000000000000e+03 1.848786412809499326e-25
4.014500000000000000e+03 2.992842486767750684e-25
4.054500000000000000e+03 1.333996419009499838e-25
4.095000000000000000e+03 1.170377145572195497e-25
4.136000000000000000e+03 1.074554583602682861e-25
4.177500000000000000e+03 9.869273727719048780e-26
4.219500000000000000e+03 9.137107216658336148e-26
4.261500000000000000e+03 8.528090873144047876e-26
4.304000000000000000e+03 7.999949583615817250e-26
4.347000000000000000e+03 7.549637029456278633e-26
4.390500000000000000e+03 7.241573269684546837e-26
4.434500000000000000e+03 6.803702901921135532e-26
4.479000000000000000e+03 7.280109965480664902e-26
4.524000000000000000e+03 6.483162200300665850e-26
4.569000000000000000e+03 6.744317980009555661e-26
4.614500000000000000e+03 2.691145534164456521e-25
4.660500000000000000e+03 3.541899276795803672e-25
4.707000000000000000e+03 2.634656764051744983e-25
4.754500000000000000e+03 1.620600004679516465e-24
4.802000000000000000e+03 1.890442750464140590e-23
4.850000000000000000e+03 2.188138452274804084e-22
4.898500000000000000e+03 1.376963745904789623e-23
4.947500000000000000e+03 3.003286200703461610e-22
4.997000000000000000e+03 1.642730325735458351e-22
5.047000000000000000e+03 5.894345818356215435e-24
5.097500000000000000e+03 7.625013170088481421e-23
5.148000000000000000e+03 2.411395648602805931e-23
5.199500000000000000e+03 9.866827161583461969e-26
5.251500000000000000e+03 1.229215958472173188e-25
5.304000000000000000e+03 4.831061001248717674e-25
5.357500000000000000e+03 7.690061387350187232e-26
5.411000000000000000e+03 2.907715582456980226e-26
5.465000000000000000e+03 2.806580160207090512e-26
5.520000000000000000e+03 3.013746381641636746e-26
5.575000000000000000e+03 4.145693852482728165e-26
5.630500000000000000e+03 2.830118502193749554e-26
5.687000000000000000e+03 2.700397979191754789e-26
5.744000000000000000e+03 2.308252400821227439e-26
5.801500000000000000e+03 2.276489343665690237e-26
5.859500000000000000e+03 3.021679234887414109e-26
5.918000000000000000e+03 2.768819729144576982e-26
5.977000000000000000e+03 8.122695753755933518e-26
6.036500000000000000e+03 9.642258127196333895e-26
6.097000000000000000e+03 9.024233772012376381e-25
6.158000000000000000e+03 1.634363613805753759e-25
6.219500000000000000e+03 2.358764816003842320e-24
6.282000000000000000e+03 2.298008270020261775e-24
6.345000000000000000e+03 6.568364329584266194e-24
6.408500000000000000e+03 1.741456478804515365e-25
6.472500000000000000e+03 1.265129884085577909e-25
6.537000000000000000e+03 2.316119331282737453e-25
6.602500000000000000e+03 1.835501794281970051e-26
6.668500000000000000e+03 7.684661384706514274e-26
6.735000000000000000e+03 4.628727837791342613e-26
6.802500000000000000e+03 8.249492327618384641e-26
6.870500000000000000e+03 6.794891815501381534e-25
6.939000000000000000e+03 3.628098774066439545e-23
7.008500000000000000e+03 9.736642273918991809e-24
7.078500000000000000e+03 1.204251070064428495e-26
7.149500000000000000e+03 1.166560131712361023e-26
7.221000000000000000e+03 1.183176656619859376e-26
7.293000000000000000e+03 1.733289952324383427e-26
7.366000000000000000e+03 1.225807947309725858e-26
7.439500000000000000e+03 3.018536223160272334e-26
7.514000000000000000e+03 1.622663861558480186e-26
7.589500000000000000e+03 2.140159251504792555e-25
7.665500000000000000e+03 1.062158066406907913e-26
7.742000000000000000e+03 6.979213070130066137e-26
7.819500000000000000e+03 8.861593722958719278e-27
7.897500000000000000e+03 9.586145924153208521e-27
7.976500000000000000e+03 1.274074703749074712e-26
8.056500000000000000e+03 2.284928670678688123e-26
8.137000000000000000e+03 1.849321877839171949e-25
8.218000000000000000e+03 7.328139354004912947e-25
8.300000000000000000e+03 1.382738941718472413e-24
8.383500000000000000e+03 7.160998444915835611e-27
8.467500000000000000e+03 6.970387049850834107e-27
8.552000000000000000e+03 6.768971832557057087e-27
8.637500000000000000e+03 7.015134292672791400e-27
8.724000000000000000e+03 6.660680207509309301e-27
8.811000000000000000e+03 7.140461002009655361e-27
8.899000000000000000e+03 6.158692277698651968e-27
8.988000000000000000e+03 7.216310068267752372e-27
9.078000000000000000e+03 5.893068430920329352e-27
9.169000000000000000e+03 5.707210127557581102e-27
9.260500000000000000e+03 5.668113156962933521e-27
9.353000000000000000e+03 9.275553804973442596e-27
9.446500000000000000e+03 8.293719515819149197e-27
9.541000000000000000e+03 2.208639231550854335e-26
9.636500000000000000e+03 1.155889850079739909e-26
9.733000000000000000e+03 4.762701477728348348e-27
9.830000000000000000e+03 4.639750869792268940e-27
9.928000000000000000e+03 4.520656959148990085e-27
9.989000000000000000e+03 4.448676357489131354e-27
