1.000000000000000000e+01 9.284766367580000010e-29
1.100000000000000000e+01 9.305978948790000081e-29
1.200000000000000000e+01 9.322356193130000403e-29
1.300000000000000000e+01 9.341217802629999973e-29
1.400000000000000000e+01 9.435823207560000294e-29
1.500000000000000000e+01 9.379177487510000175e-29
1.600000000000000000e+01 9.398411953400000464e-29
1.700000000000000000e+01 9.420080349749999523e-29
1.800000000000000000e+01 9.436656179939999458e-29
1.900000000000000000e+01 9.456496890130000351e-29
2.000000000000000000e+01 9.475985754489999921e-29
2.100000000000000000e+01 9.494820752300000266e-29
2.200000000000000000e+01 9.516232290990000483e-29
2.300000000000000000e+01 9.534185503560000387e-29
2.400000000000000000e+01 9.553690499459999961e-29
2.500000000000000000e+01 9.605073269019999941e-29
2.600000000000000000e+01 9.593343863049999669e-29
2.700000000000000000e+01 9.613288299489999480e-29
2.800000000000000000e+01 9.647028063660000240e-29
2.900000000000000000e+01 9.653307280259999846e-29
3.000000000000000000e+01 9.673659240039999920e-29
3.100000000000000000e+01 9.697148915470000357e-29
3.200000000000000000e+01 9.714040794749999509e-29
3.300000000000000000e+01 9.734951379910000150e-29
3.400000000000000000e+01 9.755328288559999718e-29
3.500000000000000000e+01 9.775543265119999535e-29
3.600000000000000000e+01 9.800843694410000385e-29
3.700000000000000000e+01 9.816979594769999777e-29
3.800000000000000000e+01 9.837823836270000326e-29
3.900000000000000000e+01 9.859772923300000180e-29
4.000000000000000000e+01 9.879755704070000513e-29
4.100000000000000000e+01 9.900899908180000111e-29
4.200000000000000000e+01 9.922126784500000407e-29
4.300000000000000000e+01 9.943339351199999933e-29
4.400000000000000000e+01 9.964813361269999899e-29
4.500000000000000000e+01 9.986186163070000049e-29
4.600000000000000000e+01 1.000773158340000020e-28
4.700000000000000000e+01 1.005705959589999982e-28
4.800000000000000000e+01 1.005111256400000020e-28
4.900000000000000000e+01 1.007294087210000033e-28
5.000000000000000000e+01 1.009487707009999956e-28
5.100000000000000000e+01 1.011687350089999906e-28
5.200000000000000000e+01 1.013898488239999889e-28
5.300000000000000000e+01 1.016118375779999981e-28
5.400000000000000000e+01 1.018347858180000047e-28
5.500000000000000000e+01 1.020590258630000028e-28
5.600000000000000000e+01 1.022835713449999919e-28
5.700000000000000000e+01 1.025094066379999916e-28
5.800000000000000000e+01 1.027362349310000074e-28
5.900000000000000000e+01 1.029639914699999983e-28
6.000000000000000000e+01 1.031927571200000101e-28
6.100000000000000000e+01 1.034225070439999977e-28
6.200000000000000000e+01 1.036532519159999949e-28
6.300000000000000000e+01 1.038850225390000083e-28
6.400000000000000000e+01 1.041177527670000111e-28
6.500000000000000000e+01 1.043515204550000064e-28
6.600000000000000000e+01 1.045863090839999913e-28
6.700000000000000000e+01 1.048221226519999969e-28
6.800000000000000000e+01 1.050589704120000089e-28
6.900000000000000000e+01 1.052968581330000025e-28
7.000000000000000000e+01 1.055357924970000039e-28
7.100000000000000000e+01 1.057757802710000015e-28
7.200000000000000000e+01 1.060168282799999963e-28
7.300000000000000000e+01 1.062589434050000012e-28
7.400000000000000000e+01 1.065021325880000086e-28
7.500000000000000000e+01 1.067464028250000002e-28
7.600000000000000000e+01 1.069917611739999934e-28
7.700000000000000000e+01 1.072382147509999958e-28
7.800000000000000000e+01 1.074857707320000053e-28
7.900000000000000000e+01 1.077344363539999994e-28
8.000000000000000000e+01 1.079842189150000024e-28
8.100000000000000000e+01 1.082351257750000071e-28
8.200000000000000000e+01 1.084871643570000086e-28
8.300000000000000000e+01 1.087403421439999925e-28
8.400000000000000000e+01 1.089946666879999930e-28
8.500000000000000000e+01 1.092501456000000007e-28
8.600000000000000000e+01 1.095067865600000101e-28
8.700000000000000000e+01 1.097645973129999960e-28
8.800000000000000000e+01 1.100235856679999918e-28
8.900000000000000000e+01 1.102837595029999896e-28
9.000000000000000000e+01 1.105451267650000078e-28
9.100000000000000000e+01 1.108076954660000000e-28
9.200000000000000000e+01 1.110714736909999919e-28
9.300000000000000000e+01 1.113364695930000013e-28
9.400000000000000000e+01 1.116026913949999936e-28
9.500000000000000000e+01 1.118701473930000064e-28
9.600000000000000000e+01 1.121388459539999912e-28
9.700000000000000000e+01 1.124087955179999941e-28
9.800000000000000000e+01 1.126800045999999987e-28
9.900000000000000000e+01 1.129524817879999931e-28
1.000000000000000000e+02 1.132262357460000041e-28
1.010000000000000000e+02 1.135012752140000078e-28
1.020000000000000000e+02 1.137776090070000076e-28
1.030000000000000000e+02 1.140552460209999906e-28
1.040000000000000000e+02 1.143341952289999942e-28
1.050000000000000000e+02 1.146144656820000053e-28
1.060000000000000000e+02 1.148960665130000060e-28
1.070000000000000000e+02 1.151790069349999958e-28
1.080000000000000000e+02 1.154632962440000030e-28
1.090000000000000000e+02 1.157489438180000065e-28
1.100000000000000000e+02 1.160359591179999919e-28
1.110000000000000000e+02 1.163243516919999970e-28
1.120000000000000000e+02 1.166141311700000099e-28
1.130000000000000000e+02 1.169053072719999937e-28
1.140000000000000000e+02 1.171978898030000077e-28
1.150000000000000000e+02 1.174918886579999964e-28
1.160000000000000000e+02 1.177873138190000015e-28
1.170000000000000000e+02 1.180841753610000062e-28
1.180000000000000000e+02 1.183824834480000014e-28
1.190000000000000000e+02 1.186822483370000097e-28
1.200000000000000000e+02 1.189834803799999954e-28
1.210000000000000000e+02 1.192861900210000098e-28
1.220000000000000000e+02 1.195903877990000015e-28
1.230000000000000000e+02 1.198960843530000079e-28
1.240000000000000000e+02 1.202032904139999964e-28
1.250000000000000000e+02 1.205120168170000018e-28
1.260000000000000000e+02 1.208222744929999897e-28
1.270000000000000000e+02 1.211340744749999926e-28
1.280000000000000000e+02 1.214474278979999978e-28
1.290000000000000000e+02 1.217623460000000033e-28
1.300000000000000000e+02 1.220788401219999959e-28
1.310000000000000000e+02 1.223969217130000079e-28
1.320000000000000000e+02 1.227166023240000041e-28
1.330000000000000000e+02 1.230378936199999959e-28
1.340000000000000000e+02 1.233608073679999947e-28
1.350000000000000000e+02 1.236853554509999917e-28
1.360000000000000000e+02 1.240115498600000013e-28
1.370000000000000000e+02 1.243394026999999956e-28
1.380000000000000000e+02 1.246689261890000041e-28
1.390000000000000000e+02 1.250001326620000036e-28
1.400000000000000000e+02 1.253330345679999949e-28
1.410000000000000000e+02 1.256676444769999941e-28
1.420000000000000000e+02 1.260039750740000081e-28
1.430000000000000000e+02 1.263420391700000038e-28
1.440000000000000000e+02 1.266818496930000069e-28
1.450000000000000000e+02 1.270234196979999921e-28
1.460000000000000000e+02 1.273667623620000050e-28
1.470000000000000000e+02 1.277118909909999957e-28
1.480000000000000000e+02 1.280588190170000088e-28
1.490000000000000000e+02 1.284075600009999934e-28
1.500000000000000000e+02 1.287581276359999940e-28
1.510000000000000000e+02 1.291105357469999941e-28
1.520000000000000000e+02 1.294647982910000056e-28
1.530000000000000000e+02 1.298209293630000028e-28
1.540000000000000000e+02 1.301789431930000001e-28
1.550000000000000000e+02 1.305388541500000086e-28
1.560000000000000000e+02 1.309006767439999909e-28
1.570000000000000000e+02 1.312644256270000076e-28
1.580000000000000000e+02 1.316301155920000039e-28
1.590000000000000000e+02 1.319977615800000018e-28
1.600000000000000000e+02 1.323673786789999988e-28
1.610000000000000000e+02 1.327389821219999899e-28
1.620000000000000000e+02 1.331125872980000038e-28
1.630000000000000000e+02 1.334882097430000001e-28
1.640000000000000000e+02 1.338658651509999946e-28
1.650000000000000000e+02 1.342455693690000024e-28
1.660000000000000000e+02 1.346273384040000060e-28
1.670000000000000000e+02 1.350111884220000108e-28
1.680000000000000000e+02 1.353971357500000008e-28
1.690000000000000000e+02 1.357851968789999953e-28
1.700000000000000000e+02 1.361753884660000045e-28
1.710000000000000000e+02 1.365677273349999962e-28
1.720000000000000000e+02 1.369622304799999971e-28
1.730000000000000000e+02 1.373589150659999923e-28
1.740000000000000000e+02 1.377577984320000042e-28
1.750000000000000000e+02 1.381588980939999928e-28
1.760000000000000000e+02 1.385622317440000004e-28
1.770000000000000000e+02 1.389678172570000080e-28
1.780000000000000000e+02 1.393756726879999906e-28
1.790000000000000000e+02 1.397858162769999966e-28
1.800000000000000000e+02 1.401982664520000026e-28
1.810000000000000000e+02 1.406130418310000040e-28
1.820000000000000000e+02 1.410301612210000030e-28
1.830000000000000000e+02 1.414496436249999992e-28
1.840000000000000000e+02 1.418715082419999898e-28
1.850000000000000000e+02 1.422957744709999923e-28
1.860000000000000000e+02 1.427224619110000002e-28
1.870000000000000000e+02 1.431515903639999947e-28
1.880000000000000000e+02 1.435831798409999905e-28
1.890000000000000000e+02 1.440172505610000026e-28
1.900000000000000000e+02 1.444538229550000017e-28
1.910000000000000000e+02 1.448929176669999934e-28
1.920000000000000000e+02 1.453345555610000079e-28
1.930000000000000000e+02 1.457787577179999991e-28
1.940000000000000000e+02 1.462255454420000024e-28
1.950000000000000000e+02 1.466749402660000018e-28
1.960000000000000000e+02 1.471269639470000068e-28
1.970000000000000000e+02 1.475816384760000103e-28
1.980000000000000000e+02 1.480389860769999991e-28
1.990000000000000000e+02 1.484990292130000004e-28
2.000000000000000000e+02 1.489617905850000030e-28
2.010000000000000000e+02 1.494272931409999925e-28
2.020000000000000000e+02 1.498955600719999961e-28
2.030000000000000000e+02 1.503666148210000052e-28
2.040000000000000000e+02 1.508404810840000097e-28
2.050000000000000000e+02 1.513171828119999984e-28
2.060000000000000000e+02 1.517967442179999942e-28
2.070000000000000000e+02 1.522791897770000088e-28
2.080000000000000000e+02 1.527645442310000110e-28
2.090000000000000000e+02 1.532528325920000048e-28
2.100000000000000000e+02 1.537440801449999973e-28
2.110000000000000000e+02 1.542383124530000104e-28
2.120000000000000000e+02 1.547355553620000037e-28
2.130000000000000000e+02 1.552358349979999970e-28
2.140000000000000000e+02 1.557391777810000064e-28
2.150000000000000000e+02 1.562456104200000090e-28
2.160000000000000000e+02 1.567551599200000009e-28
2.170000000000000000e+02 1.572678535899999990e-28
2.180000000000000000e+02 1.577837190380000057e-28
2.190000000000000000e+02 1.583027841860000018e-28
2.200000000000000000e+02 1.588250772630000002e-28
2.210000000000000000e+02 1.593506268199999937e-28
2.220000000000000000e+02 1.598794617259999985e-28
2.230000000000000000e+02 1.604116111759999890e-28
2.240000000000000000e+02 1.609471046950000106e-28
2.250000000000000000e+02 1.614859721420000014e-28
2.260000000000000000e+02 1.620282437170000064e-28
2.270000000000000000e+02 1.625739499609999983e-28
2.280000000000000000e+02 1.631231217650000028e-28
2.290000000000000000e+02 1.636757903729999982e-28
2.300000000000000000e+02 1.642319873860000060e-28
2.310000000000000000e+02 1.647917447689999918e-28
2.320000000000000000e+02 1.653550948540000112e-28
2.330000000000000000e+02 1.659220703480000099e-28
2.340000000000000000e+02 1.664927043350000038e-28
2.350000000000000000e+02 1.670670302819999902e-28
2.360000000000000000e+02 1.676450820469999946e-28
2.370000000000000000e+02 1.682268938799999923e-28
2.380000000000000000e+02 1.688125004339999895e-28
2.390000000000000000e+02 1.694019367650000003e-28
2.400000000000000000e+02 1.699952383409999935e-28
2.410000000000000000e+02 1.705924410480000052e-28
2.420000000000000000e+02 1.711935811949999943e-28
2.430000000000000000e+02 1.717986955200000011e-28
2.440000000000000000e+02 1.724078211959999912e-28
2.450000000000000000e+02 1.730209958380000031e-28
2.460000000000000000e+02 1.736382575080000034e-28
2.470000000000000000e+02 1.742596447250000009e-28
2.480000000000000000e+02 1.748851964650000019e-28
2.490000000000000000e+02 1.755149521740000020e-28
2.500000000000000000e+02 1.761489517709999975e-28
2.510000000000000000e+02 1.767872356589999994e-28
2.520000000000000000e+02 1.774298447259999997e-28
2.530000000000000000e+02 1.780768203560000075e-28
2.540000000000000000e+02 1.787282044359999946e-28
2.550000000000000000e+02 1.793840393629999977e-28
2.560000000000000000e+02 1.800443680529999970e-28
2.570000000000000000e+02 1.807092339439999954e-28
2.580000000000000000e+02 1.813786810079999989e-28
2.590000000000000000e+02 1.820527537589999954e-28
2.600000000000000000e+02 1.827314972590000012e-28
2.610000000000000000e+02 1.834149571250000064e-28
2.620000000000000000e+02 1.841031795430000004e-28
2.630000000000000000e+02 1.847962112699999943e-28
2.640000000000000000e+02 1.854940996460000017e-28
2.650000000000000000e+02 1.861968926010000063e-28
2.660000000000000000e+02 1.869046386670000091e-28
2.670000000000000000e+02 1.876173869849999966e-28
2.680000000000000000e+02 1.883351873110000094e-28
2.690000000000000000e+02 1.890580900329999996e-28
2.700000000000000000e+02 1.897861461740000003e-28
2.710000000000000000e+02 1.905194074030000042e-28
2.720000000000000000e+02 1.912579260489999890e-28
2.730000000000000000e+02 1.920017551050000085e-28
2.740000000000000000e+02 1.927509482419999930e-28
2.750000000000000000e+02 1.935055598200000102e-28
2.760000000000000000e+02 1.942656448950000085e-28
2.770000000000000000e+02 1.950312592349999999e-28
2.780000000000000000e+02 1.958024593270000055e-28
2.790000000000000000e+02 1.965793023869999904e-28
2.800000000000000000e+02 1.973618463789999910e-28
2.810000000000000000e+02 1.981501500159999920e-28
2.820000000000000000e+02 1.989442727810000094e-28
2.830000000000000000e+02 1.997442749350000024e-28
2.840000000000000000e+02 2.005502175290000107e-28
2.850000000000000000e+02 2.013621624180000004e-28
2.860000000000000000e+02 2.021801722709999783e-28
2.870000000000000000e+02 2.030043105900000075e-28
2.880000000000000000e+02 2.038346417149999950e-28
2.890000000000000000e+02 2.046712308459999879e-28
2.900000000000000000e+02 2.055141440490000185e-28
2.910000000000000000e+02 2.063634482760000179e-28
2.920000000000000000e+02 2.072192113750000208e-28
2.930000000000000000e+02 2.080815021089999783e-28
2.940000000000000000e+02 2.089503901649999960e-28
2.950000000000000000e+02 2.098259461760000015e-28
2.960000000000000000e+02 2.107082417290000163e-28
2.970000000000000000e+02 2.115973493859999911e-28
2.980000000000000000e+02 2.124933427010000007e-28
2.990000000000000000e+02 2.133962962289999878e-28
3.000000000000000000e+02 2.143062855510000041e-28
3.010000000000000000e+02 2.152233872859999882e-28
3.020000000000000000e+02 2.161476791080000052e-28
3.030000000000000000e+02 2.170792397690000158e-28
3.040000000000000000e+02 2.180181491079999794e-28
3.050000000000000000e+02 2.189644880789999947e-28
3.060000000000000000e+02 2.199183387629999879e-28
3.070000000000000000e+02 2.208797843879999868e-28
3.080000000000000000e+02 2.218489093519999795e-28
3.090000000000000000e+02 2.228257992379999962e-28
3.100000000000000000e+02 2.238105408370000133e-28
3.110000000000000000e+02 2.248032221690000141e-28
3.120000000000000000e+02 2.258039325029999927e-28
3.130000000000000000e+02 2.268127623759999923e-28
3.140000000000000000e+02 2.278298036200000097e-28
3.150000000000000000e+02 2.288551493809999883e-28
3.160000000000000000e+02 2.298888941400000131e-28
3.170000000000000000e+02 2.309311337420000146e-28
3.180000000000000000e+02 2.319819654140000188e-28
3.190000000000000000e+02 2.330414877920000077e-28
3.200000000000000000e+02 2.341098009440000025e-28
3.210000000000000000e+02 2.351870063979999800e-28
3.220000000000000000e+02 2.362732071629999783e-28
3.230000000000000000e+02 2.373685077610000132e-28
3.240000000000000000e+02 2.384730142499999833e-28
3.250000000000000000e+02 2.395868342500000112e-28
3.260000000000000000e+02 2.407100769760000135e-28
3.270000000000000000e+02 2.418428532599999973e-28
3.280000000000000000e+02 2.429852755879999894e-28
3.290000000000000000e+02 2.441374581220000187e-28
3.300000000000000000e+02 2.452995167330000001e-28
3.310000000000000000e+02 2.464715690340000217e-28
3.320000000000000000e+02 2.476537344109999816e-28
3.330000000000000000e+02 2.488461340520000090e-28
3.340000000000000000e+02 2.500488909829999786e-28
3.350000000000000000e+02 2.512621301040000116e-28
3.360000000000000000e+02 2.524859782169999886e-28
3.370000000000000000e+02 2.537205640670000178e-28
3.380000000000000000e+02 2.549660183769999833e-28
3.390000000000000000e+02 2.562224738829999893e-28
3.400000000000000000e+02 2.574900653750000221e-28
3.410000000000000000e+02 2.587689297420000152e-28
3.420000000000000000e+02 2.600592060100000147e-28
3.430000000000000000e+02 2.613610354220000172e-28
3.440000000000000000e+02 2.626745616020000050e-28
3.450000000000000000e+02 2.639999319989999882e-28
3.460000000000000000e+02 2.653379350799999913e-28
3.470000000000000000e+02 2.666868041980000031e-28
3.480000000000000000e+02 2.680485945609999796e-28
3.490000000000000000e+02 2.695258869390000071e-28
3.500000000000000000e+02 2.708096897959999781e-28
3.510000000000000000e+02 2.722093112109999832e-28
3.520000000000000000e+02 2.736239866510000192e-28
3.530000000000000000e+02 2.750474870600000135e-28
3.540000000000000000e+02 2.764864216900000162e-28
3.550000000000000000e+02 2.779398312630000076e-28
3.560000000000000000e+02 2.794046613689999805e-28
3.570000000000000000e+02 2.808844835509999980e-28
3.580000000000000000e+02 2.823789233170000102e-28
3.590000000000000000e+02 2.838859482530000138e-28
3.600000000000000000e+02 2.854083512790000142e-28
3.610000000000000000e+02 2.869475566810000188e-28
3.620000000000000000e+02 2.884962570630000169e-28
3.630000000000000000e+02 2.900629870159999784e-28
3.640000000000000000e+02 2.916445623130000055e-28
3.650000000000000000e+02 2.932418287490000001e-28
3.660000000000000000e+02 2.948539583529999967e-28
3.670000000000000000e+02 2.964810983790000195e-28
3.680000000000000000e+02 2.981259688629999862e-28
3.690000000000000000e+02 2.997877707939999787e-28
3.700000000000000000e+02 3.014610479180000177e-28
3.710000000000000000e+02 3.031537906370000212e-28
3.720000000000000000e+02 3.048816147939999776e-28
3.735000000000000000e+02 3.074622302430000360e-28
3.760000000000000000e+02 3.122723423370000099e-28
3.795000000000000000e+02 3.182615220607499751e-28
3.835000000000000000e+02 3.258559454007500245e-28
3.875000000000000000e+02 3.338991712897499818e-28
3.915000000000000000e+02 3.419748464190000218e-28
3.955000000000000000e+02 3.505234940997499990e-28
3.995000000000000000e+02 3.595208311332500041e-28
4.035000000000000000e+02 3.698902995112500208e-28
4.075000000000000000e+02 3.786722256307499628e-28
4.115000000000000000e+02 3.889214408932500231e-28
4.155000000000000000e+02 3.997897730195000318e-28
4.195000000000000000e+02 4.125783756254999549e-28
4.235000000000000000e+02 4.227834783412500610e-28
4.280000000000000000e+02 4.375283777167999782e-28
4.325000000000000000e+02 4.515927593099999165e-28
4.365000000000000000e+02 4.721688455689999980e-28
4.410000000000000000e+02 5.455728764538000353e-28
4.455000000000000000e+02 5.091555804682499770e-28
4.495000000000000000e+02 5.203298626639999752e-28
4.540000000000000000e+02 5.548908937614000378e-28
4.590000000000000000e+02 5.737124768444000623e-28
4.635000000000000000e+02 2.005469596708912571e-25
4.680000000000000000e+02 2.557490954407599887e-27
4.725000000000000000e+02 5.129806139306000341e-27
4.770000000000000000e+02 6.700730996236000179e-28
4.820000000000000000e+02 1.506374741607599919e-27
4.870000000000000000e+02 7.522126059851999832e-28
4.920000000000000000e+02 8.866918194974001335e-28
4.970000000000000000e+02 8.325164260480000628e-28
5.020000000000000000e+02 1.039622696518599815e-27
5.070000000000000000e+02 2.576329205042219527e-24
5.120000000000000000e+02 1.491012299866000127e-27
5.170000000000000000e+02 1.313827916184000001e-27
5.220000000000000000e+02 1.374345351940000070e-27
5.270000000000000000e+02 2.472597258594000042e-27
5.325000000000000000e+02 3.853365631043466363e-25
5.380000000000000000e+02 1.257210617220715783e-24
5.430000000000000000e+02 1.614043108950529982e-24
5.485000000000000000e+02 1.849491699111500270e-26
5.540000000000000000e+02 8.192671767058000300e-27
5.595000000000000000e+02 4.658518247809499411e-26
5.655000000000000000e+02 5.428777121202333179e-26
5.710000000000000000e+02 5.993461407112599572e-25
5.765000000000000000e+02 2.749213847201733575e-25
5.825000000000000000e+02 1.106196314248262592e-22
5.885000000000000000e+02 3.755203808129333463e-25
5.945000000000000000e+02 8.683105133714559220e-22
6.005000000000000000e+02 8.332457660952167133e-23
6.065000000000000000e+02 2.565567943891166549e-23
6.125000000000000000e+02 6.181817469727349222e-24
6.185000000000000000e+02 1.057893393176081078e-22
6.245000000000000000e+02 9.415121464728334262e-25
6.305000000000000000e+02 4.190268170381333453e-23
6.370000000000000000e+02 3.557355630561082262e-21
6.435000000000000000e+02 1.582704895404488711e-22
6.500000000000000000e+02 2.406712794521428469e-23
6.565000000000000000e+02 2.980974568974766247e-21
6.630000000000000000e+02 8.194880821796254725e-21
6.695000000000000000e+02 2.367414928990197480e-17
6.760000000000000000e+02 2.644263726872239046e-21
6.830000000000000000e+02 5.481339326885613410e-22
6.900000000000000000e+02 5.858941907191558209e-22
6.970000000000000000e+02 9.414031798093143095e-24
7.040000000000000000e+02 1.111894179337292732e-22
7.110000000000000000e+02 2.826678219713457334e-23
7.180000000000000000e+02 2.433676505497571680e-24
7.250000000000000000e+02 4.030393797732000543e-24
7.320000000000000000e+02 6.491781047437428258e-25
7.395000000000000000e+02 4.110903670337875561e-25
7.470000000000000000e+02 6.028111142498287068e-25
7.545000000000000000e+02 5.877120979907499914e-26
7.620000000000000000e+02 4.418888352477143709e-26
7.695000000000000000e+02 4.446509316252482336e-23
7.775000000000000000e+02 9.597293692634999895e-27
7.855000000000000000e+02 5.235292747820445509e-24
7.930000000000000000e+02 1.371445819281222156e-23
8.005000000000000000e+02 1.050689749089750059e-26
8.085000000000000000e+02 3.287371477404999523e-27
8.170000000000000000e+02 2.054565728499444482e-26
8.255000000000000000e+02 3.449216283273749910e-27
8.335000000000000000e+02 1.979895742787135183e-25
8.415000000000000000e+02 1.273417857369387545e-26
8.500000000000000000e+02 5.113564355153555726e-27
8.585000000000000000e+02 6.632033826834250769e-27
8.670000000000000000e+02 8.830716621806667279e-28
8.760000000000000000e+02 1.522085944548555528e-27
8.850000000000000000e+02 6.686966272634844287e-26
8.935000000000000000e+02 4.525592049354025507e-26
9.020000000000000000e+02 6.513542548913331949e-27
9.115000000000000000e+02 1.175831883902899718e-27
9.210000000000000000e+02 1.037044119024311162e-26
9.300000000000000000e+02 8.462497645650035304e-23
9.390000000000000000e+02 1.150572591966666869e-27
9.485000000000000000e+02 2.516926171343879911e-26
9.580000000000000000e+02 1.201203948283584857e-24
9.675000000000000000e+02 1.595405531744158109e-25
9.775000000000000000e+02 8.243735835824499832e-27
9.870000000000000000e+02 9.224523398006666666e-28
9.965000000000000000e+02 6.126915911020999803e-28
1.006500000000000000e+03 3.090891319073100220e-26
1.016500000000000000e+03 2.555680603475100390e-26
1.027000000000000000e+03 2.978836603340941771e-25
1.037500000000000000e+03 7.708447602404901452e-27
1.047500000000000000e+03 2.433139446925699846e-26
1.058000000000000000e+03 4.965254376216271996e-27
1.069000000000000000e+03 3.934550107015972797e-26
1.079500000000000000e+03 6.819459486290588601e-26
1.090000000000000000e+03 1.753100042636033924e-22
1.101000000000000000e+03 4.729890598916091099e-27
1.112000000000000000e+03 2.808393683433636948e-28
1.123000000000000000e+03 2.635636448865454649e-28
1.134500000000000000e+03 2.611336713722500526e-28
1.146000000000000000e+03 2.592995084181818147e-28
1.157500000000000000e+03 2.580016792789999994e-28
1.169000000000000000e+03 2.571011888102726960e-28
1.180500000000000000e+03 6.544460114389166611e-28
1.192500000000000000e+03 2.612509745187499446e-28
1.204500000000000000e+03 2.802716054534999849e-28
1.216500000000000000e+03 5.158705520165916003e-26
1.228500000000000000e+03 2.829891248315250053e-27
1.240500000000000000e+03 8.650594406410000292e-28
1.253000000000000000e+03 6.648425951328615657e-27
1.266000000000000000e+03 1.880344655108268890e-26
1.278500000000000000e+03 9.261004220829165175e-28
1.291000000000000000e+03 4.152675662818460682e-28
1.304000000000000000e+03 2.780837467144615339e-28
1.317000000000000000e+03 2.765819334501538134e-28
1.330000000000000000e+03 3.364279238568461562e-28
1.343500000000000000e+03 8.344037819992141611e-28
1.357000000000000000e+03 3.112088816430154419e-27
1.370500000000000000e+03 3.774787191550612125e-25
1.384500000000000000e+03 2.518494803357572136e-24
1.398500000000000000e+03 1.350522657192491138e-24
1.412500000000000000e+03 1.538347527116064097e-26
1.426500000000000000e+03 9.415550320180713591e-28
1.440500000000000000e+03 1.423233254970214449e-27
1.455000000000000000e+03 3.329566278889999947e-28
1.469500000000000000e+03 3.416336324561428357e-28
1.484000000000000000e+03 3.622277800874666788e-28
1.499000000000000000e+03 3.611352255919333020e-28
1.514000000000000000e+03 3.720674572201333573e-28
1.529000000000000000e+03 3.836981931066666438e-28
1.544500000000000000e+03 3.964568108884374619e-28
1.560000000000000000e+03 4.101578587802000655e-28
1.575500000000000000e+03 4.417599521341875092e-28
1.591500000000000000e+03 4.409843240055624760e-28
1.607500000000000000e+03 4.583371713331875579e-28
1.623500000000000000e+03 4.769573841488124864e-28
1.639500000000000000e+03 4.969547723298750502e-28
1.656000000000000000e+03 5.191589201030588925e-28
1.672500000000000000e+03 5.430936781572499776e-28
1.689000000000000000e+03 5.689694930987648164e-28
1.706000000000000000e+03 5.978356843145292705e-28
1.723000000000000000e+03 6.293391699574116659e-28
1.740500000000000000e+03 6.646257774577223427e-28
1.758000000000000000e+03 7.028801651875294216e-28
1.775500000000000000e+03 1.652842323881167176e-27
1.793500000000000000e+03 1.617233628368555400e-27
1.811500000000000000e+03 8.943121499240557027e-28
1.829500000000000000e+03 1.082566373349611025e-27
1.847500000000000000e+03 4.140715060801650578e-26
1.866000000000000000e+03 1.255130988988692102e-24
1.884500000000000000e+03 9.043218753047721848e-26
1.903000000000000000e+03 1.480851576376726083e-25
1.922000000000000000e+03 5.807101921188111661e-25
1.941500000000000000e+03 4.772424707080520074e-23
1.961000000000000000e+03 1.096192293662473646e-26
1.980500000000000000e+03 9.094220525325301021e-26
2.000500000000000000e+03 3.580887938605000243e-27
2.020500000000000000e+03 3.971334592778144900e-25
2.040500000000000000e+03 7.904553168077835066e-25
2.061000000000000000e+03 9.989013614186600330e-25
2.082000000000000000e+03 1.088560615935483589e-24
2.102500000000000000e+03 9.804894797571085569e-23
2.123500000000000000e+03 2.113053086390841602e-25
2.145000000000000000e+03 1.161049147534664438e-24
2.166500000000000000e+03 1.446583568163227353e-26
2.188000000000000000e+03 1.695975931068945421e-24
2.209500000000000000e+03 5.325458576287968332e-24
2.231500000000000000e+03 4.665767358362863206e-23
2.254000000000000000e+03 2.664664846888978227e-23
2.277000000000000000e+03 4.573401911646977648e-22
2.299500000000000000e+03 2.416636111579906619e-20
2.322500000000000000e+03 7.715553739231819686e-19
2.346000000000000000e+03 1.016318746345997328e-19
2.369000000000000000e+03 2.912027431920233975e-19
2.392500000000000000e+03 1.954707873882763252e-21
2.416500000000000000e+03 6.935721197685417231e-26
2.441000000000000000e+03 1.079739574075039682e-25
2.465500000000000000e+03 2.215045323473958042e-25
2.490000000000000000e+03 1.738819216881600312e-26
2.515000000000000000e+03 1.208547841312559879e-26
2.540000000000000000e+03 6.598461677774400242e-27
2.565500000000000000e+03 5.624608903984615463e-27
2.591500000000000000e+03 6.553972474775731005e-26
2.617500000000000000e+03 8.606920982096078445e-26
2.643500000000000000e+03 2.543936524719692823e-26
2.669500000000000000e+03 2.207559407162038366e-26
2.696000000000000000e+03 8.155765982058889306e-27
2.723000000000000000e+03 2.496057898513332986e-27
2.750500000000000000e+03 7.448776089513570659e-27
2.778000000000000000e+03 3.024251764753703637e-27
2.805500000000000000e+03 2.526128933703536266e-26
2.834000000000000000e+03 2.129986395591758822e-27
2.862500000000000000e+03 1.171139119208678494e-27
2.891000000000000000e+03 8.316604988614826509e-28
2.920000000000000000e+03 7.370865265284481114e-28
2.949000000000000000e+03 7.268464470825858926e-28
2.978500000000000000e+03 2.994969051210133472e-27
3.008500000000000000e+03 6.767938110030668017e-28
3.038500000000000000e+03 6.437762525750001362e-28
3.068500000000000000e+03 1.886021385295699454e-27
3.099000000000000000e+03 3.294582819736419201e-27
3.130000000000000000e+03 3.954081816015871089e-27
3.161500000000000000e+03 3.230518586899875312e-26
3.193500000000000000e+03 6.699654443888126088e-28
3.225500000000000000e+03 6.115715721737187112e-28
3.257500000000000000e+03 5.563087173455819959e-26
3.290000000000000000e+03 3.369784801441072545e-25
3.323000000000000000e+03 2.577320578611372288e-26
3.356000000000000000e+03 6.558731998358958849e-26
3.389500000000000000e+03 1.022492107370765924e-25
3.423500000000000000e+03 2.186836906121790112e-25
3.458000000000000000e+03 2.826853432289036302e-24
3.492500000000000000e+03 1.762567450466079222e-23
3.527000000000000000e+03 2.305324023290507496e-22
3.562500000000000000e+03 6.930930922641262950e-22
3.598500000000000000e+03 6.637412167805386180e-24
3.634500000000000000e+03 1.016390704150160125e-22
3.670500000000000000e+03 4.869418499176741381e-23
3.707000000000000000e+03 2.030810155058005617e-19
3.744500000000000000e+03 8.897103836334326660e-20
3.782000000000000000e+03 3.483018136929408770e-25
3.819500000000000000e+03 9.859183562297080914e-27
3.858000000000000000e+03 6.180611403797449395e-26
3.896500000000000000e+03 1.749464158583868226e-27
3.935000000000000000e+03 7.777796297290901377e-27
3.974500000000000000e+03 3.267389539261199692e-27
4.014500000000000000e+03 5.310683829282780556e-26
4.054500000000000000e+03 6.083052804700249076e-28
4.095000000000000000e+03 1.235589670575121493e-28
4.136000000000000000e+03 6.892500691888781412e-28
4.177500000000000000e+03 2.026237920104499338e-28
4.219500000000000000e+03 9.812136618421905985e-29
4.261500000000000000e+03 1.009470674219333390e-28
4.304000000000000000e+03 1.057297978587185920e-28
4.347000000000000000e+03 1.808608436571023079e-28
4.390500000000000000e+03 1.188041857634379734e-27
4.434500000000000000e+03 1.081152863254091213e-28
4.479000000000000000e+03 1.619879280965588053e-26
4.524000000000000000e+03 1.678356030412680268e-27
4.569000000000000000e+03 2.181623887096217917e-27
4.614500000000000000e+03 1.751543408237030195e-25
4.660500000000000000e+03 2.477962441175124090e-25
4.707000000000000000e+03 1.881592479811894119e-25
4.754500000000000000e+03 1.663048662989455776e-24
4.802000000000000000e+03 1.944974925455886482e-23
4.850000000000000000e+03 1.092619617584800995e-22
4.898500000000000000e+03 5.854151994203811483e-24
4.947500000000000000e+03 5.345615031594249602e-24
4.997000000000000000e+03 4.122510704100136158e-25
5.047000000000000000e+03 9.567192301998337674e-25
5.097500000000000000e+03 8.075559563235926202e-24
5.148000000000000000e+03 3.673031582699179122e-23
5.199500000000000000e+03 1.076429938219721768e-25
5.251500000000000000e+03 1.708089059615063438e-25
5.304000000000000000e+03 1.011055757496415093e-25
5.357500000000000000e+03 3.546032388111261660e-26
5.411000000000000000e+03 4.905039729264527643e-29
5.465000000000000000e+03 2.342472649271708871e-28
5.520000000000000000e+03 5.431296359874515278e-27
5.575000000000000000e+03 2.541382488824862652e-26
5.630500000000000000e+03 3.958098812149097995e-27
5.687000000000000000e+03 2.296029534904403224e-28
5.744000000000000000e+03 9.924230731787894916e-29
5.801500000000000000e+03 4.463009211090378381e-28
5.859500000000000000e+03 7.602930154383370544e-27
5.918000000000000000e+03 8.859359886688937121e-27
5.977000000000000000e+03 1.008359338640660200e-25
6.036500000000000000e+03 4.469508460839671972e-26
6.097000000000000000e+03 1.530170453612078626e-24
6.158000000000000000e+03 8.672809151268429087e-26
6.219500000000000000e+03 5.322477102978367537e-25
6.282000000000000000e+03 4.598510561448950456e-24
6.345000000000000000e+03 3.203223024628605673e-24
6.408500000000000000e+03 1.608415997243483783e-25
6.472500000000000000e+03 5.382846413323391738e-26
6.537000000000000000e+03 2.129034375688522061e-25
6.602500000000000000e+03 5.046326753898817505e-27
6.668500000000000000e+03 6.990608824744926588e-26
6.735000000000000000e+03 1.179204220743936081e-26
6.802500000000000000e+03 6.246696881690200731e-27
6.870500000000000000e+03 1.200920117580152088e-24
6.939000000000000000e+03 5.807896597736862542e-23
7.008500000000000000e+03 7.949726537000017863e-25
7.078500000000000000e+03 2.656480566994001553e-29
7.149500000000000000e+03 2.432325050703541160e-28
7.221000000000000000e+03 5.506534384432041051e-28
7.293000000000000000e+03 9.511500636741532159e-27
7.366000000000000000e+03 3.757804065914958319e-28
7.439500000000000000e+03 1.993106426700240692e-27
7.514000000000000000e+03 3.654230867191764438e-27
7.589500000000000000e+03 2.419154760728531039e-25
7.665500000000000000e+03 5.141272070603854359e-28
7.742000000000000000e+03 9.868331429652010312e-26
7.819500000000000000e+03 1.333146144795390474e-28
7.897500000000000000e+03 3.212574974878416768e-28
7.976500000000000000e+03 3.269828907298563410e-27
8.056500000000000000e+03 2.016725247616020644e-26
8.137000000000000000e+03 1.126185860594656250e-25
8.218000000000000000e+03 4.834568801613101768e-25
8.300000000000000000e+03 1.401603985343030836e-24
8.383500000000000000e+03 7.255714975322974507e-30
8.467500000000000000e+03 4.507205838456822463e-29
8.552000000000000000e+03 2.443684054164458439e-29
8.637500000000000000e+03 2.104968140798702613e-28
8.724000000000000000e+03 1.371264486840781415e-28
8.811000000000000000e+03 1.723554696527111183e-28
8.899000000000000000e+03 2.170635474638843584e-29
8.988000000000000000e+03 6.296133250823490531e-28
9.078000000000000000e+03 2.202744559135845016e-28
9.169000000000000000e+03 1.247671612427960918e-28
9.260500000000000000e+03 1.726736371845790223e-28
9.353000000000000000e+03 5.575904130473376311e-27
9.446500000000000000e+03 2.798942904848524879e-27
9.541000000000000000e+03 1.212508392860993783e-26
9.636500000000000000e+03 3.229550914774228593e-27
9.733000000000000000e+03 4.762702081976908466e-30
9.830000000000000000e+03 4.639750869796392726e-30
9.928000000000000000e+03 4.520656959153435121e-30
9.989000000000000000e+03 4.448676357491739400e-30
