1.000000000000000000e+01 1.276131027920000017e-24
1.100000000000000000e+01 1.278799231540000043e-24
1.200000000000000000e+01 1.281301965399999928e-24
1.300000000000000000e+01 1.283893741149999992e-24
1.400000000000000000e+01 1.286662857910000021e-24
1.500000000000000000e+01 1.289110458429999963e-24
1.600000000000000000e+01 1.291753154910000051e-24
1.700000000000000000e+01 1.294487429580000035e-24
1.800000000000000000e+01 1.297007536340000013e-24
1.900000000000000000e+01 1.299713410930000053e-24
2.000000000000000000e+01 1.302377793050000081e-24
2.100000000000000000e+01 1.304997134919999994e-24
2.200000000000000000e+01 1.307779768479999995e-24
2.300000000000000000e+01 1.310393989530000058e-24
2.400000000000000000e+01 1.313082744650000008e-24
2.500000000000000000e+01 1.315926290230000088e-24
2.600000000000000000e+01 1.318527838219999949e-24
2.700000000000000000e+01 1.321266944490000072e-24
2.800000000000000000e+01 1.324082271089999952e-24
2.900000000000000000e+01 1.326771345659999938e-24
3.000000000000000000e+01 1.329552345060000057e-24
3.100000000000000000e+01 1.332346784999999931e-24
3.200000000000000000e+01 1.335121326609999949e-24
3.300000000000000000e+01 1.337940944240000039e-24
3.400000000000000000e+01 1.340751267779999986e-24
3.500000000000000000e+01 1.343576950580000067e-24
3.600000000000000000e+01 1.346432071289999948e-24
3.700000000000000000e+01 1.349273082749999953e-24
3.800000000000000000e+01 1.352138774549999991e-24
3.900000000000000000e+01 1.355021128819999921e-24
4.000000000000000000e+01 1.357905852480000082e-24
4.100000000000000000e+01 1.360808149369999962e-24
4.200000000000000000e+01 1.363722267760000044e-24
4.300000000000000000e+01 1.366647577239999942e-24
4.400000000000000000e+01 1.369586476289999913e-24
4.500000000000000000e+01 1.372536616439999935e-24
4.600000000000000000e+01 1.375499544319999933e-24
4.700000000000000000e+01 1.378475392639999974e-24
4.800000000000000000e+01 1.381462988509999951e-24
4.900000000000000000e+01 1.384463572290000020e-24
5.000000000000000000e+01 1.387476867679999940e-24
5.100000000000000000e+01 1.390502847540000079e-24
5.200000000000000000e+01 1.393541709429999972e-24
5.300000000000000000e+01 1.396593469419999951e-24
5.400000000000000000e+01 1.399658224920000057e-24
5.500000000000000000e+01 1.402736064910000078e-24
5.600000000000000000e+01 1.405827047300000036e-24
5.700000000000000000e+01 1.408931275549999948e-24
5.800000000000000000e+01 1.412048827270000005e-24
5.900000000000000000e+01 1.415179783519999916e-24
6.000000000000000000e+01 1.418324232459999957e-24
6.100000000000000000e+01 1.421482258179999991e-24
6.200000000000000000e+01 1.424653947180000052e-24
6.300000000000000000e+01 1.427839386560000039e-24
6.400000000000000000e+01 1.431038663669999952e-24
6.500000000000000000e+01 1.434251867209999950e-24
6.600000000000000000e+01 1.437479086239999927e-24
6.700000000000000000e+01 1.440720410619999910e-24
6.800000000000000000e+01 1.443975931010000052e-24
6.900000000000000000e+01 1.447245738770000046e-24
7.000000000000000000e+01 1.450529926039999965e-24
7.100000000000000000e+01 1.453828585729999923e-24
7.200000000000000000e+01 1.457141811509999931e-24
7.300000000000000000e+01 1.460469697839999974e-24
7.400000000000000000e+01 1.463812339970000019e-24
7.500000000000000000e+01 1.467169833940000009e-24
7.600000000000000000e+01 1.470542276609999952e-24
7.700000000000000000e+01 1.473929765639999984e-24
7.800000000000000000e+01 1.477332399509999939e-24
7.900000000000000000e+01 1.480750277540000015e-24
8.000000000000000000e+01 1.484183499890000039e-24
8.100000000000000000e+01 1.487632167540000089e-24
8.200000000000000000e+01 1.491096382360000073e-24
8.300000000000000000e+01 1.494576247080000018e-24
8.400000000000000000e+01 1.498071865269999947e-24
8.500000000000000000e+01 1.501583341419999986e-24
8.600000000000000000e+01 1.505110780880000009e-24
8.700000000000000000e+01 1.508654289939999929e-24
8.800000000000000000e+01 1.512213975759999924e-24
8.900000000000000000e+01 1.515789946449999993e-24
9.000000000000000000e+01 1.519382311009999969e-24
9.100000000000000000e+01 1.522991179419999958e-24
9.200000000000000000e+01 1.526616662589999952e-24
9.300000000000000000e+01 1.530258872379999946e-24
9.400000000000000000e+01 1.533917921630000028e-24
9.500000000000000000e+01 1.537593924150000037e-24
9.600000000000000000e+01 1.541286994750000021e-24
9.700000000000000000e+01 1.544997249219999935e-24
9.800000000000000000e+01 1.548724804389999990e-24
9.900000000000000000e+01 1.552469778059999972e-24
1.000000000000000000e+02 1.556232289119999945e-24
1.010000000000000000e+02 1.560012457450000030e-24
1.020000000000000000e+02 1.563810404020000075e-24
1.030000000000000000e+02 1.567626250840000005e-24
1.040000000000000000e+02 1.571460121010000025e-24
1.050000000000000000e+02 1.575312138699999949e-24
1.060000000000000000e+02 1.579182429199999957e-24
1.070000000000000000e+02 1.583071118889999956e-24
1.080000000000000000e+02 1.586978335280000001e-24
1.090000000000000000e+02 1.590904207020000080e-24
1.100000000000000000e+02 1.594848863899999928e-24
1.110000000000000000e+02 1.598812436849999945e-24
1.120000000000000000e+02 1.602795058010000053e-24
1.130000000000000000e+02 1.606796860680000034e-24
1.140000000000000000e+02 1.610817979349999994e-24
1.150000000000000000e+02 1.614858549740000040e-24
1.160000000000000000e+02 1.618918708770000013e-24
1.170000000000000000e+02 1.622998594610000061e-24
1.180000000000000000e+02 1.627098346669999934e-24
1.190000000000000000e+02 1.631218105649999923e-24
1.200000000000000000e+02 1.635358013479999956e-24
1.210000000000000000e+02 1.639518213420000004e-24
1.220000000000000000e+02 1.643698850029999995e-24
1.230000000000000000e+02 1.647900069160000029e-24
1.240000000000000000e+02 1.652122018040000087e-24
1.250000000000000000e+02 1.656364845200000107e-24
1.260000000000000000e+02 1.660628700580000173e-24
1.270000000000000000e+02 1.664913735460000013e-24
1.280000000000000000e+02 1.669220102539999835e-24
1.290000000000000000e+02 1.673547955920000030e-24
1.300000000000000000e+02 1.677897451130000150e-24
1.310000000000000000e+02 1.682268745119999861e-24
1.320000000000000000e+02 1.686661996340000154e-24
1.330000000000000000e+02 1.691077364670000076e-24
1.340000000000000000e+02 1.695515011500000151e-24
1.350000000000000000e+02 1.699975099739999953e-24
1.360000000000000000e+02 1.704457793810000158e-24
1.370000000000000000e+02 1.708963259659999915e-24
1.380000000000000000e+02 1.713491664829999945e-24
1.390000000000000000e+02 1.718043178399999958e-24
1.400000000000000000e+02 1.722617971080000007e-24
1.410000000000000000e+02 1.727216215160000100e-24
1.420000000000000000e+02 1.731838084589999943e-24
1.430000000000000000e+02 1.736483754960000099e-24
1.440000000000000000e+02 1.741153403520000093e-24
1.450000000000000000e+02 1.745847209220000115e-24
1.460000000000000000e+02 1.750565352700000134e-24
1.470000000000000000e+02 1.755308016350000069e-24
1.480000000000000000e+02 1.760075384300000004e-24
1.490000000000000000e+02 1.764867642440000124e-24
1.500000000000000000e+02 1.769684978450000066e-24
1.510000000000000000e+02 1.774527581830000105e-24
1.520000000000000000e+02 1.779395643880000117e-24
1.530000000000000000e+02 1.784289357799999987e-24
1.540000000000000000e+02 1.789208918609999872e-24
1.550000000000000000e+02 1.794154523270000171e-24
1.560000000000000000e+02 1.799126370619999891e-24
1.570000000000000000e+02 1.804124661460000050e-24
1.580000000000000000e+02 1.809149598550000012e-24
1.590000000000000000e+02 1.814201386640000139e-24
1.600000000000000000e+02 1.819280232469999953e-24
1.610000000000000000e+02 1.824386344839999931e-24
1.620000000000000000e+02 1.829519934590000096e-24
1.630000000000000000e+02 1.834681214630000108e-24
1.640000000000000000e+02 1.839870400009999948e-24
1.650000000000000000e+02 1.845087707880000051e-24
1.660000000000000000e+02 1.850333357560000158e-24
1.670000000000000000e+02 1.855607570559999986e-24
1.680000000000000000e+02 1.860910570579999959e-24
1.690000000000000000e+02 1.866242583580000066e-24
1.700000000000000000e+02 1.871603837759999919e-24
1.710000000000000000e+02 1.876994563630000182e-24
1.720000000000000000e+02 1.882414993999999850e-24
1.730000000000000000e+02 1.887865364040000085e-24
1.740000000000000000e+02 1.893345911280000183e-24
1.750000000000000000e+02 1.898856875680000096e-24
1.760000000000000000e+02 1.904398499599999980e-24
1.770000000000000000e+02 1.909971027879999933e-24
1.780000000000000000e+02 1.915574707859999927e-24
1.790000000000000000e+02 1.921209789389999961e-24
1.800000000000000000e+02 1.926876524880000082e-24
1.810000000000000000e+02 1.932575169330000098e-24
1.820000000000000000e+02 1.938305980360000035e-24
1.830000000000000000e+02 1.944069218219999920e-24
1.840000000000000000e+02 1.949865145869999883e-24
1.850000000000000000e+02 1.955694028980000159e-24
1.860000000000000000e+02 1.961556135960000073e-24
1.870000000000000000e+02 1.967451738020000042e-24
1.880000000000000000e+02 1.973381109179999893e-24
1.890000000000000000e+02 1.979344526319999986e-24
1.900000000000000000e+02 1.985342269219999975e-24
1.910000000000000000e+02 1.991374620570000068e-24
1.920000000000000000e+02 1.997441866039999872e-24
1.930000000000000000e+02 2.003544294309999952e-24
1.940000000000000000e+02 2.009682197069999993e-24
1.950000000000000000e+02 2.015855869110000159e-24
1.960000000000000000e+02 2.022065608359999856e-24
1.970000000000000000e+02 2.028311715859999854e-24
1.980000000000000000e+02 2.034594495899999991e-24
1.990000000000000000e+02 2.040914255969999885e-24
2.000000000000000000e+02 2.047271306869999865e-24
2.010000000000000000e+02 2.053665962700000075e-24
2.020000000000000000e+02 2.060098540950000007e-24
2.030000000000000000e+02 2.066569362510000112e-24
2.040000000000000000e+02 2.073078751719999986e-24
2.050000000000000000e+02 2.079627036430000012e-24
2.060000000000000000e+02 2.086214548029999973e-24
2.070000000000000000e+02 2.092841621509999956e-24
2.080000000000000000e+02 2.099508595479999925e-24
2.090000000000000000e+02 2.106215812259999968e-24
2.100000000000000000e+02 2.112963617879999936e-24
2.110000000000000000e+02 2.119752362170000066e-24
2.120000000000000000e+02 2.126582398809999893e-24
2.130000000000000000e+02 2.133454085319999943e-24
2.140000000000000000e+02 2.140367783209999949e-24
2.150000000000000000e+02 2.147323857929999936e-24
2.160000000000000000e+02 2.154322678999999980e-24
2.170000000000000000e+02 2.161364620030000138e-24
2.180000000000000000e+02 2.168450058779999886e-24
2.190000000000000000e+02 2.175579377209999978e-24
2.200000000000000000e+02 2.182752961559999972e-24
2.210000000000000000e+02 2.189971202380000161e-24
2.220000000000000000e+02 2.197234494580000116e-24
2.230000000000000000e+02 2.204543237539999981e-24
2.240000000000000000e+02 2.211897835119999890e-24
2.250000000000000000e+02 2.219298695749999852e-24
2.260000000000000000e+02 2.226746232459999841e-24
2.270000000000000000e+02 2.234240862979999829e-24
2.280000000000000000e+02 2.241783009790000180e-24
2.290000000000000000e+02 2.249373100179999978e-24
2.300000000000000000e+02 2.257011566319999921e-24
2.310000000000000000e+02 2.264698845319999921e-24
2.320000000000000000e+02 2.272435379320000095e-24
2.330000000000000000e+02 2.280221615540000048e-24
2.340000000000000000e+02 2.288058006340000147e-24
2.350000000000000000e+02 2.295945009329999871e-24
2.360000000000000000e+02 2.303883087400000106e-24
2.370000000000000000e+02 2.311872708840000174e-24
2.380000000000000000e+02 2.319914347349999825e-24
2.390000000000000000e+02 2.328008482190000026e-24
2.400000000000000000e+02 2.336155598219999896e-24
2.410000000000000000e+02 2.344356185969999960e-24
2.420000000000000000e+02 2.352610741729999839e-24
2.430000000000000000e+02 2.360919767650000123e-24
2.440000000000000000e+02 2.369283771799999970e-24
2.450000000000000000e+02 2.377703268259999934e-24
2.460000000000000000e+02 2.386178777220000164e-24
2.470000000000000000e+02 2.394710825039999846e-24
2.480000000000000000e+02 2.403299944359999960e-24
2.490000000000000000e+02 2.411946674189999860e-24
2.500000000000000000e+02 2.420651560000000108e-24
2.510000000000000000e+02 2.429415153780000067e-24
2.520000000000000000e+02 2.438238014199999948e-24
2.530000000000000000e+02 2.447120706660000100e-24
2.540000000000000000e+02 2.456063803380000155e-24
2.550000000000000000e+02 2.465067883559999979e-24
2.560000000000000000e+02 2.474133533389999823e-24
2.570000000000000000e+02 2.483261346239999875e-24
2.580000000000000000e+02 2.492451922709999924e-24
2.590000000000000000e+02 2.501705870780000144e-24
2.600000000000000000e+02 2.511023805860000014e-24
2.610000000000000000e+02 2.520406350950000000e-24
2.620000000000000000e+02 2.529854136760000057e-24
2.630000000000000000e+02 2.539367801760000013e-24
2.640000000000000000e+02 2.548947992369999868e-24
2.650000000000000000e+02 2.558595363019999963e-24
2.660000000000000000e+02 2.568310576340000172e-24
2.670000000000000000e+02 2.578094303189999989e-24
2.680000000000000000e+02 2.587947222860000071e-24
2.690000000000000000e+02 2.597870023170000080e-24
2.700000000000000000e+02 2.607863400610000055e-24
2.710000000000000000e+02 2.617928060440000084e-24
2.720000000000000000e+02 2.628064716859999932e-24
2.730000000000000000e+02 2.638274093130000117e-24
2.740000000000000000e+02 2.648556921709999977e-24
2.750000000000000000e+02 2.658913944420000088e-24
2.760000000000000000e+02 2.669345912540000095e-24
2.770000000000000000e+02 2.679853586989999962e-24
2.780000000000000000e+02 2.690437738490000178e-24
2.790000000000000000e+02 2.701099147670000115e-24
2.800000000000000000e+02 2.711838605250000001e-24
2.810000000000000000e+02 2.722656912219999968e-24
2.820000000000000000e+02 2.733554879940000091e-24
2.830000000000000000e+02 2.744533330370000180e-24
2.840000000000000000e+02 2.755593096179999974e-24
2.850000000000000000e+02 2.766735020960000102e-24
2.860000000000000000e+02 2.777959959360000155e-24
2.870000000000000000e+02 2.789268777310000169e-24
2.880000000000000000e+02 2.800662352130000080e-24
2.890000000000000000e+02 2.812141572789999970e-24
2.900000000000000000e+02 2.823707340030000044e-24
2.910000000000000000e+02 2.835360566579999906e-24
2.920000000000000000e+02 2.847102177369999891e-24
2.930000000000000000e+02 2.858933109680000020e-24
2.940000000000000000e+02 2.870854313360000015e-24
2.950000000000000000e+02 2.882866751080000128e-24
2.960000000000000000e+02 2.894971398439999866e-24
2.970000000000000000e+02 2.907169244269999942e-24
2.980000000000000000e+02 2.919461290809999848e-24
2.990000000000000000e+02 2.931848553919999920e-24
3.000000000000000000e+02 2.944332063319999819e-24
3.010000000000000000e+02 2.956912862810000009e-24
3.020000000000000000e+02 2.969592010520000019e-24
3.030000000000000000e+02 2.982370579099999841e-24
3.040000000000000000e+02 2.995249656020000046e-24
3.050000000000000000e+02 3.008230343780000179e-24
3.060000000000000000e+02 3.021313760179999889e-24
3.070000000000000000e+02 3.034501038549999829e-24
3.080000000000000000e+02 3.047793328040000155e-24
3.090000000000000000e+02 3.061191793869999887e-24
3.100000000000000000e+02 3.074697617590000096e-24
3.110000000000000000e+02 3.088311997390000131e-24
3.120000000000000000e+02 3.102036148360000077e-24
3.130000000000000000e+02 3.115871302769999827e-24
3.140000000000000000e+02 3.129818710369999943e-24
3.150000000000000000e+02 3.143879638709999863e-24
3.160000000000000000e+02 3.158055373419999927e-24
3.170000000000000000e+02 3.172347218529999956e-24
3.180000000000000000e+02 3.186756496770000105e-24
3.190000000000000000e+02 3.201284549949999982e-24
3.200000000000000000e+02 3.215932739220000000e-24
3.210000000000000000e+02 3.230702445439999979e-24
3.220000000000000000e+02 3.245595069540000167e-24
3.230000000000000000e+02 3.260612032839999824e-24
3.240000000000000000e+02 3.275754777440000163e-24
3.250000000000000000e+02 3.291024766539999999e-24
3.260000000000000000e+02 3.306423484880000177e-24
3.270000000000000000e+02 3.321952439049999802e-24
3.280000000000000000e+02 3.337613157940000090e-24
3.290000000000000000e+02 3.353407193099999875e-24
3.300000000000000000e+02 3.369336119139999813e-24
3.310000000000000000e+02 3.385401534189999763e-24
3.320000000000000000e+02 3.401605060259999816e-24
3.330000000000000000e+02 3.417948343729999968e-24
3.340000000000000000e+02 3.434433055760000061e-24
3.350000000000000000e+02 3.451060892729999809e-24
3.360000000000000000e+02 3.467833576739999728e-24
3.370000000000000000e+02 3.484752856020000341e-24
3.380000000000000000e+02 3.501820505479999820e-24
3.390000000000000000e+02 3.519038327140000108e-24
3.400000000000000000e+02 3.536408150669999637e-24
3.410000000000000000e+02 3.553931833869999827e-24
3.420000000000000000e+02 3.571611263210000019e-24
3.430000000000000000e+02 3.589448354390000033e-24
3.440000000000000000e+02 3.607445052820000070e-24
3.450000000000000000e+02 3.625603334239999778e-24
3.460000000000000000e+02 3.643925205839999714e-24
3.470000000000000000e+02 3.662412703919999845e-24
3.480000000000000000e+02 3.681067900319999932e-24
3.490000000000000000e+02 3.699892899740000244e-24
3.500000000000000000e+02 3.718889830810000197e-24
3.510000000000000000e+02 3.738060870910000271e-24
3.520000000000000000e+02 3.757408226079999813e-24
3.530000000000000000e+02 3.776934124090000130e-24
3.540000000000000000e+02 3.796640852839999669e-24
3.550000000000000000e+02 3.816530725130000002e-24
3.560000000000000000e+02 3.836606075830000240e-24
3.570000000000000000e+02 3.856869308449999743e-24
3.580000000000000000e+02 3.877322848310000301e-24
3.590000000000000000e+02 3.897969144969999812e-24
3.600000000000000000e+02 3.918810724910000104e-24
3.610000000000000000e+02 3.939850130690000182e-24
3.620000000000000000e+02 3.961089933709999897e-24
3.630000000000000000e+02 3.982532794719999882e-24
3.640000000000000000e+02 4.004181370760000273e-24
3.650000000000000000e+02 4.026038377709999826e-24
3.660000000000000000e+02 4.048106611829999786e-24
3.670000000000000000e+02 4.070388838609999724e-24
3.680000000000000000e+02 4.092887945160000047e-24
3.690000000000000000e+02 4.115606882219999674e-24
3.700000000000000000e+02 4.138548480299999653e-24
3.710000000000000000e+02 4.161715857720000227e-24
3.720000000000000000e+02 4.185112156809999790e-24
3.735000000000000000e+02 4.220671737079999925e-24
3.760000000000000000e+02 4.281129536123333506e-24
3.795000000000000000e+02 4.368360132592500052e-24
3.835000000000000000e+02 4.471836694735000125e-24
3.875000000000000000e+02 4.579663849334999515e-24
3.915000000000000000e+02 4.692096348010000168e-24
3.955000000000000000e+02 4.809407098227499737e-24
3.995000000000000000e+02 4.931890044902499473e-24
4.035000000000000000e+02 5.059861374169999719e-24
4.075000000000000000e+02 5.193662327412499819e-24
4.115000000000000000e+02 5.333660784707499748e-24
4.155000000000000000e+02 5.480254893412499750e-24
4.195000000000000000e+02 5.633876606102500284e-24
4.235000000000000000e+02 5.794986924147500186e-24
4.280000000000000000e+02 5.986027387624000138e-24
4.325000000000000000e+02 6.187574711574999607e-24
4.365000000000000000e+02 6.376765264039999786e-24
4.410000000000000000e+02 6.601818767293999797e-24
4.455000000000000000e+02 6.840024560350000010e-24
4.495000000000000000e+02 7.064420518627500440e-24
4.540000000000000000e+02 7.332216104637998393e-24
4.590000000000000000e+02 7.649982696353999990e-24
4.635000000000000000e+02 7.955553815044999991e-24
4.680000000000000000e+02 8.282665251501999636e-24
4.725000000000000000e+02 8.632098941560000098e-24
4.770000000000000000e+02 9.006827597359999642e-24
4.820000000000000000e+02 9.455671911887999622e-24
4.870000000000000000e+02 9.942075817196000316e-24
4.920000000000000000e+02 1.047099779518000025e-23
4.970000000000000000e+02 1.104706597309999907e-23
5.020000000000000000e+02 1.167685224921999964e-23
5.070000000000000000e+02 1.237117558600000026e-23
5.120000000000000000e+02 1.313208853998000019e-23
5.170000000000000000e+02 1.397217496798000004e-23
5.220000000000000000e+02 1.492612366987999784e-23
5.270000000000000000e+02 1.602370118705999961e-23
5.325000000000000000e+02 1.742949697921666571e-23
5.380000000000000000e+02 1.874972934863999994e-23
5.430000000000000000e+02 2.097308003411999874e-23
5.485000000000000000e+02 2.217856261606666865e-23
5.540000000000000000e+02 2.439136691942000023e-23
5.595000000000000000e+02 2.681528339433332879e-23
5.655000000000000000e+02 3.030739030331666538e-23
5.710000000000000000e+02 3.510759792315999917e-23
5.765000000000000000e+02 4.083436278745000462e-23
5.825000000000000000e+02 5.672954290263333224e-23
5.885000000000000000e+02 8.415387223893333987e-23
5.945000000000000000e+02 2.112340491379999849e-22
6.005000000000000000e+02 5.144845172926666061e-22
6.065000000000000000e+02 3.869641820231666568e-22
6.125000000000000000e+02 7.180466462628333109e-22
6.185000000000000000e+02 4.329180169626832730e-21
6.245000000000000000e+02 9.208683275791666070e-22
6.305000000000000000e+02 3.389836354700000611e-21
6.370000000000000000e+02 6.918052415201427389e-21
6.435000000000000000e+02 2.304871206291499755e-20
6.500000000000000000e+02 8.651380317040000851e-20
6.565000000000000000e+02 1.712333180025333387e-19
6.630000000000000000e+02 6.224504211552857524e-20
6.695000000000000000e+02 5.517305766812167395e-19
6.760000000000000000e+02 1.806574141820714151e-19
6.830000000000000000e+02 1.138843890275285628e-19
6.900000000000000000e+02 6.239491776541001204e-20
6.970000000000000000e+02 1.364841877133714105e-20
7.040000000000000000e+02 2.822318187945856990e-21
7.110000000000000000e+02 1.102362705428999985e-21
7.180000000000000000e+02 2.054171350334285430e-21
7.250000000000000000e+02 5.696096856179998800e-22
7.320000000000000000e+02 4.820091983335714009e-22
7.395000000000000000e+02 2.605424476986249900e-22
7.470000000000000000e+02 1.387565127540857123e-22
7.545000000000000000e+02 5.734432694838750372e-23
7.620000000000000000e+02 4.061708113681428237e-23
7.695000000000000000e+02 3.260278953234999872e-23
7.775000000000000000e+02 2.757686346042499815e-23
7.855000000000000000e+02 2.393465530216250266e-23
7.930000000000000000e+02 2.298719959112857094e-23
8.005000000000000000e+02 1.945332282168750047e-23
8.085000000000000000e+02 1.707517207812499829e-23
8.170000000000000000e+02 1.514999796155555753e-23
8.255000000000000000e+02 1.356179624144999981e-23
8.335000000000000000e+02 1.237921705041250028e-23
8.415000000000000000e+02 1.138918346286249926e-23
8.500000000000000000e+02 1.048172143386666580e-23
8.585000000000000000e+02 9.697004036396249821e-24
8.670000000000000000e+02 9.019161045632222637e-24
8.760000000000000000e+02 8.390343056083333328e-24
8.850000000000000000e+02 7.845239987613331807e-24
8.935000000000000000e+02 7.394477118422500343e-24
9.020000000000000000e+02 6.996220585824443996e-24
9.115000000000000000e+02 6.599791811125000730e-24
9.210000000000000000e+02 6.283162009111111075e-24
9.300000000000000000e+02 6.191535907560000288e-24
9.390000000000000000e+02 5.849914034414443938e-24
9.485000000000000000e+02 6.159294921717001047e-24
9.580000000000000000e+02 5.400462532788887841e-24
9.675000000000000000e+02 5.629520976154999616e-24
9.775000000000000000e+02 5.354639171521001118e-24
9.870000000000000000e+02 4.705532689295556107e-24
9.965000000000000000e+02 4.533833963265000386e-24
1.006500000000000000e+03 4.400517805165000510e-24
1.016500000000000000e+03 4.289657670347000162e-24
1.027000000000000000e+03 4.192200160197272391e-24
1.037500000000000000e+03 4.187665307752000719e-24
1.047500000000000000e+03 5.070197870971998923e-24
1.058000000000000000e+03 4.907914790572726869e-24
1.069000000000000000e+03 5.031944107133636704e-24
1.079500000000000000e+03 5.233648056447999867e-24
1.090000000000000000e+03 4.035260923309999718e-24
1.101000000000000000e+03 3.674684188339090248e-24
1.112000000000000000e+03 3.631850769010909261e-24
1.123000000000000000e+03 3.598297927136363234e-24
1.134500000000000000e+03 3.569983387999166063e-24
1.146000000000000000e+03 3.547832367290909547e-24
1.157500000000000000e+03 3.531559925092499883e-24
1.169000000000000000e+03 3.520626472310908453e-24
1.180500000000000000e+03 3.514870842398334115e-24
1.192500000000000000e+03 3.514004316681666555e-24
1.204500000000000000e+03 3.518668205140834009e-24
1.216500000000000000e+03 3.534224129269167186e-24
1.228500000000000000e+03 3.609081808796665633e-24
1.240500000000000000e+03 4.132065323394167185e-24
1.253000000000000000e+03 4.330390460503845542e-24
1.266000000000000000e+03 4.474789187031538013e-24
1.278500000000000000e+03 4.221128828933332391e-24
1.291000000000000000e+03 3.787615962648461999e-24
1.304000000000000000e+03 3.725578543426153240e-24
1.317000000000000000e+03 3.771545516867692071e-24
1.330000000000000000e+03 3.847732077950000302e-24
1.343500000000000000e+03 4.245780629119285779e-24
1.357000000000000000e+03 4.950025487093846008e-24
1.370500000000000000e+03 4.895084864948570582e-24
1.384500000000000000e+03 4.853888396855001085e-24
1.398500000000000000e+03 4.295773360056428350e-24
1.412500000000000000e+03 4.265336680249999765e-24
1.426500000000000000e+03 4.350887300944999702e-24
1.440500000000000000e+03 4.451011751882143009e-24
1.455000000000000000e+03 4.562331452232666481e-24
1.469500000000000000e+03 4.681055385163571174e-24
1.484000000000000000e+03 4.807697003977333367e-24
1.499000000000000000e+03 4.947319960524666909e-24
1.514000000000000000e+03 5.096256138199334292e-24
1.529000000000000000e+03 5.255068048547332617e-24
1.544500000000000000e+03 5.430291661896876081e-24
1.560000000000000000e+03 5.617388582537333980e-24
1.575500000000000000e+03 5.817493182561873533e-24
1.591500000000000000e+03 6.038505859848124460e-24
1.607500000000000000e+03 6.275449639671874890e-24
1.623500000000000000e+03 6.529654027741875266e-24
1.639500000000000000e+03 6.802609227228748053e-24
1.656000000000000000e+03 7.105625078882352540e-24
1.672500000000000000e+03 7.432188922198126346e-24
1.689000000000000000e+03 7.785143625858234427e-24
1.706000000000000000e+03 8.178788254617646898e-24
1.723000000000000000e+03 8.606286805090588954e-24
1.740500000000000000e+03 9.085924772251110130e-24
1.758000000000000000e+03 9.609775365407057975e-24
1.775500000000000000e+03 1.018425126453777593e-23
1.793500000000000000e+03 1.083400141232777659e-23
1.811500000000000000e+03 1.155195974383333441e-23
1.829500000000000000e+03 1.234811898308888794e-23
1.847500000000000000e+03 1.324567315821666502e-23
1.866000000000000000e+03 1.433926112400526183e-23
1.884500000000000000e+03 1.563913967920555641e-23
1.903000000000000000e+03 2.656260776214736564e-23
1.922000000000000000e+03 3.286111432194736729e-23
1.941500000000000000e+03 2.900424855954500416e-23
1.961000000000000000e+03 2.278247166516842530e-23
1.980500000000000000e+03 2.445165377026000092e-23
2.000500000000000000e+03 2.743852567505999510e-23
2.020500000000000000e+03 3.232308839173499411e-23
2.040500000000000000e+03 5.526727269230999413e-23
2.061000000000000000e+03 1.397381705677142962e-22
2.082000000000000000e+03 2.121902770406618493e-22
2.102500000000000000e+03 5.792923272657500396e-23
2.123500000000000000e+03 6.768658272790001262e-23
2.145000000000000000e+03 8.095801496771904451e-23
2.166500000000000000e+03 1.018578248065863728e-22
2.188000000000000000e+03 1.324158851005714420e-22
2.209500000000000000e+03 1.807289255834999953e-22
2.231500000000000000e+03 3.499739693176363727e-22
2.254000000000000000e+03 7.192901036194173600e-21
2.277000000000000000e+03 1.817831128992173756e-20
2.299500000000000000e+03 4.581812710875819371e-20
2.322500000000000000e+03 8.651141203685332636e-19
2.346000000000000000e+03 2.113484099477087393e-18
2.369000000000000000e+03 1.279578405340578683e-18
2.392500000000000000e+03 3.849161844841249202e-21
2.416500000000000000e+03 8.322909033510414886e-22
2.441000000000000000e+03 4.135513911107998623e-22
2.465500000000000000e+03 2.492875222473750294e-22
2.490000000000000000e+03 1.678725879528399564e-22
2.515000000000000000e+03 1.201055908353600131e-22
2.540000000000000000e+03 9.006491339671200313e-23
2.565500000000000000e+03 6.988105817323845004e-23
2.591500000000000000e+03 5.584209708955767902e-23
2.617500000000000000e+03 4.579798509945000786e-23
2.643500000000000000e+03 3.779451091890769088e-23
2.669500000000000000e+03 3.177411499973461850e-23
2.696000000000000000e+03 2.711090393249259290e-23
2.723000000000000000e+03 2.335636578458148308e-23
2.750500000000000000e+03 2.035685729960714484e-23
2.778000000000000000e+03 1.784513274561111365e-23
2.805500000000000000e+03 1.573259991916071432e-23
2.834000000000000000e+03 1.396009724242068570e-23
2.862500000000000000e+03 1.247873789867142658e-23
2.891000000000000000e+03 1.122905023391724252e-23
2.920000000000000000e+03 1.014703414054379465e-23
2.949000000000000000e+03 9.221457527836206104e-24
2.978500000000000000e+03 8.414550092667331069e-24
3.008500000000000000e+03 7.701782983179332054e-24
3.038500000000000000e+03 7.086361974079665333e-24
3.068500000000000000e+03 6.552424657100333269e-24
3.099000000000000000e+03 6.082571971922579039e-24
3.130000000000000000e+03 5.670659709848710203e-24
3.161500000000000000e+03 5.365915911406249290e-24
3.193500000000000000e+03 5.132432593940625072e-24
3.225500000000000000e+03 4.747389403181876159e-24
3.257500000000000000e+03 4.513374275257187526e-24
3.290000000000000000e+03 4.394468290647878811e-24
3.323000000000000000e+03 4.684546226789999738e-24
3.356000000000000000e+03 5.945900508386363964e-24
3.389500000000000000e+03 4.360225001411469958e-24
3.423500000000000000e+03 4.536921201729411713e-24
3.458000000000000000e+03 5.635755503170001135e-24
3.492500000000000000e+03 3.531373672911912091e-23
3.527000000000000000e+03 1.807924244355742796e-22
3.562500000000000000e+03 5.058395045562666386e-22
3.598500000000000000e+03 1.490385680759044066e-20
3.634500000000000000e+03 1.558374236883049793e-20
3.670500000000000000e+03 8.944008193078890128e-22
3.707000000000000000e+03 3.404458744733783532e-20
3.744500000000000000e+03 1.460170177950069770e-20
3.782000000000000000e+03 1.773150683113513541e-23
3.819500000000000000e+03 7.711997227560791743e-24
3.858000000000000000e+03 4.784676351717949476e-24
3.896500000000000000e+03 3.477144438696051747e-24
3.935000000000000000e+03 2.771869889791282640e-24
3.974500000000000000e+03 2.334973694050749500e-24
4.014500000000000000e+03 2.031580103972500196e-24
4.054500000000000000e+03 1.785718429683499492e-24
4.095000000000000000e+03 1.610759861630731808e-24
4.136000000000000000e+03 1.470864977879756241e-24
4.177500000000000000e+03 1.355577020910000061e-24
4.219500000000000000e+03 1.257049208455714088e-24
4.261500000000000000e+03 1.173653156980714591e-24
4.304000000000000000e+03 1.100738219827209685e-24
4.347000000000000000e+03 1.036227250786976661e-24
4.390500000000000000e+03 9.792282855288635713e-25
4.434500000000000000e+03 9.292050774231818150e-25
4.479000000000000000e+03 8.827170740378892986e-25
4.524000000000000000e+03 8.411838317249780496e-25
4.569000000000000000e+03 8.095517245248888315e-25
4.614500000000000000e+03 9.245466692612176045e-25
4.660500000000000000e+03 9.230186776071520256e-25
4.707000000000000000e+03 8.118212898720851912e-25
4.754500000000000000e+03 1.628349901045124813e-24
4.802000000000000000e+03 9.289302817412128951e-24
4.850000000000000000e+03 1.606311054523326682e-22
4.898500000000000000e+03 1.736321875206666749e-23
4.947500000000000000e+03 3.393618749380811944e-22
4.997000000000000000e+03 4.834755526430219291e-22
5.047000000000000000e+03 1.070848903280901886e-23
5.097500000000000000e+03 2.265328355256560269e-22
5.148000000000000000e+03 8.081295025173429283e-24
5.199500000000000000e+03 5.258934925129615152e-25
5.251500000000000000e+03 4.823855126626538581e-25
5.304000000000000000e+03 1.337659144322698478e-24
5.357500000000000000e+03 4.585911426909073476e-25
5.411000000000000000e+03 3.992521468393208741e-25
5.465000000000000000e+03 3.826691472031455152e-25
5.520000000000000000e+03 3.675102703619090676e-25
5.575000000000000000e+03 3.539720472076726949e-25
5.630500000000000000e+03 3.406862924690357979e-25
5.687000000000000000e+03 3.286309575885087838e-25
5.744000000000000000e+03 3.165403495047017751e-25
5.801500000000000000e+03 3.058850863908102567e-25
5.859500000000000000e+03 3.028048219936552505e-25
5.918000000000000000e+03 2.886728580022372118e-25
5.977000000000000000e+03 2.903315357245932036e-25
6.036500000000000000e+03 4.715782417725167137e-25
6.097000000000000000e+03 7.798236556747215877e-25
6.158000000000000000e+03 3.555472745660490912e-25
6.219500000000000000e+03 7.277364022030014801e-24
6.282000000000000000e+03 5.009575271798411776e-25
6.345000000000000000e+03 8.733967539741158242e-24
6.408500000000000000e+03 2.521387446108436845e-25
6.472500000000000000e+03 6.106090569504376391e-25
6.537000000000000000e+03 6.383750166304613529e-25
6.602500000000000000e+03 1.998104120351363439e-25
6.668500000000000000e+03 2.383727432953181048e-25
6.735000000000000000e+03 2.543589737276268657e-25
6.802500000000000000e+03 3.161727331371470303e-25
6.870500000000000000e+03 2.299128387244999564e-25
6.939000000000000000e+03 1.624655149038950444e-23
7.008500000000000000e+03 1.848230323185420975e-23
7.078500000000000000e+03 1.655853851163714133e-25
7.149500000000000000e+03 1.573242256671111392e-25
7.221000000000000000e+03 1.519414979154788378e-25
7.293000000000000000e+03 1.523095819747807595e-25
7.366000000000000000e+03 1.433488530656438103e-25
7.439500000000000000e+03 1.871254910150674654e-25
7.514000000000000000e+03 1.448908693276400207e-25
7.589500000000000000e+03 2.872832934507762210e-25
7.665500000000000000e+03 1.273031056148552746e-25
7.742000000000000000e+03 1.695953918587792279e-25
7.819500000000000000e+03 1.195573362674487860e-25
7.897500000000000000e+03 1.196376797876539224e-25
7.976500000000000000e+03 1.170336211518499864e-25
8.056500000000000000e+03 1.175685803288625318e-25
8.137000000000000000e+03 2.382287505675184690e-25
8.218000000000000000e+03 8.063110652911235531e-25
8.300000000000000000e+03 8.861803825804336570e-25
8.383500000000000000e+03 9.848688257266905584e-26
8.467500000000000000e+03 9.552451162253340605e-26
8.552000000000000000e+03 9.286708143290822068e-26
8.637500000000000000e+03 9.064749845920113883e-26
8.724000000000000000e+03 8.817314723179658974e-26
8.811000000000000000e+03 8.797558488466433097e-26
8.899000000000000000e+03 8.342128460629552169e-26
8.988000000000000000e+03 8.264689997460112652e-26
9.078000000000000000e+03 7.891346828860001002e-26
9.169000000000000000e+03 7.694792715399342832e-26
9.260500000000000000e+03 7.490517940996629302e-26
9.353000000000000000e+03 7.620775571062258030e-26
9.446500000000000000e+03 7.525410192606919252e-26
9.541000000000000000e+03 9.548665660351366391e-26
9.636500000000000000e+03 7.702772958730006544e-26
9.733000000000000000e+03 6.550544056839172040e-26
9.830000000000000000e+03 6.381508534946495015e-26
9.928000000000000000e+03 6.217679141481110839e-26
9.989000000000000000e+03 6.118661413600869638e-26
