1.000000000000000000e+01 2.186788275210000143e-26
1.100000000000000000e+01 3.881400868879999751e-26
1.200000000000000000e+01 3.331333670909999860e-26
1.300000000000000000e+01 7.465617119100000095e-26
1.400000000000000000e+01 4.025770642360000123e-26
1.500000000000000000e+01 1.043444528640000072e-24
1.600000000000000000e+01 8.938608146940000120e-26
1.700000000000000000e+01 3.472271839760000029e-25
1.800000000000000000e+01 9.130923405230000749e-25
1.900000000000000000e+01 1.663683303279999910e-24
2.000000000000000000e+01 5.581502650480000080e-25
2.100000000000000000e+01 1.066663577779999935e-25
2.200000000000000000e+01 8.947993355069999650e-26
2.300000000000000000e+01 8.825610336269999533e-26
2.400000000000000000e+01 1.958732228479999987e-25
2.500000000000000000e+01 2.467965388050000063e-23
2.600000000000000000e+01 2.599126204009999819e-25
2.700000000000000000e+01 9.982827041300000497e-26
2.800000000000000000e+01 8.466740508080000150e-26
2.900000000000000000e+01 8.106867663249999544e-26
3.000000000000000000e+01 1.812390088739999920e-24
3.100000000000000000e+01 1.517059630699999941e-25
3.200000000000000000e+01 2.937427927029999847e-25
3.300000000000000000e+01 6.087648099150000366e-23
3.400000000000000000e+01 3.523916987030000177e-25
3.500000000000000000e+01 5.150117516050000445e-25
3.600000000000000000e+01 2.586538437970000156e-24
3.700000000000000000e+01 1.830856789950000116e-23
3.800000000000000000e+01 2.910242923209999968e-24
3.900000000000000000e+01 1.920914622979999906e-23
4.000000000000000000e+01 1.852619551619999894e-23
4.100000000000000000e+01 1.635136623960000037e-21
4.200000000000000000e+01 5.881167234919999706e-25
4.300000000000000000e+01 3.203659025969999935e-25
4.400000000000000000e+01 1.904581411369999839e-24
4.500000000000000000e+01 2.920223661580000121e-25
4.600000000000000000e+01 6.178800250210000058e-25
4.700000000000000000e+01 1.869971027080000013e-22
4.800000000000000000e+01 1.449654362210000001e-24
4.900000000000000000e+01 3.213713222590000194e-25
5.000000000000000000e+01 2.942304579709999790e-25
5.100000000000000000e+01 3.687577916230000065e-25
5.200000000000000000e+01 5.521668125740000337e-25
5.300000000000000000e+01 2.130555207810000094e-24
5.400000000000000000e+01 2.456517878620000101e-24
5.500000000000000000e+01 4.915868309960000078e-23
5.600000000000000000e+01 3.020838772799999816e-23
5.700000000000000000e+01 2.971809697270000008e-23
5.800000000000000000e+01 4.675365129139999784e-24
5.900000000000000000e+01 3.439893691669999994e-24
6.000000000000000000e+01 4.854936166689999876e-23
6.100000000000000000e+01 9.099012578990000723e-25
6.200000000000000000e+01 5.993583086790000018e-24
6.300000000000000000e+01 1.948993802810000054e-24
6.400000000000000000e+01 3.481510954230000091e-21
6.500000000000000000e+01 1.265565239430000078e-24
6.600000000000000000e+01 4.975070630529999784e-25
6.700000000000000000e+01 8.711494998140000023e-25
6.800000000000000000e+01 6.850105375470000350e-23
6.900000000000000000e+01 6.180755626829999795e-24
7.000000000000000000e+01 1.167702783859999977e-24
7.100000000000000000e+01 1.457865793840000045e-24
7.200000000000000000e+01 3.744029490530000117e-23
7.300000000000000000e+01 1.496641976220000005e-23
7.400000000000000000e+01 6.633969345149999529e-23
7.500000000000000000e+01 6.254681176029999681e-24
7.600000000000000000e+01 6.724328232239999442e-24
7.700000000000000000e+01 1.403401625620000063e-24
7.800000000000000000e+01 6.137600280289999889e-24
7.900000000000000000e+01 4.854136319650000189e-23
8.000000000000000000e+01 2.645009082639999922e-23
8.100000000000000000e+01 3.027701481149999816e-21
8.200000000000000000e+01 4.109820175750000287e-23
8.300000000000000000e+01 2.053303793450000020e-24
8.400000000000000000e+01 9.220414436250000453e-25
8.500000000000000000e+01 1.584470561229999914e-24
8.600000000000000000e+01 2.228665847309999966e-24
8.700000000000000000e+01 5.299193472539999783e-24
8.800000000000000000e+01 8.572987810099999654e-22
8.900000000000000000e+01 1.583746913099999873e-23
9.000000000000000000e+01 2.856257058789999753e-23
9.100000000000000000e+01 3.402339154159999896e-24
9.200000000000000000e+01 2.138728583420000038e-23
9.300000000000000000e+01 2.539474351590000090e-23
9.400000000000000000e+01 3.198373919069999832e-24
9.500000000000000000e+01 2.235360848840000100e-24
9.600000000000000000e+01 1.003098258880000002e-22
9.700000000000000000e+01 2.508232336819999925e-24
9.800000000000000000e+01 6.751936543700000117e-24
9.900000000000000000e+01 2.381752234100000178e-21
1.000000000000000000e+02 8.603697439839999525e-23
1.010000000000000000e+02 2.232640034969999934e-23
1.020000000000000000e+02 5.566341376470000140e-24
1.030000000000000000e+02 2.398875183470000028e-24
1.040000000000000000e+02 1.992294849399999889e-23
1.050000000000000000e+02 1.434945687240000041e-23
1.060000000000000000e+02 1.632800351249999988e-23
1.070000000000000000e+02 1.137820385759999953e-23
1.080000000000000000e+02 5.353101465489999742e-24
1.090000000000000000e+02 1.082785574640000017e-24
1.100000000000000000e+02 5.513846538109999774e-24
1.110000000000000000e+02 1.364749691990000080e-22
1.120000000000000000e+02 2.798472985330000068e-24
1.130000000000000000e+02 8.485823734629999248e-25
1.140000000000000000e+02 5.551301676449999914e-25
1.150000000000000000e+02 5.277549241019999619e-25
1.160000000000000000e+02 2.325651083999999912e-24
1.170000000000000000e+02 3.810435585630000165e-24
1.180000000000000000e+02 3.221531960789999991e-22
1.190000000000000000e+02 2.229812970369999923e-24
1.200000000000000000e+02 2.415352267269999863e-22
1.210000000000000000e+02 6.975779264210000418e-24
1.220000000000000000e+02 4.260035155139999732e-22
1.230000000000000000e+02 1.067636927250000045e-23
1.240000000000000000e+02 2.813361918669999998e-24
1.250000000000000000e+02 2.212768739850000137e-24
1.260000000000000000e+02 6.747578507659999981e-24
1.270000000000000000e+02 4.027260122309999772e-19
1.280000000000000000e+02 6.025869260840000366e-24
1.290000000000000000e+02 2.680842837930000070e-24
1.300000000000000000e+02 1.729625851709999867e-24
1.310000000000000000e+02 5.288471653349999898e-24
1.320000000000000000e+02 6.087849505440000469e-23
1.330000000000000000e+02 3.662989970069999940e-22
1.340000000000000000e+02 4.238825525339999645e-24
1.350000000000000000e+02 1.731794133860000099e-24
1.360000000000000000e+02 1.760974077780000180e-24
1.370000000000000000e+02 1.339236259500000081e-24
1.380000000000000000e+02 3.349107465180000297e-24
1.390000000000000000e+02 3.012853609570000201e-20
1.400000000000000000e+02 1.036549026519999959e-22
1.410000000000000000e+02 1.829744725109999983e-23
1.420000000000000000e+02 2.051771952479999847e-24
1.430000000000000000e+02 9.669005586770000232e-25
1.440000000000000000e+02 8.104922681219999722e-25
1.450000000000000000e+02 2.414152618539999872e-24
1.460000000000000000e+02 1.299842462710000023e-24
1.470000000000000000e+02 2.114327125389999862e-24
1.480000000000000000e+02 5.194415444009999838e-24
1.490000000000000000e+02 1.014500378179999926e-21
1.500000000000000000e+02 3.959905700349999708e-23
1.510000000000000000e+02 5.395718162669999791e-23
1.520000000000000000e+02 9.230860801350000714e-24
1.530000000000000000e+02 1.588854630549999931e-23
1.540000000000000000e+02 1.128219985449999987e-23
1.550000000000000000e+02 2.198737675430000180e-24
1.560000000000000000e+02 2.222231414520000033e-24
1.570000000000000000e+02 4.118201287509999957e-24
1.580000000000000000e+02 1.922013569470000031e-22
1.590000000000000000e+02 7.544304381070000599e-24
1.600000000000000000e+02 1.713248700580000079e-24
1.610000000000000000e+02 6.554547554379999951e-25
1.620000000000000000e+02 1.494019664899999955e-24
1.630000000000000000e+02 5.452186314310000421e-25
1.640000000000000000e+02 7.935741411199999924e-25
1.650000000000000000e+02 7.259212557299999617e-25
1.660000000000000000e+02 3.743813621479999895e-24
1.670000000000000000e+02 7.002521784139999625e-24
1.680000000000000000e+02 1.939231655989999871e-24
1.690000000000000000e+02 4.428281973700000086e-24
1.700000000000000000e+02 5.730139963419999574e-23
1.710000000000000000e+02 1.848965251739999898e-23
1.720000000000000000e+02 3.611658597819999672e-24
1.730000000000000000e+02 8.478758661689999317e-24
1.740000000000000000e+02 5.812294209009999660e-24
1.750000000000000000e+02 2.126097292969999879e-24
1.760000000000000000e+02 1.717861344530000035e-20
1.770000000000000000e+02 9.698772879440000152e-24
1.780000000000000000e+02 1.236808407550000007e-23
1.790000000000000000e+02 3.139775578470000127e-22
1.800000000000000000e+02 1.156893045360000036e-24
1.810000000000000000e+02 5.556283803830000057e-24
1.820000000000000000e+02 2.417037586429999928e-24
1.830000000000000000e+02 1.143311587379999978e-24
1.840000000000000000e+02 8.302068859060000001e-25
1.850000000000000000e+02 4.896912243159999769e-25
1.860000000000000000e+02 8.049556169799999596e-25
1.870000000000000000e+02 1.447226554620000021e-24
1.880000000000000000e+02 4.531568804169999771e-23
1.890000000000000000e+02 2.654704301089999988e-24
1.900000000000000000e+02 7.200016482499999930e-25
1.910000000000000000e+02 4.751263389389999957e-25
1.920000000000000000e+02 5.193680994399999904e-25
1.930000000000000000e+02 1.633434675459999975e-24
1.940000000000000000e+02 3.583818505129999721e-24
1.950000000000000000e+02 1.401652568570000075e-24
1.960000000000000000e+02 3.675550609120000123e-24
1.970000000000000000e+02 1.178829649570000040e-24
1.980000000000000000e+02 5.883755336180000292e-24
1.990000000000000000e+02 1.193384957789999991e-24
2.000000000000000000e+02 2.293454452669999892e-24
2.010000000000000000e+02 4.890827260760000145e-24
2.020000000000000000e+02 3.157858161840000127e-23
2.030000000000000000e+02 4.361067867629999666e-22
2.040000000000000000e+02 8.056106321160000466e-24
2.050000000000000000e+02 2.917044889120000085e-24
2.060000000000000000e+02 2.070121644410000013e-24
2.070000000000000000e+02 3.864445674890000289e-24
2.080000000000000000e+02 2.429324339540000070e-23
2.090000000000000000e+02 1.628422487350000078e-23
2.100000000000000000e+02 2.434543534460000032e-24
2.110000000000000000e+02 5.147603476260000244e-24
2.120000000000000000e+02 2.979922061740000010e-24
2.130000000000000000e+02 1.877205521480000029e-24
2.140000000000000000e+02 7.632297558759999963e-23
2.150000000000000000e+02 6.314554736699999651e-24
2.160000000000000000e+02 6.097086732179999671e-25
2.170000000000000000e+02 6.281202836089999662e-25
2.180000000000000000e+02 4.301015086439999619e-25
2.190000000000000000e+02 5.413952992710000251e-25
2.200000000000000000e+02 9.747225745780000318e-25
2.210000000000000000e+02 4.524717019459999906e-24
2.220000000000000000e+02 2.057823919770000075e-23
2.230000000000000000e+02 8.249628642629999445e-24
2.240000000000000000e+02 9.828808711429999601e-24
2.250000000000000000e+02 4.744394940930000214e-24
2.260000000000000000e+02 2.596917219200000056e-23
2.270000000000000000e+02 7.801701112770000444e-23
2.280000000000000000e+02 1.657080730910000014e-22
2.290000000000000000e+02 4.199827066740000316e-24
2.300000000000000000e+02 1.418741796759999965e-24
2.310000000000000000e+02 1.991913275140000052e-24
2.320000000000000000e+02 1.691725082830000149e-24
2.330000000000000000e+02 1.040211958829999978e-24
2.340000000000000000e+02 4.218748642759999742e-25
2.350000000000000000e+02 2.634709542559999968e-25
2.360000000000000000e+02 2.145403367039999807e-25
2.370000000000000000e+02 1.937010804860000110e-25
2.380000000000000000e+02 1.903365863690000020e-25
2.390000000000000000e+02 1.926092543999999956e-25
2.400000000000000000e+02 2.094941231609999914e-25
2.410000000000000000e+02 4.181110607840000395e-25
2.420000000000000000e+02 3.363195013000000002e-25
2.430000000000000000e+02 9.714796552279999180e-25
2.440000000000000000e+02 2.780058652920000065e-24
2.450000000000000000e+02 9.101804154030000390e-24
2.460000000000000000e+02 1.064028491490000061e-23
2.470000000000000000e+02 4.596359194870000332e-24
2.480000000000000000e+02 3.925760487650000202e-22
2.490000000000000000e+02 3.668802709130000055e-24
2.500000000000000000e+02 2.568731721490000103e-24
2.510000000000000000e+02 5.267427470229999985e-22
2.520000000000000000e+02 1.790648811059999978e-24
2.530000000000000000e+02 6.674844501420000004e-24
2.540000000000000000e+02 3.890350918419999733e-21
2.550000000000000000e+02 5.130618122430000324e-24
2.560000000000000000e+02 3.150301533140000110e-24
2.570000000000000000e+02 1.338142368489999966e-24
2.580000000000000000e+02 4.381530579659999808e-25
2.590000000000000000e+02 3.330821355509999907e-25
2.600000000000000000e+02 2.338136433870000077e-25
2.610000000000000000e+02 1.973076486880000059e-25
2.620000000000000000e+02 1.801230097429999915e-25
2.630000000000000000e+02 3.033939249219999875e-25
2.640000000000000000e+02 2.281973837259999948e-25
2.650000000000000000e+02 4.965094417060000221e-25
2.660000000000000000e+02 1.208376997089999941e-23
2.670000000000000000e+02 9.448547065699999668e-25
2.680000000000000000e+02 2.910231074499999813e-25
2.690000000000000000e+02 1.681554759169999993e-25
2.700000000000000000e+02 1.518322118589999887e-25
2.710000000000000000e+02 1.611397667779999935e-25
2.720000000000000000e+02 5.084510940239999815e-25
2.730000000000000000e+02 7.813787776340000322e-19
2.740000000000000000e+02 3.098058513689999925e-25
2.750000000000000000e+02 6.578942395590000318e-25
2.760000000000000000e+02 1.558485307410000011e-23
2.770000000000000000e+02 2.496716383390000145e-24
2.780000000000000000e+02 3.438680884490000019e-23
2.790000000000000000e+02 7.259059852779999987e-24
2.800000000000000000e+02 5.621246684559999990e-24
2.810000000000000000e+02 2.983257596339999832e-24
2.820000000000000000e+02 4.899919858600000255e-23
2.830000000000000000e+02 2.845796047449999836e-24
2.840000000000000000e+02 7.003695903640000459e-25
2.850000000000000000e+02 3.937439986740000068e-25
2.860000000000000000e+02 4.143262293020000382e-25
2.870000000000000000e+02 1.264263350959999944e-23
2.880000000000000000e+02 6.165932019419999611e-25
2.890000000000000000e+02 5.279335442480000358e-24
2.900000000000000000e+02 3.397907027820000149e-24
2.910000000000000000e+02 1.247974398510000038e-24
2.920000000000000000e+02 2.648160940280000107e-25
2.930000000000000000e+02 1.677018424939999895e-25
2.940000000000000000e+02 1.356557782719999892e-25
2.950000000000000000e+02 1.348829269470000095e-25
2.960000000000000000e+02 1.464929400449999911e-25
2.970000000000000000e+02 1.593012076709999910e-25
2.980000000000000000e+02 4.328021727030000053e-25
2.990000000000000000e+02 3.992218341220000069e-25
3.000000000000000000e+02 5.019879496590000390e-25
3.010000000000000000e+02 7.248773243499999372e-24
3.020000000000000000e+02 2.149942008219999888e-23
3.030000000000000000e+02 4.938805608850000247e-21
3.040000000000000000e+02 2.723922645059999934e-24
3.050000000000000000e+02 9.657633776879999532e-25
3.060000000000000000e+02 5.727945927379999846e-25
3.070000000000000000e+02 2.024841446099999957e-25
3.080000000000000000e+02 2.747263082139999806e-25
3.090000000000000000e+02 1.645645263580000035e-25
3.100000000000000000e+02 1.292059524309999892e-25
3.110000000000000000e+02 9.302717180769999836e-26
3.120000000000000000e+02 1.260267986250000104e-25
3.130000000000000000e+02 1.153550721319999991e-25
3.140000000000000000e+02 2.891448619610000140e-25
3.150000000000000000e+02 2.669651890849999819e-23
3.160000000000000000e+02 2.871435251570000050e-25
3.170000000000000000e+02 1.158578294650000082e-25
3.180000000000000000e+02 8.982752086690000155e-26
3.190000000000000000e+02 9.289007441850000088e-26
3.200000000000000000e+02 1.184145837369999909e-25
3.210000000000000000e+02 2.904930940090000105e-24
3.220000000000000000e+02 3.635837664479999818e-25
3.230000000000000000e+02 1.808226040230000014e-24
3.240000000000000000e+02 9.018624301360000516e-23
3.250000000000000000e+02 7.895387208719999791e-25
3.260000000000000000e+02 5.780713300929999815e-25
3.270000000000000000e+02 2.293863787630000148e-24
3.280000000000000000e+02 8.843537477060000471e-24
3.290000000000000000e+02 6.148126096600000239e-25
3.300000000000000000e+02 2.249892982420000116e-25
3.310000000000000000e+02 1.563814490510000106e-25
3.320000000000000000e+02 1.455811093180000005e-25
3.330000000000000000e+02 1.621429827819999943e-25
3.340000000000000000e+02 4.662815591400000063e-25
3.350000000000000000e+02 2.109126774100000026e-23
3.360000000000000000e+02 6.659764645599999715e-25
3.370000000000000000e+02 1.694668348610000088e-25
3.380000000000000000e+02 1.035410193159999913e-25
3.390000000000000000e+02 1.115849633210000065e-25
3.400000000000000000e+02 4.300514151840000445e-25
3.410000000000000000e+02 6.437593110559999838e-25
3.420000000000000000e+02 1.297723905850000071e-25
3.430000000000000000e+02 1.226143791299999978e-24
3.440000000000000000e+02 1.296246616530000021e-25
3.450000000000000000e+02 9.011965388840000082e-26
3.460000000000000000e+02 4.561014355929999756e-25
3.470000000000000000e+02 9.323897728869999822e-26
3.480000000000000000e+02 1.673012118760000103e-25
3.490000000000000000e+02 6.206883765790000015e-25
3.500000000000000000e+02 6.228206639270000249e-24
3.510000000000000000e+02 7.574736866770000451e-25
3.520000000000000000e+02 3.411012266179999715e-21
3.530000000000000000e+02 4.728445308840000154e-25
3.540000000000000000e+02 1.195788773259999975e-23
3.550000000000000000e+02 1.080330546580000002e-24
3.560000000000000000e+02 3.453481211209999770e-25
3.570000000000000000e+02 3.111045520260000099e-24
3.580000000000000000e+02 6.296710164010000019e-25
3.590000000000000000e+02 2.650323255800000074e-25
3.600000000000000000e+02 7.580462928579999847e-26
3.610000000000000000e+02 5.467095896120000519e-26
3.620000000000000000e+02 4.133342535720000221e-26
3.630000000000000000e+02 5.606836596709999626e-26
3.640000000000000000e+02 2.741619716019999788e-26
3.650000000000000000e+02 2.548976591399999925e-26
3.660000000000000000e+02 2.616126580899999945e-26
3.670000000000000000e+02 3.073571298359999958e-26
3.680000000000000000e+02 7.222541942999999802e-26
3.690000000000000000e+02 1.552289614100000090e-25
3.700000000000000000e+02 1.950851196029999903e-20
3.710000000000000000e+02 1.251509044679999886e-25
3.720000000000000000e+02 6.583665842989999520e-26
3.735000000000000000e+02 3.662790437046000102e-25
3.760000000000000000e+02 9.967423789436665007e-25
3.795000000000000000e+02 5.981930893294999614e-26
3.835000000000000000e+02 8.578786756211750571e-25
3.875000000000000000e+02 8.538014173164999726e-26
3.915000000000000000e+02 3.218741099797500421e-26
3.955000000000000000e+02 6.054495970163499551e-24
3.995000000000000000e+02 1.791719465635149981e-23
4.035000000000000000e+02 1.804011315292500041e-26
4.075000000000000000e+02 1.065890679465999975e-26
4.115000000000000000e+02 1.123014063555500113e-26
4.155000000000000000e+02 2.110061779136000350e-25
4.195000000000000000e+02 2.519758884310500092e-24
4.235000000000000000e+02 1.489555480509349997e-24
4.280000000000000000e+02 3.359953923044000096e-26
4.325000000000000000e+02 1.432810250522300128e-25
4.365000000000000000e+02 2.656777853675000165e-26
4.410000000000000000e+02 6.277096625376999124e-25
4.455000000000000000e+02 1.380666265216250041e-25
4.495000000000000000e+02 8.089679564292499604e-27
4.540000000000000000e+02 1.688606207724199904e-25
4.590000000000000000e+02 1.297078331386954664e-22
4.635000000000000000e+02 8.252924438657499220e-27
4.680000000000000000e+02 1.264338903873400073e-25
4.725000000000000000e+02 3.957911098932249777e-25
4.770000000000000000e+02 7.154170457289999283e-27
4.820000000000000000e+02 2.022843470975532837e-23
4.870000000000000000e+02 1.488940849712399998e-26
4.920000000000000000e+02 2.827981496511279704e-25
4.970000000000000000e+02 3.584437041020000033e-27
5.020000000000000000e+02 6.377175345538600292e-26
5.070000000000000000e+02 6.053661535714661076e-25
5.120000000000000000e+02 5.842226854487798880e-26
5.170000000000000000e+02 2.590277473217780095e-24
5.220000000000000000e+02 1.283976750398779993e-25
5.270000000000000000e+02 1.760854515193665952e-24
5.325000000000000000e+02 2.914028478406666249e-27
5.380000000000000000e+02 3.410831233357400150e-26
5.430000000000000000e+02 3.853115336943799641e-26
5.485000000000000000e+02 1.786706920914798443e-24
5.540000000000000000e+02 2.531071620901223957e-24
5.595000000000000000e+02 3.257873423519999853e-27
5.655000000000000000e+02 2.731362162853166663e-26
5.710000000000000000e+02 2.221016949240799958e-26
5.765000000000000000e+02 6.563433188613000719e-26
5.825000000000000000e+02 5.936351025802881621e-23
5.885000000000000000e+02 5.012419480044999985e-27
5.945000000000000000e+02 2.177053717258949773e-25
6.005000000000000000e+02 8.733192180643900636e-24
6.065000000000000000e+02 1.761692995074999687e-27
6.125000000000000000e+02 4.203605362961000050e-26
6.185000000000000000e+02 1.182085833749533168e-25
6.245000000000000000e+02 8.419362146701666987e-27
6.305000000000000000e+02 1.135360233734000102e-26
6.370000000000000000e+02 1.090915387584214435e-25
6.435000000000000000e+02 2.923591874015000102e-27
6.500000000000000000e+02 1.586494110167714473e-27
6.565000000000000000e+02 2.920827925610333280e-27
6.630000000000000000e+02 1.617880129186671395e-26
6.695000000000000000e+02 3.245819004362999822e-26
6.760000000000000000e+02 2.088107347399142905e-27
6.830000000000000000e+02 4.179884822076143448e-27
6.900000000000000000e+02 4.075675518109584360e-26
6.970000000000000000e+02 1.649193768447600216e-26
7.040000000000000000e+02 2.405422044826000141e-27
7.110000000000000000e+02 1.436455116562714053e-27
7.180000000000000000e+02 6.405228763988570881e-28
7.250000000000000000e+02 6.324283387995714854e-28
7.320000000000000000e+02 4.869021524468572268e-27
7.395000000000000000e+02 5.039084294226499743e-27
7.470000000000000000e+02 1.160428224289143054e-27
7.545000000000000000e+02 2.064000374552125119e-27
7.620000000000000000e+02 7.647802443937141792e-28
7.695000000000000000e+02 2.369045976388250081e-27
7.775000000000000000e+02 4.937235488877638133e-26
7.855000000000000000e+02 7.098603891248750929e-28
7.930000000000000000e+02 3.576755661183285749e-27
8.005000000000000000e+02 1.233860182313187597e-26
8.085000000000000000e+02 2.136267802858125408e-27
8.170000000000000000e+02 5.284162467702223065e-28
8.255000000000000000e+02 5.443676351840000040e-28
8.335000000000000000e+02 4.474791055007499679e-28
8.415000000000000000e+02 4.854544612653250507e-27
8.500000000000000000e+02 6.551991086083333398e-28
8.585000000000000000e+02 1.182595119864751331e-25
8.670000000000000000e+02 5.565272542752221692e-28
8.760000000000000000e+02 4.166426931765555140e-28
8.850000000000000000e+02 5.622168165791111043e-28
8.935000000000000000e+02 3.899452097982500364e-28
9.020000000000000000e+02 3.715491845263333072e-28
9.115000000000000000e+02 1.473416559110300054e-27
9.210000000000000000e+02 9.057496168347888718e-27
9.300000000000000000e+02 7.878491667158888185e-28
9.390000000000000000e+02 4.577188857337211753e-26
9.485000000000000000e+02 3.993378119080999472e-28
9.580000000000000000e+02 3.582624412756666777e-28
9.675000000000000000e+02 3.690090534729999679e-28
9.775000000000000000e+02 3.572531973900499962e-27
9.870000000000000000e+02 3.416946992226667064e-28
9.965000000000000000e+02 3.410744670405999674e-28
1.006500000000000000e+03 6.677946555932000879e-28
1.016500000000000000e+03 6.016739998393999790e-28
1.027000000000000000e+03 3.509371425435453572e-28
1.037500000000000000e+03 3.551880254957999818e-28
1.047500000000000000e+03 3.444091108723000332e-28
1.058000000000000000e+03 3.600836897041818424e-28
1.069000000000000000e+03 5.379634550746363871e-28
1.079500000000000000e+03 3.481716773475000022e-28
1.090000000000000000e+03 4.122353414892728818e-28
1.101000000000000000e+03 4.117225285618182641e-28
1.112000000000000000e+03 5.168507815920909485e-28
1.123000000000000000e+03 5.257312146346363924e-28
1.134500000000000000e+03 5.606071817417525676e-25
1.146000000000000000e+03 5.236262501753636598e-28
1.157500000000000000e+03 6.791148938374674596e-26
1.169000000000000000e+03 4.000223928356453867e-27
1.180500000000000000e+03 2.697041119099075195e-25
1.192500000000000000e+03 8.337555735747917888e-26
1.204500000000000000e+03 1.875487709657833597e-27
1.216500000000000000e+03 4.861278123001584072e-27
1.228500000000000000e+03 1.788179238406299947e-26
1.240500000000000000e+03 5.961229986736503459e-23
1.253000000000000000e+03 1.365273116958461313e-27
1.266000000000000000e+03 8.342974804701307493e-26
1.278500000000000000e+03 1.495542429797259580e-24
1.291000000000000000e+03 2.688351698202615838e-26
1.304000000000000000e+03 8.009776376890385638e-26
1.317000000000000000e+03 6.767674877584061385e-25
1.330000000000000000e+03 3.324462620885384747e-26
1.343500000000000000e+03 9.271355717834875731e-24
1.357000000000000000e+03 3.964486342762291994e-25
1.370500000000000000e+03 5.870298804917499497e-25
1.384500000000000000e+03 6.338575282026137322e-25
1.398500000000000000e+03 5.118858507580066348e-23
1.412500000000000000e+03 4.821860849746534847e-24
1.426500000000000000e+03 2.933913334379177256e-21
1.440500000000000000e+03 2.005415887785086177e-24
1.455000000000000000e+03 6.737776911192998124e-23
1.469500000000000000e+03 1.348843273289133497e-23
1.484000000000000000e+03 1.314328096415646734e-24
1.499000000000000000e+03 2.447699560483333502e-24
1.514000000000000000e+03 3.267556324810706468e-23
1.529000000000000000e+03 4.203154353526400448e-24
1.544500000000000000e+03 2.769937564010161949e-23
1.560000000000000000e+03 1.514852550984399877e-23
1.575500000000000000e+03 1.343441772656317425e-23
1.591500000000000000e+03 9.176267262025500911e-25
1.607500000000000000e+03 1.096633806688056338e-24
1.623500000000000000e+03 1.971932282859874859e-24
1.639500000000000000e+03 6.144523430896487986e-23
1.656000000000000000e+03 5.147324530157706163e-24
1.672500000000000000e+03 1.676009823069250197e-24
1.689000000000000000e+03 4.528841218149140668e-23
1.706000000000000000e+03 1.544565917316241822e-23
1.723000000000000000e+03 4.095045558545924873e-23
1.740500000000000000e+03 3.940811007820900028e-23
1.758000000000000000e+03 1.017008520172326847e-20
1.775500000000000000e+03 9.857882720828831486e-25
1.793500000000000000e+03 3.285174301516261576e-24
1.811500000000000000e+03 2.829038862850507794e-23
1.829500000000000000e+03 1.121545787726911172e-24
1.847500000000000000e+03 4.843206907930010755e-25
1.866000000000000000e+03 3.861407701876804257e-25
1.884500000000000000e+03 6.016992673108943507e-26
1.903000000000000000e+03 1.120540917632355783e-24
1.922000000000000000e+03 7.093091702865262392e-22
1.941500000000000000e+03 3.667718134025199165e-26
1.961000000000000000e+03 1.575563874898482074e-21
1.980500000000000000e+03 1.645585014040027175e-23
2.000500000000000000e+03 5.538104309723120435e-24
2.020500000000000000e+03 9.262107621361848174e-24
2.040500000000000000e+03 3.684953116062075237e-26
2.061000000000000000e+03 6.651495648621279695e-25
2.082000000000000000e+03 5.429405693689977386e-26
2.102500000000000000e+03 1.151862648145139286e-24
2.123500000000000000e+03 4.002296776883864521e-26
2.145000000000000000e+03 1.185163104179201610e-24
2.166500000000000000e+03 2.028434886394980340e-25
2.188000000000000000e+03 5.117621828443333593e-28
2.209500000000000000e+03 2.602774520104544607e-28
2.231500000000000000e+03 9.406239034996851440e-26
2.254000000000000000e+03 1.350014999047556743e-25
2.277000000000000000e+03 2.786885626515304486e-27
2.299500000000000000e+03 7.170882147519096549e-26
2.322500000000000000e+03 1.543058416469583237e-28
2.346000000000000000e+03 1.086778290701695783e-27
2.369000000000000000e+03 7.816078046426521397e-28
2.392500000000000000e+03 1.727834421705790886e-27
2.416500000000000000e+03 1.050730315690000073e-28
2.441000000000000000e+03 4.261784818256340958e-26
2.465500000000000000e+03 2.475384542895541570e-28
2.490000000000000000e+03 3.344425691572479458e-28
2.515000000000000000e+03 1.278214027341883325e-26
2.540000000000000000e+03 6.450846485005625648e-26
2.565500000000000000e+03 6.249482335787675612e-26
2.591500000000000000e+03 1.327555724325804826e-24
2.617500000000000000e+03 2.463372720524288008e-26
2.643500000000000000e+03 1.998864072413239061e-24
2.669500000000000000e+03 1.010411233804560580e-24
2.696000000000000000e+03 6.472551222242075434e-28
2.723000000000000000e+03 3.814094688095096492e-25
2.750500000000000000e+03 1.234031796656717486e-24
2.778000000000000000e+03 1.845844321857755360e-27
2.805500000000000000e+03 3.645343522543376521e-25
2.834000000000000000e+03 1.026307868156229947e-24
2.862500000000000000e+03 6.979772422280607738e-27
2.891000000000000000e+03 1.559843443577650159e-24
2.920000000000000000e+03 2.227578672113798267e-25
2.949000000000000000e+03 3.131868442446845420e-24
2.978500000000000000e+03 7.913491548212804107e-23
3.008500000000000000e+03 1.877479355790004916e-24
3.038500000000000000e+03 5.366880643744215609e-23
3.068500000000000000e+03 1.871360969694414620e-23
3.099000000000000000e+03 7.294610107851757151e-25
3.130000000000000000e+03 8.894446717674122633e-22
3.161500000000000000e+03 1.081306934110505130e-24
3.193500000000000000e+03 3.556286294628383459e-24
3.225500000000000000e+03 6.516050955979242676e-24
3.257500000000000000e+03 1.136373939229909284e-25
3.290000000000000000e+03 2.599933300947090370e-25
3.323000000000000000e+03 7.065303167521707419e-23
3.356000000000000000e+03 6.118332475596564864e-25
3.389500000000000000e+03 6.564526504386797398e-24
3.423500000000000000e+03 4.995255037885921301e-25
3.458000000000000000e+03 1.386867016955740576e-23
3.492500000000000000e+03 1.163844526013588699e-23
3.527000000000000000e+03 6.912185849766847643e-22
3.562500000000000000e+03 6.753761603949843131e-22
3.598500000000000000e+03 1.892879826452532531e-20
3.634500000000000000e+03 6.166228213961647414e-21
3.670500000000000000e+03 1.193816221435148959e-22
3.707000000000000000e+03 6.843709867266070292e-22
3.744500000000000000e+03 1.165614380889823210e-21
3.782000000000000000e+03 1.612726157518583101e-21
3.819500000000000000e+03 1.342204391781332192e-20
3.858000000000000000e+03 3.348535326694474733e-23
3.896500000000000000e+03 8.664984177875014121e-21
3.935000000000000000e+03 1.124448874393821105e-22
3.974500000000000000e+03 1.851623920592237541e-22
4.014500000000000000e+03 8.541107324709642298e-22
4.054500000000000000e+03 2.153876878963876831e-23
4.095000000000000000e+03 6.804686607458633513e-25
4.136000000000000000e+03 1.571822721168292321e-25
4.177500000000000000e+03 2.879055797959871901e-25
4.219500000000000000e+03 1.792660185609705718e-25
4.261500000000000000e+03 2.232107670892131988e-25
4.304000000000000000e+03 1.605501816968742193e-26
4.347000000000000000e+03 5.862085777663621267e-26
4.390500000000000000e+03 1.800729259623245500e-27
4.434500000000000000e+03 1.507529430942113937e-28
4.479000000000000000e+03 7.228340459230521687e-27
4.524000000000000000e+03 4.591160328937265502e-27
4.569000000000000000e+03 1.191094450899689162e-24
4.614500000000000000e+03 3.102491744729179076e-27
4.660500000000000000e+03 1.335812468459117677e-27
4.707000000000000000e+03 4.776074300582948280e-27
4.754500000000000000e+03 4.445993488848080644e-27
4.802000000000000000e+03 8.085441882011277259e-25
4.850000000000000000e+03 1.924632648435464008e-24
4.898500000000000000e+03 4.373536397237881291e-25
4.947500000000000000e+03 1.989102628931283663e-24
4.997000000000000000e+03 1.079393912529396994e-25
5.047000000000000000e+03 3.152707407620559110e-23
5.097500000000000000e+03 4.272823237240116443e-23
5.148000000000000000e+03 1.514930830924691314e-22
5.199500000000000000e+03 5.348597646426013101e-22
5.251500000000000000e+03 9.575800370250995083e-24
5.304000000000000000e+03 5.036555853342013471e-22
5.357500000000000000e+03 7.164764926798981753e-22
5.411000000000000000e+03 1.918518443794924925e-24
5.465000000000000000e+03 5.160581144739167148e-21
5.520000000000000000e+03 1.438046896280889280e-21
5.575000000000000000e+03 9.953774238341079500e-24
5.630500000000000000e+03 4.209540088894742253e-23
5.687000000000000000e+03 2.881632664146385187e-26
5.744000000000000000e+03 3.575240835936606242e-24
5.801500000000000000e+03 1.329308929037869141e-24
5.859500000000000000e+03 1.912014948141360089e-26
5.918000000000000000e+03 1.561424703117682638e-26
5.977000000000000000e+03 6.818141777147702658e-27
6.036500000000000000e+03 1.772670709867456865e-27
6.097000000000000000e+03 9.164099891695445061e-28
6.158000000000000000e+03 1.201513421215339298e-27
6.219500000000000000e+03 8.309670627365668019e-27
6.282000000000000000e+03 3.210960068172158553e-26
6.345000000000000000e+03 3.569955207666015249e-26
6.408500000000000000e+03 3.130822845248999421e-26
6.472500000000000000e+03 1.941811096689606450e-25
6.537000000000000000e+03 6.618776152130727600e-26
6.602500000000000000e+03 3.454530443465942168e-24
6.668500000000000000e+03 2.847272796212080429e-23
6.735000000000000000e+03 3.860881995715118154e-23
6.802500000000000000e+03 1.566366186199319689e-22
6.870500000000000000e+03 9.049095186565310243e-24
6.939000000000000000e+03 2.314634238943571059e-23
7.008500000000000000e+03 8.654462371388174495e-23
7.078500000000000000e+03 8.417407791062761220e-22
7.149500000000000000e+03 4.414982165212137230e-22
7.221000000000000000e+03 1.466053250491027149e-21
7.293000000000000000e+03 4.089712913900591913e-21
7.366000000000000000e+03 1.448786068743352842e-21
7.439500000000000000e+03 6.802521711158753691e-23
7.514000000000000000e+03 4.925771825727028016e-24
7.589500000000000000e+03 8.625226510302783808e-24
7.665500000000000000e+03 2.670798559388223550e-25
7.742000000000000000e+03 9.270783001219746953e-26
7.819500000000000000e+03 1.435113898574747981e-25
7.897500000000000000e+03 1.303342065625952763e-26
7.976500000000000000e+03 2.061768732244064744e-26
8.056500000000000000e+03 1.574499772195465716e-27
8.137000000000000000e+03 3.193339664946268442e-26
8.218000000000000000e+03 9.390719573551944344e-24
8.300000000000000000e+03 3.324933122826516666e-24
8.383500000000000000e+03 1.795999034495913781e-24
8.467500000000000000e+03 4.070713454629638374e-25
8.552000000000000000e+03 2.849719635241783886e-24
8.637500000000000000e+03 1.137538416050811634e-22
8.724000000000000000e+03 1.465002105114058165e-22
8.811000000000000000e+03 3.003409995136755261e-22
8.899000000000000000e+03 1.034077667808130679e-22
8.988000000000000000e+03 1.743119128387605746e-23
9.078000000000000000e+03 2.509175893362620011e-24
9.169000000000000000e+03 1.851082846269309347e-24
9.260500000000000000e+03 2.872780131299781383e-26
9.353000000000000000e+03 8.400310941453316318e-26
9.446500000000000000e+03 5.601651659200897077e-27
9.541000000000000000e+03 4.657721935475168284e-28
9.636500000000000000e+03 2.071092833380836075e-26
9.733000000000000000e+03 1.053974106856345678e-26
9.830000000000000000e+03 2.975842866038495227e-26
9.928000000000000000e+03 1.638828176626250866e-26
9.989000000000000000e+03 1.686438922358166977e-25
