1.000000000000000000e+01 3.444984605129999915e-25
1.100000000000000000e+01 5.749328021859999933e-25
1.200000000000000000e+01 5.300373146160000395e-25
1.300000000000000000e+01 1.138369270959999997e-24
1.400000000000000000e+01 6.625048893440000214e-25
1.500000000000000000e+01 1.400778793429999926e-23
1.600000000000000000e+01 1.484553854490000054e-24
1.700000000000000000e+01 6.802585534539999731e-24
1.800000000000000000e+01 1.783377540849999931e-23
1.900000000000000000e+01 3.264981219590000184e-23
2.000000000000000000e+01 1.064281909999999980e-23
2.100000000000000000e+01 1.784124231410000164e-24
2.200000000000000000e+01 1.328233610479999916e-24
2.300000000000000000e+01 1.542411052169999967e-24
2.400000000000000000e+01 3.520065563909999904e-24
2.500000000000000000e+01 4.547324966440000163e-22
2.600000000000000000e+01 4.680976599620000153e-24
2.700000000000000000e+01 1.719363815820000071e-24
2.800000000000000000e+01 1.376942217829999931e-24
2.900000000000000000e+01 1.333120692569999911e-24
3.000000000000000000e+01 5.034816011470000119e-24
3.100000000000000000e+01 2.458974644060000069e-24
3.200000000000000000e+01 4.974837388760000127e-24
3.300000000000000000e+01 1.161826952670000065e-21
3.400000000000000000e+01 6.101329234350000023e-24
3.500000000000000000e+01 8.627988374429999537e-24
3.600000000000000000e+01 4.314031336129999784e-23
3.700000000000000000e+01 3.499723420640000165e-22
3.800000000000000000e+01 4.728888713640000064e-23
3.900000000000000000e+01 2.937851255930000024e-22
4.000000000000000000e+01 3.110461543879999956e-22
4.100000000000000000e+01 2.862488308350000024e-20
4.200000000000000000e+01 8.820091691160000663e-24
4.300000000000000000e+01 4.575941094549999660e-24
4.400000000000000000e+01 1.945150925050000081e-23
4.500000000000000000e+01 3.945160215540000133e-24
4.600000000000000000e+01 7.690051797289999782e-24
4.700000000000000000e+01 2.138722053199999834e-21
4.800000000000000000e+01 1.471395579349999923e-23
4.900000000000000000e+01 4.577258218519999944e-24
5.000000000000000000e+01 4.564365455829999696e-24
5.100000000000000000e+01 5.803706507560000028e-24
5.200000000000000000e+01 8.975708840540000218e-24
5.300000000000000000e+01 3.283673743549999732e-23
5.400000000000000000e+01 4.086612741489999929e-23
5.500000000000000000e+01 8.547160183160000933e-22
5.600000000000000000e+01 5.630845434839999958e-22
5.700000000000000000e+01 5.200431300720000015e-22
5.800000000000000000e+01 7.772265389199999435e-23
5.900000000000000000e+01 3.719721768940000110e-23
6.000000000000000000e+01 3.396844300690000225e-22
6.100000000000000000e+01 1.143981638219999939e-23
6.200000000000000000e+01 6.444718545010000329e-23
6.300000000000000000e+01 2.380583413330000089e-23
6.400000000000000000e+01 4.566519646950000211e-20
6.500000000000000000e+01 1.857437018489999879e-23
6.600000000000000000e+01 7.102419573350000250e-24
6.700000000000000000e+01 9.766803855429999462e-24
6.800000000000000000e+01 8.824156010439999710e-22
6.900000000000000000e+01 9.147779933720000065e-23
7.000000000000000000e+01 1.757804424450000134e-23
7.100000000000000000e+01 2.315757796350000027e-23
7.200000000000000000e+01 6.310481492249999904e-22
7.300000000000000000e+01 2.209861079889999862e-22
7.400000000000000000e+01 8.231416838670000151e-22
7.500000000000000000e+01 8.128327345630000421e-23
7.600000000000000000e+01 9.031570065990000025e-23
7.700000000000000000e+01 1.777849988650000051e-23
7.800000000000000000e+01 5.235418433800000062e-23
7.900000000000000000e+01 7.179382593959999988e-22
8.000000000000000000e+01 4.148893699310000129e-22
8.100000000000000000e+01 1.027885069850000032e-20
8.200000000000000000e+01 5.126675940270000053e-22
8.300000000000000000e+01 2.551882168100000096e-23
8.400000000000000000e+01 1.316035155870000051e-23
8.500000000000000000e+01 1.691233137410000121e-23
8.600000000000000000e+01 2.962592091790000047e-23
8.700000000000000000e+01 8.123887940770000178e-23
8.800000000000000000e+01 1.364698270219999892e-20
8.900000000000000000e+01 1.657267020409999902e-22
9.000000000000000000e+01 6.442374732050000244e-23
9.100000000000000000e+01 5.754408344330000401e-23
9.200000000000000000e+01 3.820191964640000070e-22
9.300000000000000000e+01 4.540470054719999697e-22
9.400000000000000000e+01 5.430007535220000216e-23
9.500000000000000000e+01 3.083069085400000110e-23
9.600000000000000000e+01 8.622327279729999184e-22
9.700000000000000000e+01 3.239188127920000011e-23
9.800000000000000000e+01 1.103317629439999949e-22
9.900000000000000000e+01 4.297931318730000031e-20
1.000000000000000000e+02 6.326024168369999586e-22
1.010000000000000000e+02 3.087875021929999869e-22
1.020000000000000000e+02 6.723738611549999903e-23
1.030000000000000000e+02 3.174374680519999850e-23
1.040000000000000000e+02 2.617331260800000228e-22
1.050000000000000000e+02 1.797532021489999932e-22
1.060000000000000000e+02 1.632039640500000053e-22
1.070000000000000000e+02 8.395465320369999625e-23
1.080000000000000000e+02 4.436635639089999720e-23
1.090000000000000000e+02 1.427715837699999918e-23
1.100000000000000000e+02 8.917225568399999860e-23
1.110000000000000000e+02 2.094831483370000056e-21
1.120000000000000000e+02 4.514616837249999921e-23
1.130000000000000000e+02 1.276295898860000039e-23
1.140000000000000000e+02 7.726214882749999856e-24
1.150000000000000000e+02 6.549465023140000135e-24
1.160000000000000000e+02 7.408787988170000188e-24
1.170000000000000000e+02 1.754462049830000052e-23
1.180000000000000000e+02 2.494371441149999826e-21
1.190000000000000000e+02 2.285365189720000048e-23
1.200000000000000000e+02 2.649314217659999870e-21
1.210000000000000000e+02 7.504344092179999955e-23
1.220000000000000000e+02 4.658739099790000084e-21
1.230000000000000000e+02 9.101774406049999851e-23
1.240000000000000000e+02 2.662964972079999968e-23
1.250000000000000000e+02 2.815479226140000119e-23
1.260000000000000000e+02 9.020550177150000127e-23
1.270000000000000000e+02 5.715710213070000140e-18
1.280000000000000000e+02 8.172008937259999673e-23
1.290000000000000000e+02 3.139508393970000090e-23
1.300000000000000000e+02 2.375116166639999990e-23
1.310000000000000000e+02 5.550891636349999946e-23
1.320000000000000000e+02 5.552186863100000314e-22
1.330000000000000000e+02 1.001755098170000003e-21
1.340000000000000000e+02 5.636178681750000131e-23
1.350000000000000000e+02 2.194658333799999869e-23
1.360000000000000000e+02 1.793618349329999878e-23
1.370000000000000000e+02 1.502333884290000032e-23
1.380000000000000000e+02 3.256367855360000027e-23
1.390000000000000000e+02 2.685004731790000110e-19
1.400000000000000000e+02 1.244836118200000085e-21
1.410000000000000000e+02 2.240774707210000016e-22
1.420000000000000000e+02 2.208410964100000116e-23
1.430000000000000000e+02 1.173108891180000054e-23
1.440000000000000000e+02 1.046549024230000063e-23
1.450000000000000000e+02 1.578807632210000048e-23
1.460000000000000000e+02 1.855572896489999860e-23
1.470000000000000000e+02 2.917857950540000014e-23
1.480000000000000000e+02 7.438521466259999704e-23
1.490000000000000000e+02 1.570043909929999943e-20
1.500000000000000000e+02 6.043176807020000434e-22
1.510000000000000000e+02 7.384930173160000167e-22
1.520000000000000000e+02 1.135112361710000117e-22
1.530000000000000000e+02 1.737125908309999981e-22
1.540000000000000000e+02 1.166158531939999951e-22
1.550000000000000000e+02 2.463957275930000064e-23
1.560000000000000000e+02 1.878366811069999893e-23
1.570000000000000000e+02 3.047839720369999928e-23
1.580000000000000000e+02 1.355641438849999933e-21
1.590000000000000000e+02 4.118498027399999784e-23
1.600000000000000000e+02 1.152545509689999949e-23
1.610000000000000000e+02 6.935392036890000683e-24
1.620000000000000000e+02 1.921413974360000091e-23
1.630000000000000000e+02 6.281467484580000206e-24
1.640000000000000000e+02 6.515798601849999913e-24
1.650000000000000000e+02 7.999408145750000027e-24
1.660000000000000000e+02 2.977312576100000230e-23
1.670000000000000000e+02 6.266848658790000377e-23
1.680000000000000000e+02 2.446509368489999924e-23
1.690000000000000000e+02 6.008241751109999845e-23
1.700000000000000000e+02 7.875621068379999787e-22
1.710000000000000000e+02 2.543682799830000097e-22
1.720000000000000000e+02 4.887685508250000290e-23
1.730000000000000000e+02 1.034294903659999944e-22
1.740000000000000000e+02 8.218840935610000012e-23
1.750000000000000000e+02 2.314651123140000006e-23
1.760000000000000000e+02 9.421601036210000526e-20
1.770000000000000000e+02 1.254012228939999978e-22
1.780000000000000000e+02 1.661316961460000047e-22
1.790000000000000000e+02 8.133867322840000253e-23
1.800000000000000000e+02 1.159312896739999928e-23
1.810000000000000000e+02 3.831399930059999746e-23
1.820000000000000000e+02 1.782984873189999950e-23
1.830000000000000000e+02 1.190302678280000059e-23
1.840000000000000000e+02 9.174465834509999355e-24
1.850000000000000000e+02 5.451185321270000122e-24
1.860000000000000000e+02 9.002567198549999493e-24
1.870000000000000000e+02 1.677815066229999914e-23
1.880000000000000000e+02 5.363387385249999650e-22
1.890000000000000000e+02 3.117824787789999763e-23
1.900000000000000000e+02 8.175352397779999933e-24
1.910000000000000000e+02 5.029256995310000255e-24
1.920000000000000000e+02 4.600123378690000039e-24
1.930000000000000000e+02 9.591106065829999598e-24
1.940000000000000000e+02 1.778635524720000133e-23
1.950000000000000000e+02 8.514363737489999532e-24
1.960000000000000000e+02 1.854262117270000100e-23
1.970000000000000000e+02 9.152633844680000110e-24
1.980000000000000000e+02 2.223725049749999885e-23
1.990000000000000000e+02 1.301050705209999958e-23
2.000000000000000000e+02 2.542051926209999977e-23
2.010000000000000000e+02 5.584620227660000544e-23
2.020000000000000000e+02 3.523674151320000112e-22
2.030000000000000000e+02 5.217577940810000211e-21
2.040000000000000000e+02 9.429725464589999706e-23
2.050000000000000000e+02 3.398651847009999896e-23
2.060000000000000000e+02 2.416338095170000103e-23
2.070000000000000000e+02 4.565048461280000282e-23
2.080000000000000000e+02 2.886850470979999836e-22
2.090000000000000000e+02 1.933593693170000103e-22
2.100000000000000000e+02 2.836292841189999922e-23
2.110000000000000000e+02 5.281715911279999929e-23
2.120000000000000000e+02 1.197307136150000073e-23
2.130000000000000000e+02 1.281358975399999964e-23
2.140000000000000000e+02 5.520916935670000250e-22
2.150000000000000000e+02 7.750016485900000253e-23
2.160000000000000000e+02 6.268947798689999842e-24
2.170000000000000000e+02 4.787325651159999930e-24
2.180000000000000000e+02 4.743972330550000235e-24
2.190000000000000000e+02 6.278074942109999933e-24
2.200000000000000000e+02 1.181612453670000027e-23
2.210000000000000000e+02 5.841281386029999849e-23
2.220000000000000000e+02 2.369909150250000050e-22
2.230000000000000000e+02 2.841929456249999899e-23
2.240000000000000000e+02 6.587963487549999662e-23
2.250000000000000000e+02 4.845828648170000119e-23
2.260000000000000000e+02 2.707153780300000022e-22
2.270000000000000000e+02 5.568855594070000459e-22
2.280000000000000000e+02 1.692113458289999969e-21
2.290000000000000000e+02 4.256177596699999858e-23
2.300000000000000000e+02 1.379847374040000003e-23
2.310000000000000000e+02 1.045540552890000006e-23
2.320000000000000000e+02 7.516455508370000323e-24
2.330000000000000000e+02 6.375641577589999747e-24
2.340000000000000000e+02 3.349803709360000068e-24
2.350000000000000000e+02 2.455884986099999829e-24
2.360000000000000000e+02 2.073222873530000045e-24
2.370000000000000000e+02 1.913297324739999976e-24
2.380000000000000000e+02 1.873860071310000120e-24
2.390000000000000000e+02 1.902578840129999835e-24
2.400000000000000000e+02 2.060913118410000019e-24
2.410000000000000000e+02 2.463188587619999935e-24
2.420000000000000000e+02 3.153157237370000004e-24
2.430000000000000000e+02 1.171288845969999956e-23
2.440000000000000000e+02 1.636455600969999995e-23
2.450000000000000000e+02 8.681958474530000484e-23
2.460000000000000000e+02 1.426478651710000107e-22
2.470000000000000000e+02 4.051571040079999890e-23
2.480000000000000000e+02 3.423288978909999667e-21
2.490000000000000000e+02 2.841902902369999707e-23
2.500000000000000000e+02 1.483197506480000105e-23
2.510000000000000000e+02 5.538634160379999846e-22
2.520000000000000000e+02 1.557126717410000063e-23
2.530000000000000000e+02 5.758716878160000000e-23
2.540000000000000000e+02 3.364434194509999767e-20
2.550000000000000000e+02 4.432118418299999930e-23
2.560000000000000000e+02 2.569389748700000084e-23
2.570000000000000000e+02 7.577174344280000692e-24
2.580000000000000000e+02 3.771605649120000355e-24
2.590000000000000000e+02 2.832672683140000037e-24
2.600000000000000000e+02 2.043581319479999838e-24
2.610000000000000000e+02 1.708553706360000006e-24
2.620000000000000000e+02 1.558820383530000056e-24
2.630000000000000000e+02 2.809914274620000043e-24
2.640000000000000000e+02 1.877607835259999853e-24
2.650000000000000000e+02 3.311924483349999997e-24
2.660000000000000000e+02 8.454805766269999923e-23
2.670000000000000000e+02 6.013332483680000104e-24
2.680000000000000000e+02 1.908849732650000104e-24
2.690000000000000000e+02 1.318087833070000030e-24
2.700000000000000000e+02 1.216580371569999948e-24
2.710000000000000000e+02 1.242457417399999946e-24
2.720000000000000000e+02 2.639246635099999963e-24
2.730000000000000000e+02 2.504737830509999994e-19
2.740000000000000000e+02 2.533535199780000093e-24
2.750000000000000000e+02 5.597477644059999686e-24
2.760000000000000000e+02 1.714548754250000086e-22
2.770000000000000000e+02 1.920706840369999936e-23
2.780000000000000000e+02 2.458684802450000233e-22
2.790000000000000000e+02 5.155842763070000189e-23
2.800000000000000000e+02 3.302512863490000178e-23
2.810000000000000000e+02 1.973400972320000093e-23
2.820000000000000000e+02 5.104312108119999877e-22
2.830000000000000000e+02 2.067353216419999870e-23
2.840000000000000000e+02 5.187556617360000311e-24
2.850000000000000000e+02 2.836487311669999919e-24
2.860000000000000000e+02 3.115683073689999829e-24
2.870000000000000000e+02 6.632499156059999942e-23
2.880000000000000000e+02 4.766227726839999728e-24
2.890000000000000000e+02 4.245722209869999880e-23
2.900000000000000000e+02 2.687209830110000199e-23
2.910000000000000000e+02 6.883524836879999281e-24
2.920000000000000000e+02 1.937323490060000000e-24
2.930000000000000000e+02 1.242949383499999981e-24
2.940000000000000000e+02 9.901669975490000537e-25
2.950000000000000000e+02 9.749441078209999615e-25
2.960000000000000000e+02 1.034400931769999934e-24
2.970000000000000000e+02 9.865821093740000785e-25
2.980000000000000000e+02 1.811558849929999829e-24
2.990000000000000000e+02 2.003040402179999903e-24
3.000000000000000000e+02 2.936119117569999855e-24
3.010000000000000000e+02 1.064170760959999951e-23
3.020000000000000000e+02 1.242142068009999885e-22
3.030000000000000000e+02 2.875699255900000217e-20
3.040000000000000000e+02 1.574045407440000112e-23
3.050000000000000000e+02 4.582710840660000054e-24
3.060000000000000000e+02 3.455410162950000247e-24
3.070000000000000000e+02 1.247859839420000064e-24
3.080000000000000000e+02 1.087744362660000072e-24
3.090000000000000000e+02 1.124586892259999929e-24
3.100000000000000000e+02 9.569373290270000182e-25
3.110000000000000000e+02 6.200811865750000319e-25
3.120000000000000000e+02 6.938066142850000313e-25
3.130000000000000000e+02 8.362562673630000873e-25
3.140000000000000000e+02 2.359181694169999866e-24
3.150000000000000000e+02 1.501917706669999982e-22
3.160000000000000000e+02 1.899190319929999943e-24
3.170000000000000000e+02 8.109417308009999840e-25
3.180000000000000000e+02 6.535280767890000128e-25
3.190000000000000000e+02 6.877510057270000124e-25
3.200000000000000000e+02 8.761155998219999466e-25
3.210000000000000000e+02 1.471523053750000066e-24
3.220000000000000000e+02 2.937136190510000038e-24
3.230000000000000000e+02 1.613651096120000056e-23
3.240000000000000000e+02 4.316630425089999900e-22
3.250000000000000000e+02 5.340169405520000096e-24
3.260000000000000000e+02 3.525583050609999763e-24
3.270000000000000000e+02 1.094776062410000009e-23
3.280000000000000000e+02 4.006312125130000029e-23
3.290000000000000000e+02 2.996146859480000177e-24
3.300000000000000000e+02 1.263404178709999983e-24
3.310000000000000000e+02 9.216914163600000455e-25
3.320000000000000000e+02 1.150307011239999955e-24
3.330000000000000000e+02 1.346146753270000083e-24
3.340000000000000000e+02 4.430934770649999655e-24
3.350000000000000000e+02 1.671926751099999895e-22
3.360000000000000000e+02 5.955081013909999648e-24
3.370000000000000000e+02 1.445472130630000063e-24
3.380000000000000000e+02 8.161567015029999788e-25
3.390000000000000000e+02 7.795410868040000178e-25
3.400000000000000000e+02 2.777499526110000082e-24
3.410000000000000000e+02 4.138356260550000243e-24
3.420000000000000000e+02 7.583712809910000200e-25
3.430000000000000000e+02 4.370168958409999754e-24
3.440000000000000000e+02 6.082293426239999754e-25
3.450000000000000000e+02 5.329581316720000145e-25
3.460000000000000000e+02 5.795269962460000015e-24
3.470000000000000000e+02 4.982659192140000026e-25
3.480000000000000000e+02 7.249231307640000131e-25
3.490000000000000000e+02 2.395326675219999961e-24
3.500000000000000000e+02 2.521892996569999865e-23
3.510000000000000000e+02 2.933212758969999929e-24
3.520000000000000000e+02 1.224782408010000005e-20
3.530000000000000000e+02 1.921671485070000116e-24
3.540000000000000000e+02 4.904688907759999922e-23
3.550000000000000000e+02 4.081861576240000259e-24
3.560000000000000000e+02 2.037255964040000012e-24
3.570000000000000000e+02 3.011079101260000170e-23
3.580000000000000000e+02 4.629923214559999794e-24
3.590000000000000000e+02 1.279362857639999918e-24
3.600000000000000000e+02 4.879088825489999632e-25
3.610000000000000000e+02 3.604302551960000191e-25
3.620000000000000000e+02 2.559760372559999820e-25
3.630000000000000000e+02 3.244022732690000021e-25
3.640000000000000000e+02 1.861478549099999936e-25
3.650000000000000000e+02 1.768568989219999939e-25
3.660000000000000000e+02 1.846164324590000062e-25
3.670000000000000000e+02 2.212343153139999920e-25
3.680000000000000000e+02 5.727697706580000424e-25
3.690000000000000000e+02 1.074107131959999922e-24
3.700000000000000000e+02 1.683122238039999932e-19
3.710000000000000000e+02 9.827095691950000557e-25
3.720000000000000000e+02 3.862753457439999947e-25
3.735000000000000000e+02 1.187929681951500027e-24
3.760000000000000000e+02 2.884788446616666541e-24
3.795000000000000000e+02 4.331619463795000441e-25
3.835000000000000000e+02 6.431257537139999978e-24
3.875000000000000000e+02 8.929247312849999990e-25
3.915000000000000000e+02 1.582253437924999975e-25
3.955000000000000000e+02 6.104433320203499930e-24
3.995000000000000000e+02 3.910822816741474768e-23
4.035000000000000000e+02 9.555092545780000063e-26
4.075000000000000000e+02 7.114383621332500488e-26
4.115000000000000000e+02 7.893442611807500689e-26
4.155000000000000000e+02 8.108952240387500115e-25
4.195000000000000000e+02 1.608428612194050118e-23
4.235000000000000000e+02 2.478025046408499967e-24
4.280000000000000000e+02 2.969752904346199866e-25
4.325000000000000000e+02 1.472566254053699911e-24
4.365000000000000000e+02 1.083015839291750118e-25
4.410000000000000000e+02 5.796224015206260678e-24
4.455000000000000000e+02 2.156560024406250160e-25
4.495000000000000000e+02 4.916982536535000075e-26
4.540000000000000000e+02 5.054097068171199839e-25
4.590000000000000000e+02 6.017706770023169680e-22
4.635000000000000000e+02 5.001117139927500010e-26
4.680000000000000000e+02 3.580565627858000596e-25
4.725000000000000000e+02 1.842881486025499940e-24
4.770000000000000000e+02 5.032639017600000708e-26
4.820000000000000000e+02 1.786576229131404455e-22
4.870000000000000000e+02 8.958838615687997643e-26
4.920000000000000000e+02 1.175069877763019910e-24
4.970000000000000000e+02 2.657652045581999996e-26
5.020000000000000000e+02 2.314391337980999994e-25
5.070000000000000000e+02 4.528365411753659946e-24
5.120000000000000000e+02 3.568154290190599851e-25
5.170000000000000000e+02 2.714235391033500115e-24
5.220000000000000000e+02 1.426971317991780250e-24
5.270000000000000000e+02 7.560335827600919348e-24
5.325000000000000000e+02 2.333481244054999998e-26
5.380000000000000000e+02 1.268458819850400172e-25
5.430000000000000000e+02 3.073090435981599810e-25
5.485000000000000000e+02 4.413529242215934167e-24
5.540000000000000000e+02 5.181430487970799647e-25
5.595000000000000000e+02 2.312193369848333222e-26
5.655000000000000000e+02 1.996075031119833175e-25
5.710000000000000000e+02 1.157594984758599909e-25
5.765000000000000000e+02 2.195904152511000317e-25
5.825000000000000000e+02 7.348218597765049498e-24
5.885000000000000000e+02 2.796605545066666287e-26
5.945000000000000000e+02 8.176612554186165933e-25
6.005000000000000000e+02 1.265746930821350301e-24
6.065000000000000000e+02 1.220118807423333420e-26
6.125000000000000000e+02 3.630076436778000301e-25
6.185000000000000000e+02 6.841489698823499243e-25
6.245000000000000000e+02 3.781306812916667050e-26
6.305000000000000000e+02 3.472191859393333635e-26
6.370000000000000000e+02 3.154423397802571208e-25
6.435000000000000000e+02 1.688840676814999967e-26
6.500000000000000000e+02 1.171910575997428493e-26
6.565000000000000000e+02 1.580123667481999891e-26
6.630000000000000000e+02 7.613472479115999598e-26
6.695000000000000000e+02 2.286242291858833438e-25
6.760000000000000000e+02 1.361034864824714375e-26
6.830000000000000000e+02 1.215813500017714360e-26
6.900000000000000000e+02 8.541961793361716692e-26
6.970000000000000000e+02 4.183791370843714183e-26
7.040000000000000000e+02 1.310192735989714231e-26
7.110000000000000000e+02 9.672737008897141245e-27
7.180000000000000000e+02 6.853018273965714225e-27
7.250000000000000000e+02 6.685350040482857525e-27
7.320000000000000000e+02 2.961935720097428197e-26
7.395000000000000000e+02 6.974686050111249299e-27
7.470000000000000000e+02 7.473184916974286446e-27
7.545000000000000000e+02 7.964616365570000727e-27
7.620000000000000000e+02 6.346741342764286588e-27
7.695000000000000000e+02 1.975920976214874961e-26
7.775000000000000000e+02 1.008004596503199962e-25
7.855000000000000000e+02 6.249920799431250620e-27
7.930000000000000000e+02 1.595079775628999972e-26
8.005000000000000000e+02 1.477753462793999940e-26
8.085000000000000000e+02 6.095516664091249611e-27
8.170000000000000000e+02 5.250098012473333336e-27
8.255000000000000000e+02 5.573634343961250287e-27
8.335000000000000000e+02 4.914616577905000227e-27
8.415000000000000000e+02 1.208860356334999865e-26
8.500000000000000000e+02 5.067291498448888823e-27
8.585000000000000000e+02 9.349867319034999721e-27
8.670000000000000000e+02 4.824911356251110617e-27
8.760000000000000000e+02 4.574136940448888451e-27
8.850000000000000000e+02 5.286458562207778056e-27
8.935000000000000000e+02 4.381755047042500511e-27
9.020000000000000000e+02 4.306793547485556078e-27
9.115000000000000000e+02 5.909596572602999852e-27
9.210000000000000000e+02 4.398767816893221938e-26
9.300000000000000000e+02 4.275146113283333006e-27
9.390000000000000000e+02 8.689090212133333557e-27
9.485000000000000000e+02 4.172050212607999576e-27
9.580000000000000000e+02 4.061349033765555255e-27
9.675000000000000000e+02 4.013812836957000509e-27
9.775000000000000000e+02 7.318260685039000172e-27
9.870000000000000000e+02 3.932007353668888904e-27
9.965000000000000000e+02 3.907712015570999556e-27
1.006500000000000000e+03 4.342632467839000270e-27
1.016500000000000000e+03 3.948511170988999369e-27
1.027000000000000000e+03 3.908199570067272999e-27
1.037500000000000000e+03 3.914424000237999762e-27
1.047500000000000000e+03 3.891766589441999802e-27
1.058000000000000000e+03 3.907850093040000856e-27
1.069000000000000000e+03 4.336461678496364168e-27
1.079500000000000000e+03 3.927951050841999324e-27
1.090000000000000000e+03 4.037612796105453499e-27
1.101000000000000000e+03 4.139261919003636868e-27
1.112000000000000000e+03 4.397156174408181818e-27
1.123000000000000000e+03 4.466363676346363682e-27
1.134500000000000000e+03 1.061556925834999931e-25
1.146000000000000000e+03 4.526231050153636084e-27
1.157500000000000000e+03 2.205740785551167055e-26
1.169000000000000000e+03 2.056997482489818094e-26
1.180500000000000000e+03 4.600629208308166800e-26
1.192500000000000000e+03 2.658160464302808613e-25
1.204500000000000000e+03 1.299055899438582971e-26
1.216500000000000000e+03 1.612371145771583635e-26
1.228500000000000000e+03 5.583947392986249871e-26
1.240500000000000000e+03 1.452854763156938514e-23
1.253000000000000000e+03 1.062620468765538379e-26
1.266000000000000000e+03 2.073512146236038364e-25
1.278500000000000000e+03 5.102295231321250347e-26
1.291000000000000000e+03 2.068488930246261870e-25
1.304000000000000000e+03 1.064942558696261484e-25
1.317000000000000000e+03 2.623282901665730528e-24
1.330000000000000000e+03 3.336651563976307541e-25
1.343500000000000000e+03 6.112684966419214328e-25
1.357000000000000000e+03 1.649846692518669288e-24
1.370500000000000000e+03 5.066734314601343419e-24
1.384500000000000000e+03 8.410019826363785226e-25
1.398500000000000000e+03 3.251583622979939591e-22
1.412500000000000000e+03 1.311091275929328541e-23
1.426500000000000000e+03 2.455187948913927673e-21
1.440500000000000000e+03 1.354406858856078450e-23
1.455000000000000000e+03 1.298873222656633844e-22
1.469500000000000000e+03 1.449424629704874418e-22
1.484000000000000000e+03 1.063623140092999969e-23
1.499000000000000000e+03 2.193874882778933471e-23
1.514000000000000000e+03 2.672748759015092497e-22
1.529000000000000000e+03 4.065111904432332791e-23
1.544500000000000000e+03 3.552165249301793774e-22
1.560000000000000000e+03 4.807220107999866500e-23
1.575500000000000000e+03 7.988530977588874988e-23
1.591500000000000000e+03 1.314766887194187512e-24
1.607500000000000000e+03 4.714868361615624759e-24
1.623500000000000000e+03 3.013929742091562789e-23
1.639500000000000000e+03 8.421183307100713602e-22
1.656000000000000000e+03 5.785844298599882904e-23
1.672500000000000000e+03 2.117975887141312638e-23
1.689000000000000000e+03 4.408114607001352597e-22
1.706000000000000000e+03 2.120435742744152558e-22
1.723000000000000000e+03 3.871895691020541839e-23
1.740500000000000000e+03 5.331104404346722161e-23
1.758000000000000000e+03 4.152665718374858455e-21
1.775500000000000000e+03 1.059624343643472213e-23
1.793500000000000000e+03 1.674954088759911100e-23
1.811500000000000000e+03 2.639106725264950205e-24
1.829500000000000000e+03 9.750367482530556851e-24
1.847500000000000000e+03 4.834809332210139777e-24
1.866000000000000000e+03 4.254571648962642169e-24
1.884500000000000000e+03 3.341546084916221813e-25
1.903000000000000000e+03 7.633023371000762306e-24
1.922000000000000000e+03 4.059945352277228746e-22
1.941500000000000000e+03 2.549981612276300455e-25
1.961000000000000000e+03 5.340673627817042965e-22
1.980500000000000000e+03 8.095518937299195013e-24
2.000500000000000000e+03 1.067937178284971946e-24
2.020500000000000000e+03 3.095543656276177801e-24
2.040500000000000000e+03 1.272034720532300066e-25
2.061000000000000000e+03 2.004944279699581103e-25
2.082000000000000000e+03 2.681029935054809278e-26
2.102500000000000000e+03 2.295450079713114948e-25
2.123500000000000000e+03 8.050786034165005764e-26
2.145000000000000000e+03 1.588905579983871217e-25
2.166500000000000000e+03 1.843855656058045936e-26
2.188000000000000000e+03 2.385429376940952391e-27
2.209500000000000000e+03 2.040110426817272593e-27
2.231500000000000000e+03 4.876703478993317229e-26
2.254000000000000000e+03 1.023805207448782137e-26
2.277000000000000000e+03 2.264786151388260889e-27
2.299500000000000000e+03 5.191073199492727751e-27
2.322500000000000000e+03 1.485226668669999857e-27
2.346000000000000000e+03 1.535542903811738955e-27
2.369000000000000000e+03 1.360123180363478326e-27
2.392500000000000000e+03 1.325470710746666887e-27
2.416500000000000000e+03 1.251795606421666819e-27
2.441000000000000000e+03 1.809843238020280012e-26
2.465500000000000000e+03 1.187102543755416792e-27
2.490000000000000000e+03 1.222406441693199909e-27
2.515000000000000000e+03 2.698432163568400117e-27
2.540000000000000000e+03 1.271019339959439777e-26
2.565500000000000000e+03 5.147399094519307467e-26
2.591500000000000000e+03 5.588902396144678387e-25
2.617500000000000000e+03 2.250311628231191872e-26
2.643500000000000000e+03 1.237525619739253531e-24
2.669500000000000000e+03 1.067949158736001707e-24
2.696000000000000000e+03 3.861800194177036552e-27
2.723000000000000000e+03 3.061638198782740652e-25
2.750500000000000000e+03 1.322699776672940422e-24
2.778000000000000000e+03 1.904564199236851518e-26
2.805500000000000000e+03 3.832030820082453559e-25
2.834000000000000000e+03 3.968632243896131086e-25
2.862500000000000000e+03 9.186935147696784855e-27
2.891000000000000000e+03 1.241233912822259309e-24
2.920000000000000000e+03 3.068550680669552072e-26
2.949000000000000000e+03 6.350471888111783398e-25
2.978500000000000000e+03 2.883882423586230595e-23
3.008500000000000000e+03 1.407256990215418913e-24
3.038500000000000000e+03 3.207936928139961547e-23
3.068500000000000000e+03 2.642288004570779742e-23
3.099000000000000000e+03 6.358750426894668713e-24
3.130000000000000000e+03 1.156894561900533734e-21
3.161500000000000000e+03 1.981431406159421766e-25
3.193500000000000000e+03 3.036594392034550951e-24
3.225500000000000000e+03 6.171744102324040851e-24
3.257500000000000000e+03 1.167056132586549992e-24
3.290000000000000000e+03 4.328566106027534663e-25
3.323000000000000000e+03 2.679797661070709317e-23
3.356000000000000000e+03 3.396561191116063444e-25
3.389500000000000000e+03 1.473212589653488645e-24
3.423500000000000000e+03 3.671471443296194359e-25
3.458000000000000000e+03 1.022563850035619592e-23
3.492500000000000000e+03 2.543090053262770833e-24
3.527000000000000000e+03 3.255877995011715659e-22
3.562500000000000000e+03 2.748634157413660755e-22
3.598500000000000000e+03 1.276445497436552612e-20
3.634500000000000000e+03 5.744746460888745664e-21
3.670500000000000000e+03 8.422033718311830735e-22
3.707000000000000000e+03 8.455123794552358097e-22
3.744500000000000000e+03 8.798092530517268425e-22
3.782000000000000000e+03 8.963660574945564952e-22
3.819500000000000000e+03 1.494308221698999168e-20
3.858000000000000000e+03 2.361366416157728846e-22
3.896500000000000000e+03 6.582025894909340515e-21
3.935000000000000000e+03 6.830534570255407206e-23
3.974500000000000000e+03 4.263461704167613344e-23
4.014500000000000000e+03 5.757975637493014151e-22
4.054500000000000000e+03 4.551181859017851874e-24
4.095000000000000000e+03 1.099412834979631836e-24
4.136000000000000000e+03 1.266316603867850658e-25
4.177500000000000000e+03 3.679549288802329168e-25
4.219500000000000000e+03 1.099431169809662117e-25
4.261500000000000000e+03 6.965840327346167059e-26
4.304000000000000000e+03 6.373624867336279367e-27
4.347000000000000000e+03 1.082896936428464807e-26
4.390500000000000000e+03 1.256603294733454548e-27
4.434500000000000000e+03 9.478829023537269598e-28
4.479000000000000000e+03 3.079462290162133713e-27
4.524000000000000000e+03 3.910280769150132798e-27
4.569000000000000000e+03 1.137641272982444289e-24
4.614500000000000000e+03 3.972876985935826642e-27
4.660500000000000000e+03 5.082143686258238954e-27
4.707000000000000000e+03 3.200318673159787423e-27
4.754500000000000000e+03 3.678338639148729509e-27
4.802000000000000000e+03 4.262272435669550673e-25
4.850000000000000000e+03 5.823370082090595328e-25
4.898500000000000000e+03 1.844213355823651609e-25
4.947500000000000000e+03 6.277523096375401143e-25
4.997000000000000000e+03 6.208419541088448973e-26
5.047000000000000000e+03 2.376589379405799502e-23
5.097500000000000000e+03 1.063978777507889197e-23
5.148000000000000000e+03 1.439534683846572820e-22
5.199500000000000000e+03 2.759891808274324385e-22
5.251500000000000000e+03 5.040603857558418494e-23
5.304000000000000000e+03 5.315510624554007635e-22
5.357500000000000000e+03 2.693708230807631333e-22
5.411000000000000000e+03 1.140722369639652569e-23
5.465000000000000000e+03 4.228106295276212759e-21
5.520000000000000000e+03 8.545351002071814143e-22
5.575000000000000000e+03 5.056214469262026395e-24
5.630500000000000000e+03 2.752591408046076940e-23
5.687000000000000000e+03 2.738110356393940521e-26
5.744000000000000000e+03 1.681387361595172130e-24
5.801500000000000000e+03 8.929234024279138851e-25
5.859500000000000000e+03 1.406204368980381129e-26
5.918000000000000000e+03 2.221894983025101828e-27
5.977000000000000000e+03 1.734228179259119052e-27
6.036500000000000000e+03 8.637595821231835939e-28
6.097000000000000000e+03 2.946509524081310651e-28
6.158000000000000000e+03 3.839855609368523926e-28
6.219500000000000000e+03 7.450413842757422908e-27
6.282000000000000000e+03 1.803540691444371256e-26
6.345000000000000000e+03 2.572439493150809250e-26
6.408500000000000000e+03 1.859975150410137274e-26
6.472500000000000000e+03 1.612848376169973721e-25
6.537000000000000000e+03 1.954288938651272969e-26
6.602500000000000000e+03 1.305781489810436507e-24
6.668500000000000000e+03 1.120562717964868307e-23
6.735000000000000000e+03 3.226828712752839868e-23
6.802500000000000000e+03 1.438220184329841039e-22
6.870500000000000000e+03 6.844592116523337131e-24
6.939000000000000000e+03 1.065955173512041410e-23
7.008500000000000000e+03 4.602714865768571280e-23
7.078500000000000000e+03 8.024012515569038224e-22
7.149500000000000000e+03 3.217673810711735162e-22
7.221000000000000000e+03 1.418493989429493848e-21
7.293000000000000000e+03 5.292090351776571093e-21
7.366000000000000000e+03 9.100151149145812579e-22
7.439500000000000000e+03 7.341985253428760343e-23
7.514000000000000000e+03 4.323757594914298539e-24
7.589500000000000000e+03 5.239215380263180573e-24
7.665500000000000000e+03 1.057682666315724561e-25
7.742000000000000000e+03 1.594110707227175125e-26
7.819500000000000000e+03 5.498866898459828283e-26
7.897500000000000000e+03 4.216322669960845925e-27
7.976500000000000000e+03 8.335458395760112701e-27
8.056500000000000000e+03 4.742108993576123421e-28
8.137000000000000000e+03 1.432108321674458683e-26
8.218000000000000000e+03 9.386621131995749840e-24
8.300000000000000000e+03 3.895955188588479530e-24
8.383500000000000000e+03 1.385850322815596461e-24
8.467500000000000000e+03 2.227522696638982008e-25
8.552000000000000000e+03 1.180781377970429636e-24
8.637500000000000000e+03 8.252273289291952663e-23
8.724000000000000000e+03 1.139564866133463769e-22
8.811000000000000000e+03 3.126803659201164490e-22
8.899000000000000000e+03 1.019359108796796683e-22
8.988000000000000000e+03 1.827183112538240644e-23
9.078000000000000000e+03 1.746710488903104080e-24
9.169000000000000000e+03 1.716603636892718999e-24
9.260500000000000000e+03 1.790787435923260789e-26
9.353000000000000000e+03 4.636773323076079853e-26
9.446500000000000000e+03 2.315542036744739628e-27
9.541000000000000000e+03 1.137084509734095149e-28
9.636500000000000000e+03 1.898564639892848269e-26
9.733000000000000000e+03 1.226220446220005991e-26
9.830000000000000000e+03 1.943597158339954375e-26
9.928000000000000000e+03 1.468698236500192182e-26
9.989000000000000000e+03 9.736903275364922440e-26
