1.000000000000000000e+01 1.510102661090000016e-25
1.100000000000000000e+01 2.761872715610000097e-25
1.200000000000000000e+01 2.263300569689999785e-25
1.300000000000000000e+01 5.364351751140000165e-25
1.400000000000000000e+01 2.688657770010000002e-25
1.500000000000000000e+01 7.738014854529999329e-24
1.600000000000000000e+01 5.963942174890000052e-25
1.700000000000000000e+01 2.000478794750000012e-24
1.800000000000000000e+01 5.261993423170000123e-24
1.900000000000000000e+01 9.527072149149999779e-24
2.000000000000000000e+01 3.267277385349999918e-24
2.100000000000000000e+01 7.087068365960000146e-25
2.200000000000000000e+01 8.734109861860000583e-25
2.300000000000000000e+01 5.570475170650000067e-25
2.400000000000000000e+01 1.198800069000000081e-24
2.500000000000000000e+01 1.471166156399999935e-22
2.600000000000000000e+01 1.585491753670000007e-24
2.700000000000000000e+01 6.347058514299999744e-25
2.800000000000000000e+01 5.769616482470000221e-25
2.900000000000000000e+01 5.390344020109999942e-25
3.000000000000000000e+01 4.652893458889999746e-23
3.100000000000000000e+01 1.008684202770000011e-24
3.200000000000000000e+01 1.899288360660000144e-24
3.300000000000000000e+01 3.548576944129999971e-22
3.400000000000000000e+01 2.217687913230000143e-24
3.500000000000000000e+01 3.302460931690000001e-24
3.600000000000000000e+01 1.655009883110000009e-23
3.700000000000000000e+01 1.073314166830000061e-22
3.800000000000000000e+01 1.904452260649999893e-23
3.900000000000000000e+01 1.314516666940000060e-22
4.000000000000000000e+01 1.184748285029999982e-22
4.100000000000000000e+01 1.009116865919999943e-20
4.200000000000000000e+01 4.191500792820000112e-24
4.300000000000000000e+01 2.428406603880000069e-24
4.400000000000000000e+01 1.707999044299999914e-23
4.500000000000000000e+01 2.218598207310000090e-24
4.600000000000000000e+01 4.863379334250000215e-24
4.700000000000000000e+01 1.529853043379999917e-21
4.800000000000000000e+01 1.337448992130000002e-23
4.900000000000000000e+01 2.355808646420000148e-24
5.000000000000000000e+01 2.050867514330000126e-24
5.100000000000000000e+01 2.622093957129999928e-24
5.200000000000000000e+01 3.671493726419999704e-24
5.300000000000000000e+01 1.460329057980000060e-23
5.400000000000000000e+01 1.587911110109999888e-23
5.500000000000000000e+01 3.038875110429999964e-22
5.600000000000000000e+01 1.794894149880000010e-22
5.700000000000000000e+01 1.841192544100000079e-22
5.800000000000000000e+01 3.291638639260000235e-23
5.900000000000000000e+01 3.178810320900000171e-23
6.000000000000000000e+01 5.589720075309999763e-22
6.100000000000000000e+01 7.473991629019999330e-24
6.200000000000000000e+01 5.168503663319999891e-23
6.300000000000000000e+01 1.619873004509999922e-23
6.400000000000000000e+01 2.610094029069999964e-20
6.500000000000000000e+01 9.078867531020000566e-24
6.600000000000000000e+01 3.674045476800000279e-24
6.700000000000000000e+01 8.272238643780000501e-24
6.800000000000000000e+01 5.170185942309999639e-22
6.900000000000000000e+01 4.269883952220000239e-23
7.000000000000000000e+01 8.067410252470000452e-24
7.100000000000000000e+01 9.755379452729999345e-24
7.200000000000000000e+01 2.392875255980000146e-22
7.300000000000000000e+01 1.038675638389999949e-22
7.400000000000000000e+01 5.158144646720000162e-22
7.500000000000000000e+01 4.926192722339999962e-23
7.600000000000000000e+01 5.134843479240000159e-23
7.700000000000000000e+01 1.209186632890000007e-23
7.800000000000000000e+01 6.684335288390000586e-23
7.900000000000000000e+01 3.355377837159999911e-22
8.000000000000000000e+01 1.767411220329999899e-22
8.100000000000000000e+01 5.592135768949999486e-20
8.200000000000000000e+01 3.197858934520000094e-22
8.300000000000000000e+01 1.933133440120000106e-23
8.400000000000000000e+01 6.746580309990000174e-24
8.500000000000000000e+01 1.806908588889999902e-23
8.600000000000000000e+01 1.850583331160000017e-23
8.700000000000000000e+01 3.634913926150000244e-23
8.800000000000000000e+01 5.648031559519999711e-21
8.900000000000000000e+01 1.575750010720000008e-22
9.000000000000000000e+01 1.717209760199999908e-22
9.100000000000000000e+01 2.189540266429999935e-23
9.200000000000000000e+01 1.309534695729999977e-22
9.300000000000000000e+01 1.554722104709999970e-22
9.400000000000000000e+01 2.064097958990000079e-23
9.500000000000000000e+01 1.840467206419999909e-23
9.600000000000000000e+01 1.004033889969999927e-21
9.700000000000000000e+01 2.016919860260000140e-23
9.800000000000000000e+01 4.477867382170000233e-23
9.900000000000000000e+01 1.448244415300000035e-20
1.000000000000000000e+02 1.129950892619999971e-21
1.010000000000000000e+02 1.626598806100000007e-22
1.020000000000000000e+02 4.543190297039999741e-23
1.030000000000000000e+02 1.825485799830000043e-23
1.040000000000000000e+02 1.550708461650000083e-22
1.050000000000000000e+02 1.164020865199999970e-22
1.060000000000000000e+02 1.486949259629999968e-22
1.070000000000000000e+02 1.292569658960000073e-22
1.080000000000000000e+02 5.678396705170000092e-23
1.090000000000000000e+02 8.698925092450000161e-24
1.100000000000000000e+02 3.660937103739999882e-23
1.110000000000000000e+02 9.890466088680000060e-22
1.120000000000000000e+02 1.868308650170000001e-23
1.130000000000000000e+02 6.052537618210000209e-24
1.140000000000000000e+02 4.244305724459999957e-24
1.150000000000000000e+02 4.535379680959999865e-24
1.160000000000000000e+02 2.212971530899999792e-22
1.170000000000000000e+02 6.986516224310000488e-23
1.180000000000000000e+02 3.463956100629999802e-21
1.190000000000000000e+02 2.253249117519999905e-23
1.200000000000000000e+02 2.066549029250000008e-21
1.210000000000000000e+02 6.170627201980000533e-23
1.220000000000000000e+02 3.704451430680000290e-21
1.230000000000000000e+02 1.149138062270000082e-22
1.240000000000000000e+02 3.413561699229999870e-23
1.250000000000000000e+02 1.797117760629999942e-23
1.260000000000000000e+02 5.161246546530000135e-23
1.270000000000000000e+02 2.878846569569999982e-18
1.280000000000000000e+02 4.577099718090000052e-23
1.290000000000000000e+02 2.447699940690000015e-23
1.300000000000000000e+02 1.350108228199999946e-23
1.310000000000000000e+02 5.245504980590000080e-23
1.320000000000000000e+02 6.267706955650000114e-22
1.330000000000000000e+02 1.686160960010000014e-21
1.340000000000000000e+02 3.773731268590000118e-23
1.350000000000000000e+02 1.769566467409999954e-23
1.360000000000000000e+02 1.884965801340000061e-23
1.370000000000000000e+02 1.220020263679999989e-23
1.380000000000000000e+02 3.245525273000000070e-23
1.390000000000000000e+02 2.970880522330000130e-19
1.400000000000000000e+02 8.318198115880000342e-22
1.410000000000000000e+02 1.460342287290000028e-22
1.420000000000000000e+02 1.895384751399999903e-23
1.430000000000000000e+02 8.147920951469999766e-24
1.440000000000000000e+02 6.486350941759999783e-24
1.450000000000000000e+02 4.275470240230000065e-23
1.460000000000000000e+02 9.558320849580000521e-24
1.470000000000000000e+02 1.626963447400000101e-23
1.480000000000000000e+02 4.323129263870000182e-23
1.490000000000000000e+02 6.813859549479999843e-21
1.500000000000000000e+02 2.699857498669999795e-22
1.510000000000000000e+02 4.104486701440000226e-22
1.520000000000000000e+02 7.699966881230000416e-23
1.530000000000000000e+02 1.369578943429999991e-22
1.540000000000000000e+02 1.085833363420000115e-22
1.550000000000000000e+02 1.948158825150000000e-23
1.560000000000000000e+02 2.642337808119999903e-23
1.570000000000000000e+02 5.502065450229999572e-23
1.580000000000000000e+02 2.226726026989999858e-21
1.590000000000000000e+02 1.077783077190000110e-22
1.600000000000000000e+02 2.315390481960000088e-23
1.610000000000000000e+02 6.368368040559999727e-24
1.620000000000000000e+02 1.185735845370000021e-23
1.630000000000000000e+02 4.798297780090000359e-24
1.640000000000000000e+02 1.310242487699999995e-23
1.650000000000000000e+02 6.756449835160000534e-24
1.660000000000000000e+02 4.232147064689999790e-23
1.670000000000000000e+02 6.920669206870000235e-23
1.680000000000000000e+02 1.552926338700000116e-23
1.690000000000000000e+02 3.278433764390000293e-23
1.700000000000000000e+02 4.198219334010000205e-22
1.710000000000000000e+02 1.346657634759999956e-22
1.720000000000000000e+02 2.719670952570000092e-23
1.730000000000000000e+02 7.354953386180000082e-23
1.740000000000000000e+02 4.340965233870000033e-23
1.750000000000000000e+02 2.061090159150000138e-23
1.760000000000000000e+02 2.358527329400000173e-19
1.770000000000000000e+02 7.666696774760000500e-23
1.780000000000000000e+02 9.330584812009999836e-23
1.790000000000000000e+02 9.787336510959999920e-21
1.800000000000000000e+02 1.179232758280000015e-23
1.810000000000000000e+02 6.641767625409999437e-23
1.820000000000000000e+02 2.792457353080000084e-23
1.830000000000000000e+02 1.060178046890000049e-23
1.840000000000000000e+02 7.306604468349999388e-24
1.850000000000000000e+02 4.417360433059999854e-24
1.860000000000000000e+02 7.108785738769999280e-24
1.870000000000000000e+02 1.203286417430000048e-23
1.880000000000000000e+02 3.642617138159999774e-22
1.890000000000000000e+02 2.163712487389999946e-23
1.900000000000000000e+02 6.209677342119999953e-24
1.910000000000000000e+02 4.485600158390000240e-24
1.920000000000000000e+02 6.061219633379999933e-24
1.930000000000000000e+02 2.328067999559999926e-23
1.940000000000000000e+02 5.523615652939999506e-23
1.950000000000000000e+02 2.004513823049999952e-23
1.960000000000000000e+02 5.593337691690000124e-23
1.970000000000000000e+02 1.461465550119999935e-23
1.980000000000000000e+02 1.204970782540000028e-22
1.990000000000000000e+02 1.092374908999999958e-23
2.000000000000000000e+02 2.133917334479999909e-23
2.010000000000000000e+02 4.068102610619999723e-23
2.020000000000000000e+02 2.668737465909999870e-22
2.030000000000000000e+02 3.491744814409999747e-21
2.040000000000000000e+02 6.567033531839999695e-23
2.050000000000000000e+02 2.392988333569999925e-23
2.060000000000000000e+02 1.711454459579999981e-23
2.070000000000000000e+02 3.126962410699999782e-23
2.080000000000000000e+02 1.950825077590000037e-22
2.090000000000000000e+02 1.309112653579999982e-22
2.100000000000000000e+02 2.010086041610000000e-23
2.110000000000000000e+02 4.628251477529999882e-23
2.120000000000000000e+02 4.570492449740000062e-23
2.130000000000000000e+02 2.626650354129999962e-23
2.140000000000000000e+02 8.864418519509999261e-22
2.150000000000000000e+02 5.599949251029999425e-23
2.160000000000000000e+02 6.075469954399999780e-24
2.170000000000000000e+02 1.161939171750000041e-23
2.180000000000000000e+02 4.026907947060000114e-24
2.190000000000000000e+02 4.654754273690000002e-24
2.200000000000000000e+02 8.206963233080000068e-24
2.210000000000000000e+02 3.499603766849999756e-23
2.220000000000000000e+02 2.382869400150000121e-22
2.230000000000000000e+02 3.822779048479999980e-22
2.240000000000000000e+02 1.191180452380000039e-22
2.250000000000000000e+02 4.281961332810000238e-23
2.260000000000000000e+02 2.279629654499999829e-22
2.270000000000000000e+02 8.923680869619999796e-22
2.280000000000000000e+02 1.478155958050000050e-21
2.290000000000000000e+02 3.842691787760000262e-23
2.300000000000000000e+02 1.412408973399999958e-23
2.310000000000000000e+02 3.641775283880000017e-23
2.320000000000000000e+02 3.462230626239999891e-23
2.330000000000000000e+02 1.457322088349999997e-23
2.340000000000000000e+02 5.043043932430000265e-24
2.350000000000000000e+02 2.719925131350000161e-24
2.360000000000000000e+02 2.183916495880000061e-24
2.370000000000000000e+02 1.872031776569999905e-24
2.380000000000000000e+02 1.851695851110000123e-24
2.390000000000000000e+02 1.843866875770000076e-24
2.400000000000000000e+02 2.012623483929999979e-24
2.410000000000000000e+02 1.673521563600000132e-23
2.420000000000000000e+02 3.487883362720000028e-24
2.430000000000000000e+02 8.480892801430000092e-24
2.440000000000000000e+02 4.345748139999999839e-23
2.450000000000000000e+02 1.021665446069999977e-22
2.460000000000000000e+02 8.131366258830000176e-23
2.470000000000000000e+02 5.166191813319999807e-23
2.480000000000000000e+02 3.875218671739999994e-21
2.490000000000000000e+02 4.485889393479999827e-23
2.500000000000000000e+02 4.521893173179999722e-23
2.510000000000000000e+02 3.258570207309999908e-21
2.520000000000000000e+02 1.791006090820000066e-23
2.530000000000000000e+02 6.681262750960000519e-23
2.540000000000000000e+02 3.882605617539999842e-20
2.550000000000000000e+02 5.131821633109999801e-23
2.560000000000000000e+02 3.276707408500000009e-23
2.570000000000000000e+02 2.308036516669999869e-23
2.580000000000000000e+02 4.541534287380000149e-24
2.590000000000000000e+02 3.462947324510000062e-24
2.600000000000000000e+02 2.369582515920000153e-24
2.610000000000000000e+02 2.099757101310000138e-24
2.620000000000000000e+02 1.869192603430000060e-24
2.630000000000000000e+02 3.476142626339999796e-24
2.640000000000000000e+02 2.459792525770000012e-24
2.650000000000000000e+02 7.040510940239999603e-24
2.660000000000000000e+02 1.383380736970000114e-22
2.670000000000000000e+02 1.397246629750000139e-23
2.680000000000000000e+02 4.732041657010000123e-24
2.690000000000000000e+02 1.901644508799999948e-24
2.700000000000000000e+02 1.690001938989999958e-24
2.710000000000000000e+02 1.955013965409999949e-24
2.720000000000000000e+02 9.804189290479999423e-24
2.730000000000000000e+02 1.139118779469999981e-18
2.740000000000000000e+02 3.348752371119999903e-24
2.750000000000000000e+02 6.974396468879999301e-24
2.760000000000000000e+02 1.327638318219999937e-22
2.770000000000000000e+02 2.764718440390000249e-23
2.780000000000000000e+02 3.906284019849999976e-22
2.790000000000000000e+02 8.307977205229999600e-23
2.800000000000000000e+02 7.335594518660000311e-23
2.810000000000000000e+02 3.715073182470000258e-23
2.820000000000000000e+02 4.547704055530000443e-22
2.830000000000000000e+02 3.246255792510000293e-23
2.840000000000000000e+02 8.149674955920000181e-24
2.850000000000000000e+02 5.101654771619999678e-24
2.860000000000000000e+02 4.769387175520000066e-24
2.870000000000000000e+02 1.778996161450000053e-22
2.880000000000000000e+02 7.133235189370000575e-24
2.890000000000000000e+02 5.523263816869999979e-23
2.900000000000000000e+02 3.645015731569999760e-23
2.910000000000000000e+02 1.795656840280000136e-23
2.920000000000000000e+02 3.090636846799999992e-24
2.930000000000000000e+02 1.936089660760000087e-24
2.940000000000000000e+02 1.594952386740000067e-24
2.950000000000000000e+02 1.605390793309999921e-24
2.960000000000000000e+02 1.785220704920000063e-24
2.970000000000000000e+02 2.159206521289999903e-24
2.980000000000000000e+02 7.825456209670000597e-24
2.990000000000000000e+02 6.293934267520000130e-24
3.000000000000000000e+02 6.707640832290000471e-24
3.010000000000000000e+02 3.507150648369999845e-22
3.020000000000000000e+02 2.816038098360000120e-22
3.030000000000000000e+02 6.442857114180000388e-20
3.040000000000000000e+02 3.588298730669999751e-23
3.050000000000000000e+02 1.671025102620000031e-23
3.060000000000000000e+02 7.370870780490000734e-24
3.070000000000000000e+02 2.614765254690000169e-24
3.080000000000000000e+02 6.550957721849999748e-24
3.090000000000000000e+02 2.222351599140000126e-24
3.100000000000000000e+02 1.531261300269999911e-24
3.110000000000000000e+02 1.267160680650000028e-24
3.120000000000000000e+02 2.427482800390000138e-24
3.130000000000000000e+02 1.472940003580000077e-24
3.140000000000000000e+02 3.352286582170000240e-24
3.150000000000000000e+02 3.597666153289999814e-22
3.160000000000000000e+02 3.657022179920000212e-24
3.170000000000000000e+02 1.452679257289999923e-24
3.180000000000000000e+02 1.102103347539999910e-24
3.190000000000000000e+02 1.136882367580000051e-24
3.200000000000000000e+02 1.534470274110000064e-24
3.210000000000000000e+02 1.060259974059999949e-22
3.220000000000000000e+02 4.212204656580000287e-24
3.230000000000000000e+02 1.926284597750000135e-23
3.240000000000000000e+02 1.361444729209999953e-21
3.250000000000000000e+02 1.032849048870000022e-23
3.260000000000000000e+02 7.961714990129999656e-24
3.270000000000000000e+02 3.466773243879999869e-23
3.280000000000000000e+02 1.372855173959999989e-22
3.290000000000000000e+02 9.946870661689999877e-24
3.300000000000000000e+02 3.200750000439999917e-24
3.310000000000000000e+02 2.327209571729999867e-24
3.320000000000000000e+02 1.722756410279999959e-24
3.330000000000000000e+02 1.783830716359999921e-24
3.340000000000000000e+02 4.548460530400000210e-24
3.350000000000000000e+02 2.278282745199999783e-22
3.360000000000000000e+02 6.595878641240000103e-24
3.370000000000000000e+02 1.794292272820000042e-24
3.380000000000000000e+02 1.227916575780000037e-24
3.390000000000000000e+02 1.522581337550000042e-24
3.400000000000000000e+02 5.289282129700000066e-24
3.410000000000000000e+02 7.921369722540000616e-24
3.420000000000000000e+02 1.827839482109999908e-24
3.430000000000000000e+02 2.245237056369999894e-23
3.440000000000000000e+02 2.163116210210000145e-24
3.450000000000000000e+02 1.441185720480000055e-24
3.460000000000000000e+02 3.950966650840000017e-24
3.470000000000000000e+02 1.468385484330000010e-24
3.480000000000000000e+02 2.838349876720000018e-24
3.490000000000000000e+02 1.086105638529999942e-23
3.500000000000000000e+02 1.057832164799999985e-22
3.510000000000000000e+02 1.358197733599999908e-23
3.520000000000000000e+02 6.170389993669999820e-20
3.530000000000000000e+02 8.140120300599999701e-24
3.540000000000000000e+02 1.965981589119999995e-22
3.550000000000000000e+02 1.959676629660000118e-23
3.560000000000000000e+02 6.505531016169999717e-24
3.570000000000000000e+02 2.927309942430000265e-23
3.580000000000000000e+02 8.612406733660000695e-24
3.590000000000000000e+02 4.869541495610000071e-24
3.600000000000000000e+02 1.127622597789999908e-24
3.610000000000000000e+02 7.683786670679999687e-25
3.620000000000000000e+02 7.550010564519999610e-25
3.630000000000000000e+02 8.117994560979999843e-25
3.640000000000000000e+02 3.874271401839999984e-25
3.650000000000000000e+02 3.503041547069999875e-25
3.660000000000000000e+02 3.551046804820000225e-25
3.670000000000000000e+02 4.112478126359999932e-25
3.680000000000000000e+02 8.685665384190000289e-25
3.690000000000000000e+02 2.284265534210000053e-24
3.700000000000000000e+02 1.974609086610000074e-19
3.710000000000000000e+02 1.489501241590000076e-24
3.720000000000000000e+02 1.034740856020000081e-24
3.735000000000000000e+02 7.454397741939999317e-24
3.760000000000000000e+02 2.182270202128333424e-23
3.795000000000000000e+02 9.233020417092499627e-25
3.835000000000000000e+02 1.041671377671949983e-23
3.875000000000000000e+02 8.333774187317500255e-25
3.915000000000000000e+02 6.009888234960000141e-25
3.955000000000000000e+02 8.690402382029249742e-23
3.995000000000000000e+02 4.529616594723049778e-22
4.035000000000000000e+02 3.160509091479999972e-25
4.075000000000000000e+02 1.563423666297500049e-25
4.115000000000000000e+02 1.547213539937499865e-25
4.155000000000000000e+02 4.002827081313750264e-24
4.195000000000000000e+02 3.480147701408750412e-23
4.235000000000000000e+02 4.645614840621950439e-23
4.280000000000000000e+02 4.385532523175999970e-25
4.325000000000000000e+02 1.370954034440499807e-24
4.365000000000000000e+02 7.814938810810000979e-25
4.410000000000000000e+02 6.100745099773400194e-24
4.455000000000000000e+02 5.285385654292999881e-24
4.495000000000000000e+02 1.554158145987500185e-25
4.540000000000000000e+02 3.895229313355400266e-24
4.590000000000000000e+02 1.981243000416741840e-21
4.635000000000000000e+02 1.513663984526499936e-25
4.680000000000000000e+02 3.663647572254600123e-24
4.725000000000000000e+02 7.100858037212750278e-24
4.770000000000000000e+02 1.093919205950199916e-25
4.820000000000000000e+02 2.016210461924780184e-22
4.870000000000000000e+02 3.583356609181399868e-25
4.920000000000000000e+02 4.748691764016500941e-24
4.970000000000000000e+02 5.288205112171999625e-26
5.020000000000000000e+02 1.229522598846799990e-24
5.070000000000000000e+02 6.789985091224418791e-24
5.120000000000000000e+02 7.883745141673200310e-25
5.170000000000000000e+02 3.670512166283999905e-24
5.220000000000000000e+02 1.226095045961380092e-24
5.270000000000000000e+02 2.847145177302178789e-23
5.325000000000000000e+02 4.298972473703333549e-26
5.380000000000000000e+02 2.443576244132780079e-24
5.430000000000000000e+02 4.153191122008000775e-25
5.485000000000000000e+02 4.209187011512553022e-23
5.540000000000000000e+02 6.829227116047359542e-24
5.595000000000000000e+02 8.122924737243335350e-26
5.655000000000000000e+02 3.222651154881167049e-25
5.710000000000000000e+02 3.472512923561399656e-25
5.765000000000000000e+02 1.275540919693533261e-24
5.825000000000000000e+02 2.128115553694271574e-22
5.885000000000000000e+02 7.856683250336666945e-26
5.945000000000000000e+02 4.085692626667266855e-24
6.005000000000000000e+02 3.208511203595566343e-23
6.065000000000000000e+02 3.313480218823332485e-26
6.125000000000000000e+02 4.293059976970999406e-25
6.185000000000000000e+02 1.571034273327433232e-24
6.245000000000000000e+02 1.464400940121833319e-25
6.305000000000000000e+02 2.613813864041166976e-25
6.370000000000000000e+02 3.113606531313843075e-24
6.435000000000000000e+02 5.160592098275000290e-26
6.500000000000000000e+02 2.368874627856571464e-26
6.565000000000000000e+02 4.988035369095999883e-26
6.630000000000000000e+02 2.553112834021299706e-25
6.695000000000000000e+02 4.021494588287666321e-25
6.760000000000000000e+02 3.117406065519285317e-26
6.830000000000000000e+02 3.707177049029142657e-26
6.900000000000000000e+02 1.148631025603942685e-24
6.970000000000000000e+02 4.299121420274000218e-25
7.040000000000000000e+02 4.491396199026715001e-26
7.110000000000000000e+02 2.610448544324999861e-26
7.180000000000000000e+02 7.030304036558572673e-27
7.250000000000000000e+02 8.823632395259999529e-27
7.320000000000000000e+02 7.153222589505571524e-26
7.395000000000000000e+02 2.413463340444512535e-25
7.470000000000000000e+02 2.639736428358428256e-26
7.545000000000000000e+02 8.155028202048374819e-26
7.620000000000000000e+02 1.167955507408714234e-26
7.695000000000000000e+02 3.234100387984875208e-26
7.775000000000000000e+02 1.347518498290092329e-24
7.855000000000000000e+02 8.902015888607502145e-27
7.930000000000000000e+02 7.285870177325143136e-26
8.005000000000000000e+02 6.383295080504462503e-25
8.085000000000000000e+02 1.464790263351349846e-25
8.170000000000000000e+02 6.694821326599999695e-27
8.255000000000000000e+02 6.258380343835000422e-27
8.335000000000000000e+02 5.226898084704999862e-27
8.415000000000000000e+02 1.450433612795450139e-25
8.500000000000000000e+02 1.391931331575889028e-26
8.585000000000000000e+02 8.955444691877400358e-25
8.670000000000000000e+02 9.610166106864442345e-27
8.760000000000000000e+02 4.367973262768888944e-27
8.850000000000000000e+02 7.088106248835556011e-27
8.935000000000000000e+02 4.058864825534999702e-27
9.020000000000000000e+02 3.465855921352222817e-27
9.115000000000000000e+02 4.384184958948900735e-26
9.210000000000000000e+02 1.393881553469677669e-25
9.300000000000000000e+02 4.616951428355332986e-26
9.390000000000000000e+02 2.146625663088555910e-25
9.485000000000000000e+02 4.657927532891999453e-27
9.580000000000000000e+02 3.534562699682222486e-27
9.675000000000000000e+02 4.324472531451000654e-27
9.775000000000000000e+02 4.116790350541999990e-26
9.870000000000000000e+02 3.254530329208889197e-27
9.965000000000000000e+02 3.509138395161000752e-27
1.006500000000000000e+03 1.486772294740499919e-26
1.016500000000000000e+03 1.122546901475900296e-26
1.027000000000000000e+03 3.589877741200909613e-27
1.037500000000000000e+03 3.616828806470000319e-27
1.047500000000000000e+03 3.317767398082999784e-27
1.058000000000000000e+03 4.010702094432727425e-27
1.069000000000000000e+03 8.440562957614545719e-27
1.079500000000000000e+03 3.429520036415999649e-27
1.090000000000000000e+03 5.535519842950909316e-27
1.101000000000000000e+03 5.198072569580000920e-27
1.112000000000000000e+03 8.672695981530000656e-27
1.123000000000000000e+03 7.870866354306361604e-27
1.134500000000000000e+03 1.590303989154949004e-24
1.146000000000000000e+03 1.118689773314181701e-26
1.157500000000000000e+03 1.870944718052300293e-25
1.169000000000000000e+03 6.734671710258908100e-26
1.180500000000000000e+03 8.611451055242259812e-25
1.192500000000000000e+03 1.667419188285939301e-24
1.204500000000000000e+03 2.467473151607083119e-26
1.216500000000000000e+03 1.986740802663024620e-25
1.228500000000000000e+03 4.523619947563199862e-25
1.240500000000000000e+03 1.399459553771020708e-22
1.253000000000000000e+03 1.927587277525692592e-26
1.266000000000000000e+03 1.808404644186630746e-24
1.278500000000000000e+03 2.257212165408452863e-23
1.291000000000000000e+03 4.111884047849537931e-25
1.304000000000000000e+03 2.630836453707230582e-25
1.317000000000000000e+03 1.183378668812519856e-23
1.330000000000000000e+03 3.809501058027461392e-25
1.343500000000000000e+03 9.300250641709816559e-23
1.357000000000000000e+03 7.402160088328216696e-24
1.370500000000000000e+03 6.251413396840072229e-24
1.384500000000000000e+03 7.561774947841928719e-24
1.398500000000000000e+03 6.460196390223923219e-22
1.412500000000000000e+03 2.195729382622271576e-23
1.426500000000000000e+03 2.970712719942517034e-21
1.440500000000000000e+03 2.576405978597671255e-23
1.455000000000000000e+03 1.355377162054638585e-22
1.469500000000000000e+03 1.197424957983215678e-22
1.484000000000000000e+03 1.564822157426579921e-23
1.499000000000000000e+03 1.863146743908866851e-23
1.514000000000000000e+03 3.821199968374593153e-22
1.529000000000000000e+03 3.484493664051000395e-23
1.544500000000000000e+03 2.310033394425899916e-22
1.560000000000000000e+03 7.704530081807801656e-23
1.575500000000000000e+03 5.440115095502770669e-23
1.591500000000000000e+03 1.010031336395481313e-23
1.607500000000000000e+03 4.684595906481061801e-24
1.623500000000000000e+03 1.366314075689668898e-23
1.639500000000000000e+03 4.669583471342843117e-22
1.656000000000000000e+03 4.818450525082646737e-23
1.672500000000000000e+03 1.375296045228499949e-23
1.689000000000000000e+03 4.358132351134947877e-22
1.706000000000000000e+03 1.207168100520123409e-22
1.723000000000000000e+03 8.554217449684698988e-23
1.740500000000000000e+03 7.487059118511330909e-23
1.758000000000000000e+03 1.805549288680318612e-20
1.775500000000000000e+03 9.981107932672777104e-24
1.793500000000000000e+03 4.575019641001373082e-23
1.811500000000000000e+03 1.607538187474210555e-22
1.829500000000000000e+03 1.165072004412588716e-23
1.847500000000000000e+03 4.955294250237284342e-24
1.866000000000000000e+03 3.513115963605720999e-24
1.884500000000000000e+03 8.038301707799554771e-25
1.903000000000000000e+03 1.325221332240008295e-23
1.922000000000000000e+03 2.034730323207313936e-21
1.941500000000000000e+03 4.562267585485150221e-25
1.961000000000000000e+03 3.241696616875947508e-21
1.980500000000000000e+03 2.449992815505776403e-23
2.000500000000000000e+03 2.030342368078006779e-23
2.020500000000000000e+03 2.254723135347203505e-23
2.040500000000000000e+03 4.473862771354895359e-25
2.061000000000000000e+03 2.836750848291329861e-24
2.082000000000000000e+03 7.698739354377032818e-25
2.102500000000000000e+03 3.231303262700611963e-24
2.123500000000000000e+03 1.048792965037688085e-24
2.145000000000000000e+03 4.200626505008184823e-24
2.166500000000000000e+03 1.260102692490673760e-24
2.188000000000000000e+03 9.549981016944762236e-27
2.209500000000000000e+03 4.586180205705000166e-27
2.231500000000000000e+03 1.574155537647382203e-25
2.254000000000000000e+03 8.541022663427163419e-25
2.277000000000000000e+03 4.479481045741607352e-26
2.299500000000000000e+03 6.576878810272516874e-25
2.322500000000000000e+03 2.109522666502499288e-27
2.346000000000000000e+03 1.181248542788261052e-26
2.369000000000000000e+03 1.324660554160908594e-26
2.392500000000000000e+03 3.169552550519537902e-26
2.416500000000000000e+03 9.514452274612084084e-28
2.441000000000000000e+03 7.378681125758279149e-26
2.465500000000000000e+03 1.802981878229291273e-27
2.490000000000000000e+03 2.579616888345600099e-27
2.515000000000000000e+03 5.323251599827304224e-26
2.540000000000000000e+03 2.647451385637639099e-25
2.565500000000000000e+03 7.259690476407953380e-26
2.591500000000000000e+03 2.194695752571050481e-24
2.617500000000000000e+03 7.205808123146831080e-26
2.643500000000000000e+03 2.788302917652344187e-24
2.669500000000000000e+03 9.763944449403114975e-25
2.696000000000000000e+03 4.382687309276814450e-27
2.723000000000000000e+03 4.473919341007321428e-25
2.750500000000000000e+03 1.111879950449122155e-24
2.778000000000000000e+03 1.334717576195781938e-26
2.805500000000000000e+03 5.900064586909835338e-25
2.834000000000000000e+03 2.390922753248444920e-24
2.862500000000000000e+03 3.738924090730346667e-26
2.891000000000000000e+03 1.685094678376424437e-24
2.920000000000000000e+03 1.018666959159854880e-24
2.949000000000000000e+03 9.357884060166141940e-24
2.978500000000000000e+03 1.523663689825159329e-22
3.008500000000000000e+03 2.256241098502521034e-24
3.038500000000000000e+03 9.299185950728978942e-23
3.068500000000000000e+03 4.904411097441057465e-23
3.099000000000000000e+03 4.934847374019481197e-24
3.130000000000000000e+03 6.809048324284350775e-22
3.161500000000000000e+03 3.775327590873219417e-24
3.193500000000000000e+03 5.869188425525224336e-24
3.225500000000000000e+03 1.436372058725665565e-23
3.257500000000000000e+03 9.233534375103248563e-25
3.290000000000000000e+03 1.013370765960717816e-24
3.323000000000000000e+03 1.428119964546804974e-22
3.356000000000000000e+03 2.505669772279207175e-24
3.389500000000000000e+03 2.167048855434241799e-23
3.423500000000000000e+03 5.396096688088079643e-24
3.458000000000000000e+03 2.286348093988598573e-23
3.492500000000000000e+03 6.789781508777273078e-23
3.527000000000000000e+03 1.260881899563104510e-21
3.562500000000000000e+03 1.200712773153463214e-21
3.598500000000000000e+03 2.468231436505953493e-20
3.634500000000000000e+03 6.170335859602286997e-21
3.670500000000000000e+03 6.210151838488239934e-22
3.707000000000000000e+03 6.102007889900042807e-22
3.744500000000000000e+03 1.417879270460925934e-21
3.782000000000000000e+03 2.498115312291647633e-21
3.819500000000000000e+03 1.557410313218446715e-20
3.858000000000000000e+03 1.802198179863592395e-22
3.896500000000000000e+03 1.006248509641170304e-20
3.935000000000000000e+03 2.685996094500426284e-22
3.974500000000000000e+03 5.367571493807923964e-22
4.014500000000000000e+03 1.055642637058010946e-21
4.054500000000000000e+03 6.523401282148347489e-23
4.095000000000000000e+03 3.007904076684496608e-24
4.136000000000000000e+03 2.606079978953877700e-25
4.177500000000000000e+03 3.019415327806286673e-25
4.219500000000000000e+03 3.067542476774339982e-25
4.261500000000000000e+03 6.113593727214062641e-25
4.304000000000000000e+03 3.852628760839119598e-26
4.347000000000000000e+03 3.201813309889673548e-25
4.390500000000000000e+03 8.648020096357316732e-27
4.434500000000000000e+03 1.144953333094045482e-27
4.479000000000000000e+03 2.127417432434244876e-26
4.524000000000000000e+03 1.620186286534653247e-26
4.569000000000000000e+03 1.165856825610519534e-24
4.614500000000000000e+03 1.219012246750469360e-26
4.660500000000000000e+03 5.981117807539393800e-27
4.707000000000000000e+03 1.716599981035255283e-26
4.754500000000000000e+03 2.875327581507257139e-26
4.802000000000000000e+03 1.173484398388924358e-24
4.850000000000000000e+03 4.111303585872236744e-24
4.898500000000000000e+03 8.788933047722425553e-25
4.947500000000000000e+03 4.105043336211648409e-24
4.997000000000000000e+03 2.797660649121545871e-25
5.047000000000000000e+03 3.669940621487787360e-23
5.097500000000000000e+03 1.046052990146510520e-22
5.148000000000000000e+03 1.497188051624524370e-22
5.199500000000000000e+03 7.991516719527686579e-22
5.251500000000000000e+03 5.117804060193040366e-23
5.304000000000000000e+03 4.518458829340757636e-22
5.357500000000000000e+03 1.353867619323749885e-21
5.411000000000000000e+03 8.128614553142270979e-24
5.465000000000000000e+03 5.463696758366096322e-21
5.520000000000000000e+03 1.889529736533531719e-21
5.575000000000000000e+03 1.553923218667840221e-23
5.630500000000000000e+03 5.567674080409714758e-23
5.687000000000000000e+03 1.876593978975854569e-25
5.744000000000000000e+03 5.605157294596934987e-24
5.801500000000000000e+03 1.696457798320493595e-24
5.859500000000000000e+03 2.510053593876031024e-26
5.918000000000000000e+03 7.051808966862746600e-26
5.977000000000000000e+03 2.000699564816600839e-26
6.036500000000000000e+03 5.142137494512050738e-27
6.097000000000000000e+03 7.815282042136578403e-27
6.158000000000000000e+03 5.483350116793540862e-27
6.219500000000000000e+03 1.065767406780661427e-26
6.282000000000000000e+03 4.610257267934091052e-26
6.345000000000000000e+03 4.882983294550726469e-26
6.408500000000000000e+03 5.498805786256626885e-26
6.472500000000000000e+03 3.444481176724136317e-25
6.537000000000000000e+03 2.169453920042055611e-25
6.602500000000000000e+03 6.358595274865108754e-24
6.668500000000000000e+03 4.969967930771948289e-23
6.735000000000000000e+03 4.786405416599329012e-23
6.802500000000000000e+03 1.596972129931329267e-22
6.870500000000000000e+03 1.450953034162103605e-23
6.939000000000000000e+03 4.429157367899043641e-23
7.008500000000000000e+03 1.549439530888387967e-22
7.078500000000000000e+03 8.291260164090579540e-22
7.149500000000000000e+03 5.529386888395667189e-22
7.221000000000000000e+03 1.446030737719700428e-21
7.293000000000000000e+03 3.388658617772987894e-21
7.366000000000000000e+03 1.864160575318799823e-21
7.439500000000000000e+03 8.812031834604100943e-23
7.514000000000000000e+03 5.607525603023562165e-24
7.589500000000000000e+03 1.154069602888503083e-23
7.665500000000000000e+03 5.667327029348060027e-25
7.742000000000000000e+03 2.986693562572161085e-25
7.819500000000000000e+03 2.951175836839138296e-25
7.897500000000000000e+03 2.694686431180871977e-26
7.976500000000000000e+03 3.973241804381564969e-26
8.056500000000000000e+03 5.305415108542262264e-27
8.137000000000000000e+03 6.415054442386285591e-26
8.218000000000000000e+03 9.645451829279842591e-24
8.300000000000000000e+03 2.843118141138716538e-24
8.383500000000000000e+03 2.045340161370708744e-24
8.467500000000000000e+03 6.549103561192783435e-25
8.552000000000000000e+03 5.238443386614028940e-24
8.637500000000000000e+03 1.339464323349718405e-22
8.724000000000000000e+03 1.640398619831187772e-22
8.811000000000000000e+03 3.029589182495550161e-22
8.899000000000000000e+03 1.018173856748043690e-22
8.988000000000000000e+03 1.821146587235605562e-23
9.078000000000000000e+03 3.248580619865803318e-24
9.169000000000000000e+03 1.868740385822287880e-24
9.260500000000000000e+03 4.819381817400826521e-26
9.353000000000000000e+03 1.369338128821633451e-25
9.446500000000000000e+03 1.136015333492189967e-26
9.541000000000000000e+03 1.748551327697277885e-27
9.636500000000000000e+03 2.206020898877587681e-26
9.733000000000000000e+03 9.827815832355393628e-27
9.830000000000000000e+03 3.846376016018391489e-26
9.928000000000000000e+03 2.020524273446089775e-26
9.989000000000000000e+03 2.340613498760705784e-25
