1.000000000000000000e+01 2.185819869630000186e-22
1.100000000000000000e+01 3.411138787859999910e-22
1.200000000000000000e+01 3.312417408429999812e-22
1.300000000000000000e+01 6.165347718400000268e-22
1.400000000000000000e+01 4.019062892680000218e-22
1.500000000000000000e+01 2.944207984569999912e-21
1.600000000000000000e+01 7.994723027549999988e-22
1.700000000000000000e+01 1.447770982650000029e-21
1.800000000000000000e+01 8.734208064799999531e-21
1.900000000000000000e+01 1.544160117719999881e-20
2.000000000000000000e+01 1.826797745869999866e-21
2.100000000000000000e+01 1.048177109739999983e-21
2.200000000000000000e+01 7.628441702170000018e-22
2.300000000000000000e+01 8.780386205320000800e-22
2.400000000000000000e+01 1.941557179979999933e-21
2.500000000000000000e+01 8.766838630790000179e-20
2.600000000000000000e+01 2.566024693679999937e-21
2.700000000000000000e+01 9.964726508630000299e-22
2.800000000000000000e+01 7.934686414910000023e-22
2.900000000000000000e+01 8.100508430789999540e-22
3.000000000000000000e+01 1.106085816150000050e-21
3.100000000000000000e+01 1.501278477649999911e-21
3.200000000000000000e+01 2.886338222429999915e-21
3.300000000000000000e+01 8.966442855940000480e-20
3.400000000000000000e+01 3.507098556559999833e-21
3.500000000000000000e+01 5.130894073449999674e-21
3.600000000000000000e+01 2.505460595619999870e-20
3.700000000000000000e+01 1.338588787410000053e-19
3.800000000000000000e+01 2.709566504789999884e-20
3.900000000000000000e+01 1.513621510889999974e-19
4.000000000000000000e+01 3.324166033800000214e-20
4.100000000000000000e+01 1.898035375850000079e-19
4.200000000000000000e+01 5.079481882550000043e-21
4.300000000000000000e+01 3.086234470510000112e-21
4.400000000000000000e+01 1.092066176450000005e-20
4.500000000000000000e+01 2.899716566790000116e-21
4.600000000000000000e+01 6.121814002549999723e-21
4.700000000000000000e+01 3.400725223770000054e-19
4.800000000000000000e+01 9.234947013200000730e-21
4.900000000000000000e+01 3.207587571350000119e-21
5.000000000000000000e+01 2.906381208400000074e-21
5.100000000000000000e+01 3.652594914090000245e-21
5.200000000000000000e+01 5.506931944050000020e-21
5.300000000000000000e+01 2.044472164900000128e-20
5.400000000000000000e+01 2.412470262559999873e-20
5.500000000000000000e+01 1.016362280960000028e-19
5.600000000000000000e+01 2.612772735019999882e-19
5.700000000000000000e+01 2.561135364769999837e-19
5.800000000000000000e+01 4.442493972880000293e-20
5.900000000000000000e+01 2.947093074399999728e-20
6.000000000000000000e+01 1.316203393720000025e-19
6.100000000000000000e+01 9.055135267759999741e-21
6.200000000000000000e+01 5.415664139769999995e-20
6.300000000000000000e+01 1.881650563909999958e-20
6.400000000000000000e+01 4.198499738989999855e-19
6.500000000000000000e+01 8.774405356559999295e-21
6.600000000000000000e+01 4.864816761499999934e-21
6.700000000000000000e+01 8.201034982469999413e-21
6.800000000000000000e+01 1.861244067029999973e-19
6.900000000000000000e+01 4.891839959809999915e-20
7.000000000000000000e+01 9.955147651699999435e-21
7.100000000000000000e+01 1.449010081579999966e-20
7.200000000000000000e+01 2.825422828540000208e-19
7.300000000000000000e+01 1.336188774299999890e-19
7.400000000000000000e+01 3.665753242499999869e-19
7.500000000000000000e+01 5.931007900480000466e-20
7.600000000000000000e+01 5.541236782690000517e-20
7.700000000000000000e+01 1.388974273460000100e-20
7.800000000000000000e+01 5.164182356859999851e-20
7.900000000000000000e+01 2.103556234180000010e-19
8.000000000000000000e+01 2.168587652830000116e-19
8.100000000000000000e+01 4.000785666329999788e-20
8.200000000000000000e+01 3.001550202460000222e-19
8.300000000000000000e+01 1.906147306179999860e-20
8.400000000000000000e+01 9.206002254729999652e-21
8.500000000000000000e+01 1.110189863289999963e-20
8.600000000000000000e+01 1.901181777780000071e-20
8.700000000000000000e+01 5.224756101269999812e-20
8.800000000000000000e+01 3.017301334830000177e-18
8.900000000000000000e+01 1.229552963550000015e-19
9.000000000000000000e+01 4.129826490530000036e-20
9.100000000000000000e+01 3.382299930350000112e-20
9.200000000000000000e+01 1.935580511169999887e-19
9.300000000000000000e+01 2.382537942319999837e-19
9.400000000000000000e+01 3.179762049539999867e-20
9.500000000000000000e+01 2.092141719319999995e-20
9.600000000000000000e+01 4.172572989419999892e-19
9.700000000000000000e+01 2.494358602330000084e-20
9.800000000000000000e+01 4.296816455599999728e-20
9.900000000000000000e+01 1.921455828519999913e-18
1.000000000000000000e+02 2.534061248989999780e-19
1.010000000000000000e+02 2.152386837390000025e-19
1.020000000000000000e+02 5.131264013979999742e-20
1.030000000000000000e+02 2.376118510169999892e-20
1.040000000000000000e+02 8.831087534679999588e-20
1.050000000000000000e+02 1.324399486870000011e-19
1.060000000000000000e+02 1.413347768899999990e-19
1.070000000000000000e+02 7.155528885920000051e-20
1.080000000000000000e+02 4.879388481589999713e-20
1.090000000000000000e+02 1.079101158970000005e-20
1.100000000000000000e+02 2.234308541300000051e-20
1.110000000000000000e+02 7.216981326209999604e-19
1.120000000000000000e+02 2.759723957220000066e-20
1.130000000000000000e+02 8.466894779690000355e-21
1.140000000000000000e+02 5.544474194129999645e-21
1.150000000000000000e+02 5.159372260049999789e-21
1.160000000000000000e+02 6.905191605129999917e-21
1.170000000000000000e+02 2.010812352180000142e-20
1.180000000000000000e+02 4.184602923389999910e-19
1.190000000000000000e+02 2.112622175260000088e-20
1.200000000000000000e+02 1.074425141649999964e-18
1.210000000000000000e+02 6.912476242389999675e-20
1.220000000000000000e+02 2.448098520870000163e-18
1.230000000000000000e+02 9.188534895509999781e-20
1.240000000000000000e+02 2.425151234230000025e-20
1.250000000000000000e+02 2.205977543409999886e-20
1.260000000000000000e+02 6.638241259929999493e-20
1.270000000000000000e+02 4.662845536290000270e-18
1.280000000000000000e+02 5.931651560000000555e-20
1.290000000000000000e+02 2.529698155919999987e-20
1.300000000000000000e+02 1.726425110780000031e-20
1.310000000000000000e+02 4.678183701520000078e-20
1.320000000000000000e+02 2.991141653330000109e-19
1.330000000000000000e+02 3.807048582360000098e-19
1.340000000000000000e+02 4.065070229409999939e-20
1.350000000000000000e+02 1.623105593279999987e-20
1.360000000000000000e+02 1.490051895140000129e-20
1.370000000000000000e+02 1.337457998390000045e-20
1.380000000000000000e+02 3.331577595029999849e-20
1.390000000000000000e+02 5.210239977379999737e-18
1.400000000000000000e+02 2.126908567490000017e-19
1.410000000000000000e+02 1.643140083850000095e-19
1.420000000000000000e+02 1.995136131809999970e-20
1.430000000000000000e+02 9.659712906290000319e-21
1.440000000000000000e+02 8.101926522499999913e-21
1.450000000000000000e+02 1.478613387539999925e-20
1.460000000000000000e+02 1.148602166379999940e-20
1.470000000000000000e+02 1.919250708019999876e-20
1.480000000000000000e+02 4.955947486060000228e-20
1.490000000000000000e+02 2.476587207059999869e-18
1.500000000000000000e+02 3.834123290049999956e-19
1.510000000000000000e+02 5.152839720189999574e-19
1.520000000000000000e+02 8.757245371830000244e-20
1.530000000000000000e+02 1.521966962429999899e-19
1.540000000000000000e+02 1.072018194479999997e-19
1.550000000000000000e+02 2.190118604579999945e-20
1.560000000000000000e+02 2.182806641259999959e-20
1.570000000000000000e+02 3.865415712840000072e-20
1.580000000000000000e+02 1.331042019120000005e-18
1.590000000000000000e+02 6.022343166739999977e-20
1.600000000000000000e+02 1.608740784049999957e-20
1.610000000000000000e+02 6.535749402429999643e-21
1.620000000000000000e+02 1.285827447230000017e-20
1.630000000000000000e+02 5.134773388859999795e-21
1.640000000000000000e+02 5.523915616000000024e-21
1.650000000000000000e+02 7.238590898019999275e-21
1.660000000000000000e+02 3.000732270849999973e-20
1.670000000000000000e+02 6.516246390599999646e-20
1.680000000000000000e+02 1.932607015169999995e-20
1.690000000000000000e+02 4.400968194300000286e-20
1.700000000000000000e+02 5.311332200200000159e-19
1.710000000000000000e+02 1.804953523009999959e-19
1.720000000000000000e+02 3.598128987359999926e-20
1.730000000000000000e+02 8.033707295210000468e-20
1.740000000000000000e+02 5.603885690079999535e-20
1.750000000000000000e+02 2.118441953890000101e-20
1.760000000000000000e+02 2.849146423389999820e-18
1.770000000000000000e+02 9.422480584020000442e-20
1.780000000000000000e+02 1.184759229320000107e-19
1.790000000000000000e+02 4.209950275450000287e-20
1.800000000000000000e+02 1.150867768150000047e-20
1.810000000000000000e+02 5.373769575040000089e-20
1.820000000000000000e+02 2.387907571860000017e-20
1.830000000000000000e+02 1.117007088939999948e-20
1.840000000000000000e+02 8.157203859409999270e-21
1.850000000000000000e+02 4.868214193909999922e-21
1.860000000000000000e+02 6.901162725559999837e-21
1.870000000000000000e+02 1.391490198109999975e-20
1.880000000000000000e+02 3.510842081189999856e-19
1.890000000000000000e+02 2.615459485990000033e-20
1.900000000000000000e+02 7.183963979140000465e-21
1.910000000000000000e+02 4.748233006550000134e-21
1.920000000000000000e+02 5.137082423830000259e-21
1.930000000000000000e+02 1.615533612449999915e-20
1.940000000000000000e+02 3.542511795769999760e-20
1.950000000000000000e+02 1.395462255029999971e-20
1.960000000000000000e+02 3.224878195630000041e-20
1.970000000000000000e+02 1.143292948610000060e-20
1.980000000000000000e+02 2.055763959849999877e-20
1.990000000000000000e+02 1.191843695880000003e-20
2.000000000000000000e+02 2.242804142809999897e-20
2.010000000000000000e+02 4.873534208799999915e-20
2.020000000000000000e+02 3.073402369250000228e-19
2.030000000000000000e+02 2.646417837769999980e-18
2.040000000000000000e+02 8.021166661379999425e-20
2.050000000000000000e+02 2.913213478930000191e-20
2.060000000000000000e+02 2.067100360120000118e-20
2.070000000000000000e+02 3.486720983089999813e-20
2.080000000000000000e+02 2.316890984360000009e-19
2.090000000000000000e+02 1.577574180049999944e-19
2.100000000000000000e+02 2.423264159610000011e-20
2.110000000000000000e+02 3.070724996650000295e-20
2.120000000000000000e+02 1.234531183379999966e-20
2.130000000000000000e+02 1.861414298239999957e-20
2.140000000000000000e+02 2.782997422939999897e-19
2.150000000000000000e+02 4.294190393379999944e-20
2.160000000000000000e+02 5.899591111359999827e-21
2.170000000000000000e+02 5.628767785849999962e-21
2.180000000000000000e+02 4.293843551850000000e-21
2.190000000000000000e+02 5.409192399810000259e-21
2.200000000000000000e+02 9.703588695450000065e-21
2.210000000000000000e+02 4.415967871269999789e-20
2.220000000000000000e+02 1.635043464729999906e-19
2.230000000000000000e+02 2.603522093509999978e-20
2.240000000000000000e+02 6.878687017090000257e-20
2.250000000000000000e+02 2.435443838839999961e-20
2.260000000000000000e+02 2.360957783039999877e-19
2.270000000000000000e+02 1.475583297119999920e-19
2.280000000000000000e+02 1.347984684629999934e-18
2.290000000000000000e+02 4.126125039970000152e-20
2.300000000000000000e+02 1.416868394220000089e-20
2.310000000000000000e+02 1.876428405550000141e-20
2.320000000000000000e+02 1.494053265460000093e-20
2.330000000000000000e+02 9.914411952179999555e-21
2.340000000000000000e+02 4.189037498050000050e-21
2.350000000000000000e+02 2.520456051909999863e-21
2.360000000000000000e+02 2.144384549439999967e-21
2.370000000000000000e+02 1.936801051199999826e-21
2.380000000000000000e+02 1.899230721159999839e-21
2.390000000000000000e+02 1.925909548389999885e-21
2.400000000000000000e+02 2.094673829400000158e-21
2.410000000000000000e+02 2.509913325740000075e-21
2.420000000000000000e+02 3.288916152509999992e-21
2.430000000000000000e+02 5.711334645990000219e-21
2.440000000000000000e+02 2.418682702169999930e-20
2.450000000000000000e+02 7.925075773240000585e-20
2.460000000000000000e+02 9.320106436649999476e-20
2.470000000000000000e+02 4.385278302280000244e-20
2.480000000000000000e+02 1.837303400840000158e-18
2.490000000000000000e+02 3.486403965890000224e-20
2.500000000000000000e+02 2.047217323540000094e-20
2.510000000000000000e+02 2.781344495770000208e-20
2.520000000000000000e+02 1.787729390539999893e-20
2.530000000000000000e+02 6.635033179299999576e-20
2.540000000000000000e+02 8.134967434020000453e-18
2.550000000000000000e+02 5.109413875709999884e-20
2.560000000000000000e+02 2.395141596579999914e-20
2.570000000000000000e+02 1.173798179719999937e-20
2.580000000000000000e+02 4.379634390690000062e-21
2.590000000000000000e+02 3.189022119370000118e-21
2.600000000000000000e+02 2.337824616440000085e-21
2.610000000000000000e+02 1.956105885030000020e-21
2.620000000000000000e+02 1.800253328029999916e-21
2.630000000000000000e+02 2.846141765539999894e-21
2.640000000000000000e+02 2.276393786589999847e-21
2.650000000000000000e+02 4.885156234370000107e-21
2.660000000000000000e+02 9.768815132449999553e-20
2.670000000000000000e+02 9.169650786400000211e-21
2.680000000000000000e+02 2.823170573879999875e-21
2.690000000000000000e+02 1.680673233289999961e-21
2.700000000000000000e+02 1.500856751550000053e-21
2.710000000000000000e+02 1.588934146149999924e-21
2.720000000000000000e+02 3.851515834199999743e-21
2.730000000000000000e+02 4.782399998780000364e-21
2.740000000000000000e+02 3.094520418690000059e-21
2.750000000000000000e+02 6.514407772630000120e-21
2.760000000000000000e+02 9.902295014590000314e-20
2.770000000000000000e+02 2.319748694810000017e-20
2.780000000000000000e+02 3.200806503989999766e-19
2.790000000000000000e+02 7.158112847259999821e-20
2.800000000000000000e+02 5.322510031159999901e-20
2.810000000000000000e+02 2.896185555080000243e-20
2.820000000000000000e+02 2.989618945119999760e-19
2.830000000000000000e+02 2.811599985570000083e-20
2.840000000000000000e+02 6.985210380439999307e-21
2.850000000000000000e+02 3.932679220959999911e-21
2.860000000000000000e+02 3.765051197529999775e-21
2.870000000000000000e+02 3.752992931630000222e-21
2.880000000000000000e+02 6.132664937760000268e-21
2.890000000000000000e+02 4.947275019830000277e-20
2.900000000000000000e+02 3.297286506659999952e-20
2.910000000000000000e+02 1.165185540669999938e-20
2.920000000000000000e+02 2.643812147210000178e-21
2.930000000000000000e+02 1.676182495919999979e-21
2.940000000000000000e+02 1.356051450659999974e-21
2.950000000000000000e+02 1.345124402459999916e-21
2.960000000000000000e+02 1.455994458299999985e-21
2.970000000000000000e+02 1.591895544819999950e-21
2.980000000000000000e+02 4.220295730309999898e-21
2.990000000000000000e+02 3.938165114759999989e-21
3.000000000000000000e+02 4.906854632089999664e-21
3.010000000000000000e+02 1.146068344930000037e-20
3.020000000000000000e+02 1.672174512670000035e-19
3.030000000000000000e+02 4.826828105660000184e-18
3.040000000000000000e+02 2.711584209509999760e-20
3.050000000000000000e+02 8.824414186200000427e-21
3.060000000000000000e+02 4.475198047269999770e-21
3.070000000000000000e+02 2.024068650329999925e-21
3.080000000000000000e+02 1.468268980759999996e-21
3.090000000000000000e+02 1.536643287999999987e-21
3.100000000000000000e+02 1.279206590530000041e-21
3.110000000000000000e+02 9.291357698570000297e-22
3.120000000000000000e+02 1.226286553630000073e-21
3.130000000000000000e+02 1.149822459899999962e-21
3.140000000000000000e+02 2.862547317459999910e-21
3.150000000000000000e+02 1.233618142039999947e-19
3.160000000000000000e+02 2.849366536770000076e-21
3.170000000000000000e+02 1.147359606449999936e-21
3.180000000000000000e+02 8.978802210589999743e-22
3.190000000000000000e+02 9.286377122999999480e-22
3.200000000000000000e+02 1.182033597189999987e-21
3.210000000000000000e+02 1.898900642219999846e-21
3.220000000000000000e+02 3.621098780539999904e-21
3.230000000000000000e+02 1.777011706560000119e-20
3.240000000000000000e+02 4.053643499299999858e-19
3.250000000000000000e+02 7.854491099240000029e-21
3.260000000000000000e+02 5.619168156249999626e-21
3.270000000000000000e+02 2.272119291499999970e-20
3.280000000000000000e+02 8.049842015509999869e-20
3.290000000000000000e+02 6.060632567199999650e-21
3.300000000000000000e+02 2.223994052809999888e-21
3.310000000000000000e+02 1.449772629250000073e-21
3.320000000000000000e+02 1.257276745539999912e-21
3.330000000000000000e+02 1.618982535610000006e-21
3.340000000000000000e+02 4.611011002040000124e-21
3.350000000000000000e+02 1.198202264369999899e-19
3.360000000000000000e+02 6.555518106400000087e-21
3.370000000000000000e+02 1.690585038059999985e-21
3.380000000000000000e+02 1.032087653150000064e-21
3.390000000000000000e+02 1.099283363090000064e-21
3.400000000000000000e+02 4.186708710229999992e-21
3.410000000000000000e+02 6.153325486840000051e-21
3.420000000000000000e+02 1.293080804690000041e-21
3.430000000000000000e+02 1.052843335059999962e-20
3.440000000000000000e+02 1.284231761889999996e-21
3.450000000000000000e+02 7.751442112509999684e-22
3.460000000000000000e+02 3.235936773759999963e-21
3.470000000000000000e+02 9.174503253689999412e-22
3.480000000000000000e+02 1.664047289920000044e-21
3.490000000000000000e+02 6.184535600149999730e-21
3.500000000000000000e+02 5.351042468820000010e-20
3.510000000000000000e+02 7.109944964029999490e-21
3.520000000000000000e+02 2.362326862399999805e-19
3.530000000000000000e+02 4.706133355219999884e-21
3.540000000000000000e+02 7.684684658830000216e-20
3.550000000000000000e+02 1.055070192300000015e-20
3.560000000000000000e+02 2.904187329929999907e-21
3.570000000000000000e+02 2.751429823899999833e-20
3.580000000000000000e+02 6.164647109610000076e-21
3.590000000000000000e+02 2.602448530760000161e-21
3.600000000000000000e+02 7.570029121209999970e-22
3.610000000000000000e+02 4.830884850449999777e-22
3.620000000000000000e+02 3.901389909420000129e-22
3.630000000000000000e+02 5.290375441799999738e-22
3.640000000000000000e+02 2.731074495279999936e-22
3.650000000000000000e+02 2.548267592079999935e-22
3.660000000000000000e+02 2.615618439420000193e-22
3.670000000000000000e+02 3.070130366739999855e-22
3.680000000000000000e+02 5.857146094529999581e-22
3.690000000000000000e+02 1.511305897990000024e-21
3.700000000000000000e+02 1.294702983730000087e-19
3.710000000000000000e+02 1.244230052959999975e-21
3.720000000000000000e+02 6.574664089769999764e-22
3.735000000000000000e+02 3.576168133773000220e-21
3.760000000000000000e+02 8.905434546229999519e-21
3.795000000000000000e+02 4.323746210520000347e-22
3.835000000000000000e+02 6.781380629318249277e-21
3.875000000000000000e+02 8.346827630674999442e-22
3.915000000000000000e+02 3.207494821347499646e-22
3.955000000000000000e+02 6.832883009607500531e-21
3.995000000000000000e+02 3.309555725146575159e-20
4.035000000000000000e+02 1.800336632784999819e-22
4.075000000000000000e+02 1.064202675491999909e-22
4.115000000000000000e+02 1.121148044111750072e-22
4.155000000000000000e+02 5.780388893915000267e-22
4.195000000000000000e+02 2.034251534800249886e-20
4.235000000000000000e+02 7.486559009218749565e-21
4.280000000000000000e+02 2.633221970446000145e-22
4.325000000000000000e+02 1.132117424886674963e-21
4.365000000000000000e+02 2.383406948054999910e-22
4.410000000000000000e+02 3.698731292881099829e-21
4.455000000000000000e+02 1.108643663310750156e-21
4.495000000000000000e+02 8.049984838292500094e-23
4.540000000000000000e+02 1.048043575818199993e-21
4.590000000000000000e+02 9.902246386109800248e-21
4.635000000000000000e+02 8.240685096095000496e-23
4.680000000000000000e+02 4.882287077127999871e-22
4.725000000000000000e+02 2.654341585354250049e-21
4.770000000000000000e+02 7.139473179874000699e-23
4.820000000000000000e+02 7.106265914182680968e-21
4.870000000000000000e+02 1.415365052336400069e-22
4.920000000000000000e+02 1.241244007910819976e-21
4.970000000000000000e+02 3.564673501345999995e-23
5.020000000000000000e+02 6.093637524079599064e-22
5.070000000000000000e+02 3.193539485784180438e-21
5.120000000000000000e+02 8.153917433285999333e-23
5.170000000000000000e+02 6.911088749090000352e-22
5.220000000000000000e+02 1.834959761571999933e-22
5.270000000000000000e+02 7.089723982977480933e-21
5.325000000000000000e+02 2.869772045968333080e-23
5.380000000000000000e+02 1.381058615564599902e-22
5.430000000000000000e+02 2.498563045770200116e-22
5.485000000000000000e+02 1.230453732248883371e-21
5.540000000000000000e+02 5.896815120723998209e-23
5.595000000000000000e+02 2.750376980551666464e-23
5.655000000000000000e+02 2.438313895624500235e-22
5.710000000000000000e+02 2.005641443249399915e-22
5.765000000000000000e+02 5.579555451717166371e-22
5.825000000000000000e+02 2.113769034112333149e-22
5.885000000000000000e+02 4.653654334724999906e-23
5.945000000000000000e+02 7.378641323868000955e-22
6.005000000000000000e+02 1.830855057356999912e-22
6.065000000000000000e+02 1.654138607091666727e-23
6.125000000000000000e+02 1.069093220748333377e-22
6.185000000000000000e+02 4.606574758611999894e-22
6.245000000000000000e+02 7.823348653598333426e-23
6.305000000000000000e+02 9.043614327329998985e-23
6.370000000000000000e+02 2.759390647398142451e-22
6.435000000000000000e+02 2.824387927636666079e-23
6.500000000000000000e+02 1.029274796125857138e-23
6.565000000000000000e+02 2.794527066844500361e-23
6.630000000000000000e+02 6.249437007735857475e-23
6.695000000000000000e+02 1.594257646658666563e-22
6.760000000000000000e+02 1.869115182218285552e-23
6.830000000000000000e+02 8.021831230787144498e-24
6.900000000000000000e+02 2.181506991781585717e-22
6.970000000000000000e+02 1.067057898249985657e-22
7.040000000000000000e+02 2.325457952055142719e-23
7.110000000000000000e+02 1.248369210790714401e-23
7.180000000000000000e+02 6.394994216710000195e-24
7.250000000000000000e+02 6.146125292594284967e-24
7.320000000000000000e+02 2.929053336247000002e-23
7.395000000000000000e+02 7.755783618405000016e-24
7.470000000000000000e+02 1.106819320456142784e-23
7.545000000000000000e+02 1.274099975097874824e-23
7.620000000000000000e+02 5.242348388584285264e-24
7.695000000000000000e+02 1.167666022957875069e-23
7.775000000000000000e+02 2.374492116398375104e-23
7.855000000000000000e+02 6.997159145867499956e-24
7.930000000000000000e+02 2.421343742142714250e-23
8.005000000000000000e+02 1.442622947965875020e-23
8.085000000000000000e+02 6.717737289203750108e-24
8.170000000000000000e+02 5.136360063076666911e-24
8.255000000000000000e+02 5.245857123165000127e-24
8.335000000000000000e+02 4.241371237285000363e-24
8.415000000000000000e+02 6.423637352567499888e-24
8.500000000000000000e+02 5.194661678491110837e-24
8.585000000000000000e+02 4.197933908766250016e-24
8.670000000000000000e+02 4.743393247579999373e-24
8.760000000000000000e+02 4.058709495786666222e-24
8.850000000000000000e+02 5.144357388278888690e-24
8.935000000000000000e+02 3.859813129487500029e-24
9.020000000000000000e+02 3.712145321504444610e-24
9.115000000000000000e+02 6.881234462915999317e-24
9.210000000000000000e+02 6.055429991926666155e-24
9.300000000000000000e+02 3.633335026682222414e-24
9.390000000000000000e+02 3.668015527295555381e-24
9.485000000000000000e+02 3.798119903277000232e-24
9.580000000000000000e+02 3.563574719297778638e-24
9.675000000000000000e+02 3.534830156280000849e-24
9.775000000000000000e+02 4.511225515555000594e-24
9.870000000000000000e+02 3.388803002016666272e-24
9.965000000000000000e+02 3.387194934866999988e-24
1.006500000000000000e+03 4.184668633610000815e-24
1.016500000000000000e+03 3.635780245191000075e-24
1.027000000000000000e+03 3.472058448298182097e-24
1.037500000000000000e+03 3.367385605178999563e-24
1.047500000000000000e+03 3.432701602795999897e-24
1.058000000000000000e+03 3.557444581845454645e-24
1.069000000000000000e+03 4.813858445640909584e-24
1.079500000000000000e+03 3.445592840507000512e-24
1.090000000000000000e+03 3.789302678355454845e-24
1.101000000000000000e+03 3.937997784484545171e-24
1.112000000000000000e+03 4.540810308580909190e-24
1.123000000000000000e+03 4.861395064864545607e-24
1.134500000000000000e+03 7.221402174722499364e-24
1.146000000000000000e+03 4.300377530513635769e-24
1.157500000000000000e+03 4.243730612557499528e-24
1.169000000000000000e+03 1.313202263992818026e-23
1.180500000000000000e+03 7.533957247352498686e-24
1.192500000000000000e+03 5.833264526392750925e-23
1.204500000000000000e+03 6.813839410744999354e-24
1.216500000000000000e+03 2.038685618710499970e-23
1.228500000000000000e+03 4.659878975065333879e-23
1.240500000000000000e+03 4.179386029798166654e-23
1.253000000000000000e+03 1.159375136154538474e-23
1.266000000000000000e+03 2.129878425250230674e-22
1.278500000000000000e+03 3.916806471623665819e-23
1.291000000000000000e+03 4.558965933807691692e-23
1.304000000000000000e+03 4.868126450275384846e-23
1.317000000000000000e+03 1.381164167134438304e-21
1.330000000000000000e+03 7.715887206355383963e-23
1.343500000000000000e+03 4.695894451446356581e-22
1.357000000000000000e+03 2.514363454410284757e-21
1.370500000000000000e+03 2.639193127272214819e-21
1.384500000000000000e+03 1.364380861341550029e-21
1.398500000000000000e+03 8.422959083985928026e-21
1.412500000000000000e+03 4.989620055071714781e-21
1.426500000000000000e+03 8.313951523324142359e-21
1.440500000000000000e+03 9.279386935673290498e-21
1.455000000000000000e+03 3.144939374177606277e-20
1.469500000000000000e+03 3.704772002235407666e-20
1.484000000000000000e+03 8.485769799036399764e-21
1.499000000000000000e+03 1.623942082539400084e-20
1.514000000000000000e+03 5.316051945636133286e-20
1.529000000000000000e+03 2.030264358495733367e-20
1.544500000000000000e+03 7.227449098469310889e-20
1.560000000000000000e+03 2.761088466051666807e-20
1.575500000000000000e+03 2.906726115192187879e-20
1.591500000000000000e+03 5.533805250520623380e-22
1.607500000000000000e+03 1.802457467310937522e-21
1.623500000000000000e+03 1.587115402862125491e-20
1.639500000000000000e+03 5.529308696306562696e-20
1.656000000000000000e+03 2.638646727369470051e-20
1.672500000000000000e+03 1.384539803972374755e-20
1.689000000000000000e+03 7.404417882579176099e-20
1.706000000000000000e+03 4.546924658672764910e-20
1.723000000000000000e+03 1.260271782935323803e-20
1.740500000000000000e+03 1.766127155738388704e-20
1.758000000000000000e+03 1.533379072823911767e-20
1.775500000000000000e+03 8.528015703097394597e-21
1.793500000000000000e+03 1.191515657024355440e-20
1.811500000000000000e+03 7.024059514557889442e-22
1.829500000000000000e+03 6.644937121698331654e-21
1.847500000000000000e+03 4.079742245581732992e-21
1.866000000000000000e+03 2.151971907088899818e-21
1.884500000000000000e+03 4.040111417713832867e-22
1.903000000000000000e+03 1.799596418149936879e-21
1.922000000000000000e+03 7.995697941587078724e-21
1.941500000000000000e+03 3.164944684431199898e-22
1.961000000000000000e+03 3.313086665690526487e-22
1.980500000000000000e+03 4.197279707391200153e-23
2.000500000000000000e+03 4.648551734970595061e-22
2.020500000000000000e+03 1.854256550789619881e-22
2.040500000000000000e+03 7.464920888627700523e-23
2.061000000000000000e+03 6.457984150060095679e-23
2.082000000000000000e+03 3.628674977071047643e-23
2.102500000000000000e+03 4.490594737411499697e-24
2.123500000000000000e+03 4.053405732210818568e-23
2.145000000000000000e+03 7.206660162340476566e-24
2.166500000000000000e+03 2.912858590941363561e-24
2.188000000000000000e+03 2.958645907839523658e-24
2.209500000000000000e+03 2.124311670339090682e-24
2.231500000000000000e+03 1.798576075984090922e-24
2.254000000000000000e+03 2.061934020469999984e-24
2.277000000000000000e+03 1.601977590092608655e-24
2.299500000000000000e+03 1.629205361451363910e-24
2.322500000000000000e+03 1.275646969693333528e-24
2.346000000000000000e+03 1.192961920722173807e-24
2.369000000000000000e+03 1.129069647576086917e-24
2.392500000000000000e+03 1.084097798553333503e-24
2.416500000000000000e+03 1.041536809285416743e-24
2.441000000000000000e+03 1.009602296508560041e-24
2.465500000000000000e+03 9.742717919768334260e-25
2.490000000000000000e+03 9.490401293898001064e-25
2.515000000000000000e+03 9.493597558433997655e-25
2.540000000000000000e+03 9.909522288520400863e-25
2.565500000000000000e+03 9.916487087516920782e-25
2.591500000000000000e+03 1.374833738400499732e-24
2.617500000000000000e+03 2.448865206960231048e-24
2.643500000000000000e+03 2.281479733383307497e-24
2.669500000000000000e+03 2.331772022893384243e-24
2.696000000000000000e+03 1.883511039617258957e-24
2.723000000000000000e+03 5.534427113990368950e-24
2.750500000000000000e+03 2.155637793543035426e-24
2.778000000000000000e+03 3.613312573045000137e-24
2.805500000000000000e+03 4.299438359851250985e-24
2.834000000000000000e+03 3.373980399975517464e-24
2.862500000000000000e+03 1.530033189768214503e-24
2.891000000000000000e+03 2.124587567980931135e-24
2.920000000000000000e+03 2.924999039435965450e-24
2.949000000000000000e+03 1.036048630411172456e-23
2.978500000000000000e+03 5.724026916933367762e-23
3.008500000000000000e+03 3.878328055185632864e-23
3.038500000000000000e+03 1.707975836290959837e-22
3.068500000000000000e+03 2.759789037893307125e-22
3.099000000000000000e+03 3.243975413360094561e-22
3.130000000000000000e+03 3.972548221412860474e-22
3.161500000000000000e+03 2.024805847995781578e-23
3.193500000000000000e+03 2.340813737498768988e-22
3.225500000000000000e+03 3.244988311826749700e-22
3.257500000000000000e+03 2.873142966790474858e-22
3.290000000000000000e+03 1.639397480900536477e-22
3.323000000000000000e+03 1.744573680534451777e-22
3.356000000000000000e+03 1.134248723532420964e-22
3.389500000000000000e+03 1.755734700608652940e-22
3.423500000000000000e+03 1.805543881856447630e-22
3.458000000000000000e+03 5.150840852258884494e-22
3.492500000000000000e+03 7.658373394871675992e-22
3.527000000000000000e+03 1.919612975887119956e-21
3.562500000000000000e+03 3.237258709128722311e-21
3.598500000000000000e+03 7.729965362159500327e-21
3.634500000000000000e+03 1.029998349607647517e-20
3.670500000000000000e+03 3.291726718939431492e-20
3.707000000000000000e+03 1.282834627667775639e-20
3.744500000000000000e+03 3.184501131190105663e-20
3.782000000000000000e+03 7.669668061288353921e-21
3.819500000000000000e+03 5.535378784620183785e-20
3.858000000000000000e+03 4.587335775341633950e-20
3.896500000000000000e+03 1.037561941005623767e-20
3.935000000000000000e+03 2.889889532818307694e-21
3.974500000000000000e+03 4.630851309574026503e-22
4.014500000000000000e+03 2.045872730412624647e-22
4.054500000000000000e+03 9.583948536676651533e-23
4.095000000000000000e+03 1.070931231849656050e-22
4.136000000000000000e+03 2.062838832746195185e-23
4.177500000000000000e+03 7.824863275877617584e-24
4.219500000000000000e+03 5.774576034577857965e-24
4.261500000000000000e+03 2.909917421505715039e-24
4.304000000000000000e+03 1.264812550796279281e-24
4.347000000000000000e+03 1.193877197192883831e-24
4.390500000000000000e+03 8.682091441644091610e-25
4.434500000000000000e+03 7.769376060933638524e-25
4.479000000000000000e+03 9.066525807967555402e-25
4.524000000000000000e+03 9.287033600708445675e-25
4.569000000000000000e+03 2.467505078237065595e-24
4.614500000000000000e+03 1.449636672888303827e-24
4.660500000000000000e+03 9.419533667254350944e-25
4.707000000000000000e+03 1.029555374175212309e-24
4.754500000000000000e+03 1.210758346924562294e-24
4.802000000000000000e+03 1.044950039470574391e-24
4.850000000000000000e+03 1.321070897899897889e-24
4.898500000000000000e+03 9.512584844704584191e-25
4.947500000000000000e+03 2.494061785230579864e-24
4.997000000000000000e+03 5.659402554049959226e-24
5.047000000000000000e+03 1.691301739155411818e-23
5.097500000000000000e+03 3.491527398934260149e-23
5.148000000000000000e+03 2.436679721736586494e-22
5.199500000000000000e+03 8.415628699230770003e-22
5.251500000000000000e+03 3.076176436685856731e-21
5.304000000000000000e+03 9.693596194841263843e-22
5.357500000000000000e+03 4.253281441667760605e-21
5.411000000000000000e+03 4.016965674870282040e-21
5.465000000000000000e+03 2.153912178503845115e-21
5.520000000000000000e+03 4.688623723693756591e-22
5.575000000000000000e+03 6.508525187909490479e-23
5.630500000000000000e+03 2.520470952150651421e-23
5.687000000000000000e+03 8.647949411588598913e-24
5.744000000000000000e+03 6.632711837058175833e-24
5.801500000000000000e+03 2.645828176711844552e-24
5.859500000000000000e+03 7.299528661428619557e-25
5.918000000000000000e+03 3.587576609091695090e-25
5.977000000000000000e+03 2.754959685900169460e-25
6.036500000000000000e+03 2.792105130219666666e-25
6.097000000000000000e+03 2.096337625691311585e-25
6.158000000000000000e+03 1.790471608076229809e-25
6.219500000000000000e+03 1.890269030004354981e-25
6.282000000000000000e+03 2.300245035061271080e-25
6.345000000000000000e+03 2.023737550629206439e-25
6.408500000000000000e+03 2.401379402817813071e-25
6.472500000000000000e+03 3.114764631444062554e-25
6.537000000000000000e+03 7.155842985839383441e-25
6.602500000000000000e+03 4.187444918439334176e-24
6.668500000000000000e+03 1.146089860565452912e-23
6.735000000000000000e+03 7.851048140871449649e-23
6.802500000000000000e+03 1.253712106125948294e-22
6.870500000000000000e+03 8.634482679496174622e-23
6.939000000000000000e+03 1.956429245009795239e-22
7.008500000000000000e+03 2.345111105304721967e-22
7.078500000000000000e+03 4.659612326569485601e-22
7.149500000000000000e+03 1.647599678545790867e-21
7.221000000000000000e+03 2.749767890229986494e-21
7.293000000000000000e+03 2.385530009410733281e-21
7.366000000000000000e+03 1.609326150281898486e-21
7.439500000000000000e+03 1.318594834441209273e-22
7.514000000000000000e+03 2.772168647171702884e-23
7.589500000000000000e+03 1.220447134335089498e-23
7.665500000000000000e+03 3.290217761055051735e-24
7.742000000000000000e+03 5.571898703386752510e-25
7.819500000000000000e+03 2.080524191297821041e-25
7.897500000000000000e+03 1.293363520344615542e-25
7.976500000000000000e+03 1.039897477088875240e-25
8.056500000000000000e+03 1.092882426385499827e-25
8.137000000000000000e+03 4.717633106305014652e-25
8.218000000000000000e+03 2.076574904169431156e-24
8.300000000000000000e+03 3.013252552023252873e-24
8.383500000000000000e+03 3.908193053934274966e-24
8.467500000000000000e+03 5.206264783023431812e-24
8.552000000000000000e+03 4.386998126207175944e-24
8.637500000000000000e+03 4.461090894327248819e-23
8.724000000000000000e+03 1.364527466688700558e-22
8.811000000000000000e+03 2.058870190644961867e-22
8.899000000000000000e+03 1.451406748414697984e-22
8.988000000000000000e+03 2.494062749400868700e-23
9.078000000000000000e+03 3.620077975120219577e-24
9.169000000000000000e+03 1.766471004053767314e-24
9.260500000000000000e+03 3.783012092320577744e-25
9.353000000000000000e+03 9.992415222513976389e-26
9.446500000000000000e+03 4.834709160549041391e-26
9.541000000000000000e+03 4.128436481011578404e-26
9.636500000000000000e+03 4.686137412042292303e-26
9.733000000000000000e+03 7.628849124682165758e-26
9.830000000000000000e+03 9.219000367968457529e-26
9.928000000000000000e+03 1.255951787491414244e-25
9.989000000000000000e+03 1.490553598238564993e-25
