1.000000000000000000e+01 1.510102661660000039e-26
1.100000000000000000e+01 2.761873110999999930e-26
1.200000000000000000e+01 2.263300579979999874e-26
1.300000000000000000e+01 5.364368548020000148e-26
1.400000000000000000e+01 2.688657773909999829e-26
1.500000000000000000e+01 7.738032410099999707e-25
1.600000000000000000e+01 5.963981127600000087e-26
1.700000000000000000e+01 2.000564003190000021e-25
1.800000000000000000e+01 5.261995465709999996e-25
1.900000000000000000e+01 9.527072790240000560e-25
2.000000000000000000e+01 3.267447057729999891e-25
2.100000000000000000e+01 7.087068499030000273e-26
2.200000000000000000e+01 8.734125641310000515e-26
2.300000000000000000e+01 5.570475223209999968e-26
2.400000000000000000e+01 1.198800224109999956e-25
2.500000000000000000e+01 1.471168178190000120e-23
2.600000000000000000e+01 1.585491768670000087e-25
2.700000000000000000e+01 6.347058522440000118e-26
2.800000000000000000e+01 5.769679201839999764e-26
2.900000000000000000e+01 5.390344028890000051e-26
3.000000000000000000e+01 4.660023810289999960e-24
3.100000000000000000e+01 1.008684212329999948e-25
3.200000000000000000e+01 1.899288453960000035e-25
3.300000000000000000e+01 3.548592721509999938e-23
3.400000000000000000e+01 2.217687920859999894e-25
3.500000000000000000e+01 3.302461083650000068e-25
3.600000000000000000e+01 1.655009925880000132e-24
3.700000000000000000e+01 1.073314599090000016e-23
3.800000000000000000e+01 1.904452491529999893e-24
3.900000000000000000e+01 1.314517024110000051e-23
4.000000000000000000e+01 1.185037883009999945e-23
4.100000000000000000e+01 1.009184049770000082e-21
4.200000000000000000e+01 4.192623209930000158e-25
4.300000000000000000e+01 2.428406738879999968e-25
4.400000000000000000e+01 1.708000138260000158e-24
4.500000000000000000e+01 2.224721133089999973e-25
4.600000000000000000e+01 4.863379370500000066e-25
4.700000000000000000e+01 1.529858169280000035e-22
4.800000000000000000e+01 1.337451872209999975e-24
4.900000000000000000e+01 2.355808652779999843e-25
5.000000000000000000e+01 2.050870846410000086e-25
5.100000000000000000e+01 2.622097957980000180e-25
5.200000000000000000e+01 3.671493784329999907e-25
5.300000000000000000e+01 1.460329119299999944e-24
5.400000000000000000e+01 1.587911136240000042e-24
5.500000000000000000e+01 3.044781969720000040e-23
5.600000000000000000e+01 1.794899037080000022e-23
5.700000000000000000e+01 1.841192774030000002e-23
5.800000000000000000e+01 3.291649370060000000e-24
5.900000000000000000e+01 3.178810959479999823e-24
6.000000000000000000e+01 5.589734528850000037e-23
6.100000000000000000e+01 7.473991660499999592e-25
6.200000000000000000e+01 5.168504089719999729e-24
6.300000000000000000e+01 1.619873743670000082e-24
6.400000000000000000e+01 2.610527693280000002e-21
6.500000000000000000e+01 9.078973868370000272e-25
6.600000000000000000e+01 3.679773510330000027e-25
6.700000000000000000e+01 8.272239360729999138e-25
6.800000000000000000e+01 5.170196127109999943e-23
6.900000000000000000e+01 4.269884837439999958e-24
7.000000000000000000e+01 8.067415455369999599e-25
7.100000000000000000e+01 9.755379499949999371e-25
7.200000000000000000e+01 2.392875895190000089e-23
7.300000000000000000e+01 1.038675734340000049e-23
7.400000000000000000e+01 5.158147909249999720e-23
7.500000000000000000e+01 4.926195218440000193e-24
7.600000000000000000e+01 5.134934912320000096e-24
7.700000000000000000e+01 1.209186652440000012e-24
7.800000000000000000e+01 6.684338686900000573e-24
7.900000000000000000e+01 3.355381365910000286e-23
8.000000000000000000e+01 1.767414100440000097e-23
8.100000000000000000e+01 5.598876724610000249e-21
8.200000000000000000e+01 3.197859858889999769e-23
8.300000000000000000e+01 1.933146983029999894e-24
8.400000000000000000e+01 6.746580343949999644e-25
8.500000000000000000e+01 1.806914446529999915e-24
8.600000000000000000e+01 1.850587395450000008e-24
8.700000000000000000e+01 3.634914027819999819e-24
8.800000000000000000e+01 5.648039501880000386e-22
8.900000000000000000e+01 1.575750641699999891e-23
9.000000000000000000e+01 1.131221788370000062e-22
9.100000000000000000e+01 2.189540276479999898e-24
9.200000000000000000e+01 1.309535217229999950e-23
9.300000000000000000e+01 1.554722184209999999e-23
9.400000000000000000e+01 2.064097969939999880e-24
9.500000000000000000e+01 1.840468768970000108e-24
9.600000000000000000e+01 1.004035106630000015e-22
9.700000000000000000e+01 2.016919871939999859e-24
9.800000000000000000e+01 4.477879812240000107e-24
9.900000000000000000e+01 1.448261823890000004e-21
1.000000000000000000e+02 1.129965895950000019e-22
1.010000000000000000e+02 1.626598850940000087e-23
1.020000000000000000e+02 4.543192552789999648e-24
1.030000000000000000e+02 1.825485993759999846e-24
1.040000000000000000e+02 1.550728204299999931e-23
1.050000000000000000e+02 1.166242489570000032e-23
1.060000000000000000e+02 1.486949470349999975e-23
1.070000000000000000e+02 1.292570399810000005e-23
1.080000000000000000e+02 5.678459763730000309e-24
1.090000000000000000e+02 8.698925144520000615e-25
1.100000000000000000e+02 3.660956034119999845e-24
1.110000000000000000e+02 9.890475118950000016e-23
1.120000000000000000e+02 1.868308669550000086e-24
1.130000000000000000e+02 6.052629708070000119e-25
1.140000000000000000e+02 4.244305736219999744e-25
1.150000000000000000e+02 4.535492085599999766e-25
1.160000000000000000e+02 3.048649496950000097e-23
1.170000000000000000e+02 6.986525334589999276e-24
1.180000000000000000e+02 3.463975897469999840e-22
1.190000000000000000e+02 2.253250963530000097e-24
1.200000000000000000e+02 2.066551287169999967e-22
1.210000000000000000e+02 6.170627256950000211e-24
1.220000000000000000e+02 3.704456138009999896e-22
1.230000000000000000e+02 1.149138250520000015e-23
1.240000000000000000e+02 3.413569337289999916e-24
1.250000000000000000e+02 1.797117767449999891e-24
1.260000000000000000e+02 5.161246823280000002e-24
1.270000000000000000e+02 2.880901527799999926e-19
1.280000000000000000e+02 4.577099817970000175e-24
1.290000000000000000e+02 2.447700428950000021e-24
1.300000000000000000e+02 1.350108230510000078e-24
1.310000000000000000e+02 5.245512851050000354e-24
1.320000000000000000e+02 6.267717312440000046e-23
1.330000000000000000e+02 8.041393892940000141e-22
1.340000000000000000e+02 3.773731776120000313e-24
1.350000000000000000e+02 1.769578495029999879e-24
1.360000000000000000e+02 1.884967760599999948e-24
1.370000000000000000e+02 1.220020266459999937e-24
1.380000000000000000e+02 3.245525306750000045e-24
1.390000000000000000e+02 2.971034367569999882e-20
1.400000000000000000e+02 8.326402697630000296e-23
1.410000000000000000e+02 1.460342494130000046e-23
1.420000000000000000e+02 1.895385486509999911e-24
1.430000000000000000e+02 8.147920964459999557e-25
1.440000000000000000e+02 6.486350944050000348e-25
1.450000000000000000e+02 4.275475069670000351e-24
1.460000000000000000e+02 9.558331775349999687e-25
1.470000000000000000e+02 1.626975657479999935e-24
1.480000000000000000e+02 4.323130767939999845e-24
1.490000000000000000e+02 6.813875766089999861e-22
1.500000000000000000e+02 2.699857565579999882e-23
1.510000000000000000e+02 4.104486862549999948e-23
1.520000000000000000e+02 7.699968385230000272e-24
1.530000000000000000e+02 1.369579040919999899e-23
1.540000000000000000e+02 1.085833475410000051e-23
1.550000000000000000e+02 1.948158921680000136e-24
1.560000000000000000e+02 2.642339218660000090e-24
1.570000000000000000e+02 5.502069697789999899e-24
1.580000000000000000e+02 2.226726967190000226e-22
1.590000000000000000e+02 1.077783350899999934e-23
1.600000000000000000e+02 2.315390645810000102e-24
1.610000000000000000e+02 6.368368077019999990e-25
1.620000000000000000e+02 1.185736256049999993e-24
1.630000000000000000e+02 4.798298263429999874e-25
1.640000000000000000e+02 1.310247180949999917e-24
1.650000000000000000e+02 6.756449871790000239e-25
1.660000000000000000e+02 4.232155804849999738e-24
1.670000000000000000e+02 6.920669626479999989e-24
1.680000000000000000e+02 1.552926343939999998e-24
1.690000000000000000e+02 3.278433779919999901e-24
1.700000000000000000e+02 4.198219596630000202e-23
1.710000000000000000e+02 1.346657659990000081e-23
1.720000000000000000e+02 2.719670960850000097e-24
1.730000000000000000e+02 7.354953763720000354e-24
1.740000000000000000e+02 4.340965344920000337e-24
1.750000000000000000e+02 2.061090171330000052e-24
1.760000000000000000e+02 2.358668003249999896e-20
1.770000000000000000e+02 7.666696990139999950e-24
1.780000000000000000e+02 9.330585126469999831e-24
1.790000000000000000e+02 3.816045685349999847e-21
1.800000000000000000e+02 1.179232775669999910e-24
1.810000000000000000e+02 6.641768736720000075e-24
1.820000000000000000e+02 2.792457382649999967e-24
1.830000000000000000e+02 1.060178386939999986e-24
1.840000000000000000e+02 7.306604587680000212e-25
1.850000000000000000e+02 4.417360459329999769e-25
1.860000000000000000e+02 7.110016406320000441e-25
1.870000000000000000e+02 1.203286500329999996e-24
1.880000000000000000e+02 3.642617927040000196e-23
1.890000000000000000e+02 2.163712685510000139e-24
1.900000000000000000e+02 6.209680277440000261e-25
1.910000000000000000e+02 4.485600160510000261e-25
1.920000000000000000e+02 6.061219855459999614e-25
1.930000000000000000e+02 2.328068029729999970e-24
1.940000000000000000e+02 5.523615721279999637e-24
1.950000000000000000e+02 2.004513850830000016e-24
1.960000000000000000e+02 5.593338367549999809e-24
1.970000000000000000e+02 1.461465649070000062e-24
1.980000000000000000e+02 1.204975022460000041e-23
1.990000000000000000e+02 1.092374912220000042e-24
2.000000000000000000e+02 2.133918606710000004e-24
2.010000000000000000e+02 4.068102621980000198e-24
2.020000000000000000e+02 2.669607016519999794e-23
2.030000000000000000e+02 3.491746818979999833e-22
2.040000000000000000e+02 6.567033555839999677e-24
2.050000000000000000e+02 2.392988339319999822e-24
2.060000000000000000e+02 1.711455105359999877e-24
2.070000000000000000e+02 3.126962830180000147e-24
2.080000000000000000e+02 1.950825680829999857e-23
2.090000000000000000e+02 1.309112685420000063e-23
2.100000000000000000e+02 2.010086052710000154e-24
2.110000000000000000e+02 4.628343439140000146e-24
2.120000000000000000e+02 9.827508395270000617e-24
2.130000000000000000e+02 2.626650373109999818e-24
2.140000000000000000e+02 8.865119685160000030e-23
2.150000000000000000e+02 5.599951156409999913e-24
2.160000000000000000e+02 6.075470307569999888e-25
2.170000000000000000e+02 1.161940008529999954e-24
2.180000000000000000e+02 4.026907971450000138e-25
2.190000000000000000e+02 4.654754279179999982e-25
2.200000000000000000e+02 8.206963487310000384e-25
2.210000000000000000e+02 3.499603830220000221e-24
2.220000000000000000e+02 2.382886502579999887e-23
2.230000000000000000e+02 3.871057711719999793e-23
2.240000000000000000e+02 1.191244391550000039e-23
2.250000000000000000e+02 4.282006752459999737e-24
2.260000000000000000e+02 2.279629828379999887e-23
2.270000000000000000e+02 8.924452512509999463e-23
2.280000000000000000e+02 1.478156226420000019e-22
2.290000000000000000e+02 3.844301566579999688e-24
2.300000000000000000e+02 1.412408974989999919e-24
2.310000000000000000e+02 3.641780394639999826e-24
2.320000000000000000e+02 3.462231223290000273e-24
2.330000000000000000e+02 1.457322542700000077e-24
2.340000000000000000e+02 5.043044002299999783e-25
2.350000000000000000e+02 2.719978688549999880e-25
2.360000000000000000e+02 2.183916500339999840e-25
2.370000000000000000e+02 1.872031777189999890e-25
2.380000000000000000e+02 1.851695910829999941e-25
2.390000000000000000e+02 1.843866875940000023e-25
2.400000000000000000e+02 2.012623484140000070e-25
2.410000000000000000e+02 1.673559961249999833e-24
2.420000000000000000e+02 3.487883907830000209e-25
2.430000000000000000e+02 8.480906570530000471e-25
2.440000000000000000e+02 4.345749356810000007e-24
2.450000000000000000e+02 3.083488860040000154e-23
2.460000000000000000e+02 8.625089836320000546e-24
2.470000000000000000e+02 5.166194051009999850e-24
2.480000000000000000e+02 3.875222073040000135e-22
2.490000000000000000e+02 4.485889700280000352e-24
2.500000000000000000e+02 4.521907288200000055e-24
2.510000000000000000e+02 2.598803107709999886e-21
2.520000000000000000e+02 1.791006093170000177e-24
2.530000000000000000e+02 6.681262943010000028e-24
2.540000000000000000e+02 3.882618535160000210e-21
2.550000000000000000e+02 5.131821650059999891e-24
2.560000000000000000e+02 3.276716182120000112e-24
2.570000000000000000e+02 2.308037010449999904e-24
2.580000000000000000e+02 4.541534290540000062e-25
2.590000000000000000e+02 3.462947621899999864e-25
2.600000000000000000e+02 2.369582522049999777e-25
2.610000000000000000e+02 2.099787762569999816e-25
2.620000000000000000e+02 1.882737873139999886e-25
2.630000000000000000e+02 3.476143206120000054e-25
2.640000000000000000e+02 2.459894450319999989e-25
2.650000000000000000e+02 7.040511170289999573e-25
2.660000000000000000e+02 1.383437366719999876e-23
2.670000000000000000e+02 1.397247214970000045e-24
2.680000000000000000e+02 4.732042158360000216e-25
2.690000000000000000e+02 1.901644509699999978e-25
2.700000000000000000e+02 1.690002119300000092e-25
2.710000000000000000e+02 1.955014283419999936e-25
2.720000000000000000e+02 9.804193082509999540e-25
2.730000000000000000e+02 1.314046162589999935e-18
2.740000000000000000e+02 3.348752374640000104e-25
2.750000000000000000e+02 6.974396531809999558e-25
2.760000000000000000e+02 1.327640435060000017e-23
2.770000000000000000e+02 2.764718901669999843e-24
2.780000000000000000e+02 3.906284254269999936e-23
2.790000000000000000e+02 8.307977300079999299e-24
2.800000000000000000e+02 7.335594845100000142e-24
2.810000000000000000e+02 3.716392098449999672e-24
2.820000000000000000e+02 4.547706699300000107e-23
2.830000000000000000e+02 3.246255823499999997e-24
2.840000000000000000e+02 8.149674977049999702e-25
2.850000000000000000e+02 5.101654782250000236e-25
2.860000000000000000e+02 4.769387624139999668e-25
2.870000000000000000e+02 1.779826138329999889e-23
2.880000000000000000e+02 7.133235256269999556e-25
2.890000000000000000e+02 5.523264162340000125e-24
2.900000000000000000e+02 3.645015822040000244e-24
2.910000000000000000e+02 1.795656956660000173e-24
2.920000000000000000e+02 3.090636852020000215e-25
2.930000000000000000e+02 1.936089661670000039e-25
2.940000000000000000e+02 1.594952424250000052e-25
2.950000000000000000e+02 1.605390796460000051e-25
2.960000000000000000e+02 1.785220713000000036e-25
2.970000000000000000e+02 2.159206522989999833e-25
2.980000000000000000e+02 7.825456410469999781e-25
2.990000000000000000e+02 6.293934356440000302e-25
3.000000000000000000e+02 6.707641671239999984e-25
3.010000000000000000e+02 3.507588930070000278e-23
3.020000000000000000e+02 2.816038760449999901e-23
3.030000000000000000e+02 6.442913052480000075e-21
3.040000000000000000e+02 3.596325622700000290e-24
3.050000000000000000e+02 1.671025380769999858e-24
3.060000000000000000e+02 7.370873193750000416e-25
3.070000000000000000e+02 2.614765256920000196e-25
3.080000000000000000e+02 6.558132275789999690e-25
3.090000000000000000e+02 2.222353239899999834e-25
3.100000000000000000e+02 1.531261310219999899e-25
3.110000000000000000e+02 1.267160687679999958e-25
3.120000000000000000e+02 2.427482889509999929e-25
3.130000000000000000e+02 1.472940131589999960e-25
3.140000000000000000e+02 3.352286605330000077e-25
3.150000000000000000e+02 3.597669473420000269e-23
3.160000000000000000e+02 3.657022301680000223e-25
3.170000000000000000e+02 1.452679350890000070e-25
3.180000000000000000e+02 1.102103348020000079e-25
3.190000000000000000e+02 1.136882370609999978e-25
3.200000000000000000e+02 1.534470286849999940e-25
3.210000000000000000e+02 1.049285441570000009e-22
3.220000000000000000e+02 4.212204671539999856e-25
3.230000000000000000e+02 1.926284621429999845e-24
3.240000000000000000e+02 1.361524359329999982e-22
3.250000000000000000e+02 1.032849055790000010e-24
3.260000000000000000e+02 7.961715165660000234e-25
3.270000000000000000e+02 3.466773271719999737e-24
3.280000000000000000e+02 1.372855296410000137e-23
3.290000000000000000e+02 9.949642109119999944e-25
3.300000000000000000e+02 3.200750068030000214e-25
3.310000000000000000e+02 2.327211027580000214e-25
3.320000000000000000e+02 1.722758006480000094e-25
3.330000000000000000e+02 1.783830718149999969e-25
3.340000000000000000e+02 4.548460567539999895e-25
3.350000000000000000e+02 2.645094475009999955e-23
3.360000000000000000e+02 6.595878724299999856e-25
3.370000000000000000e+02 1.794292276860000005e-25
3.380000000000000000e+02 1.227916588229999901e-25
3.390000000000000000e+02 1.522581504820000090e-25
3.400000000000000000e+02 5.289282250609999561e-25
3.410000000000000000e+02 7.921369997230000081e-25
3.420000000000000000e+02 1.827839487409999960e-25
3.430000000000000000e+02 2.245237349929999943e-24
3.440000000000000000e+02 2.163116650580000010e-25
3.450000000000000000e+02 1.441714071900000106e-25
3.460000000000000000e+02 3.950967739780000080e-25
3.470000000000000000e+02 1.696948616600000086e-25
3.480000000000000000e+02 2.838349890920000153e-25
3.490000000000000000e+02 1.086105641789999968e-24
3.500000000000000000e+02 1.057832555609999966e-23
3.510000000000000000e+02 1.358198443200000041e-24
3.520000000000000000e+02 6.171323445959999714e-21
3.530000000000000000e+02 8.140120986830000173e-25
3.540000000000000000e+02 1.965982427480000136e-23
3.550000000000000000e+02 1.959676669930000145e-24
3.560000000000000000e+02 2.384085553270000079e-24
3.570000000000000000e+02 2.927310223750000082e-24
3.580000000000000000e+02 8.612406895540000894e-25
3.590000000000000000e+02 4.869541579830000057e-25
3.600000000000000000e+02 1.127622599419999930e-25
3.610000000000000000e+02 7.683885468520000143e-26
3.620000000000000000e+02 7.550066330529999686e-26
3.630000000000000000e+02 8.117994970909999705e-26
3.640000000000000000e+02 3.874276661540000039e-26
3.650000000000000000e+02 3.503041548850000232e-26
3.660000000000000000e+02 3.551046805809999730e-26
3.670000000000000000e+02 4.112478330900000225e-26
3.680000000000000000e+02 8.685668204740000234e-26
3.690000000000000000e+02 2.284265611369999886e-25
3.700000000000000000e+02 1.985683051120000113e-20
3.710000000000000000e+02 1.489501247930000112e-25
3.720000000000000000e+02 1.034740857209999986e-25
3.735000000000000000e+02 7.454397885135000510e-25
3.760000000000000000e+02 2.182344142846999860e-24
3.795000000000000000e+02 9.384732799890000035e-26
3.835000000000000000e+02 1.041671614956425022e-24
3.875000000000000000e+02 8.333774427820000171e-26
3.915000000000000000e+02 6.009888262025000615e-26
3.955000000000000000e+02 3.390437896576099783e-23
3.995000000000000000e+02 4.529635755740849666e-23
4.035000000000000000e+02 3.160509116590000434e-26
4.075000000000000000e+02 1.567547280147499972e-26
4.115000000000000000e+02 1.547213569290000005e-26
4.155000000000000000e+02 4.002885074078250342e-25
4.195000000000000000e+02 3.480148351484750534e-24
4.235000000000000000e+02 4.645618875109474939e-24
4.280000000000000000e+02 4.385537031192000464e-26
4.325000000000000000e+02 1.370954776324499805e-25
4.365000000000000000e+02 7.814939503955000609e-26
4.410000000000000000e+02 6.100748415641200911e-25
4.455000000000000000e+02 5.285386864983249504e-25
4.495000000000000000e+02 1.554158158824999948e-26
4.540000000000000000e+02 3.895239666334599853e-25
4.590000000000000000e+02 1.981579820724354446e-22
4.635000000000000000e+02 1.513663989696749920e-26
4.680000000000000000e+02 3.663665345349999649e-25
4.725000000000000000e+02 7.100996404606249952e-25
4.770000000000000000e+02 1.093919215524399767e-26
4.820000000000000000e+02 2.016254186876941097e-23
4.870000000000000000e+02 3.583357017093600311e-26
4.920000000000000000e+02 4.748696538367380699e-25
4.970000000000000000e+02 5.288205220939999726e-27
5.020000000000000000e+02 1.229522716305399986e-25
5.070000000000000000e+02 6.789989917730399100e-25
5.120000000000000000e+02 7.883847557528398610e-26
5.170000000000000000e+02 2.364993562466179815e-24
5.220000000000000000e+02 1.226112463665540038e-25
5.270000000000000000e+02 2.847148669537564368e-24
5.325000000000000000e+02 4.298972642793332795e-27
5.380000000000000000e+02 2.443731614041879725e-25
5.430000000000000000e+02 4.153193146625000473e-26
5.485000000000000000e+02 4.209822793199421963e-24
5.540000000000000000e+02 6.999860796092282531e-24
5.595000000000000000e+02 8.122950269831665856e-27
5.655000000000000000e+02 3.222651469252333608e-26
5.710000000000000000e+02 3.660788300543199965e-26
5.765000000000000000e+02 1.285154804991316459e-25
5.825000000000000000e+02 2.189021857968309923e-22
5.885000000000000000e+02 8.081620190171666985e-27
5.945000000000000000e+02 4.085941786891416668e-25
6.005000000000000000e+02 3.119719232814845196e-23
6.065000000000000000e+02 3.313482213694999308e-27
6.125000000000000000e+02 4.296554537163166880e-26
6.185000000000000000e+02 1.578940779334149828e-25
6.245000000000000000e+02 1.711443860702000254e-26
6.305000000000000000e+02 2.613814462403833648e-26
6.370000000000000000e+02 3.128861020946185987e-25
6.435000000000000000e+02 5.160592874925000073e-27
6.500000000000000000e+02 2.368885549958142637e-27
6.565000000000000000e+02 4.988039407285332764e-27
6.630000000000000000e+02 2.553118833475128577e-26
6.695000000000000000e+02 4.021505276112500115e-26
6.760000000000000000e+02 3.117407628320999723e-27
6.830000000000000000e+02 1.307988815924700153e-26
6.900000000000000000e+02 1.148631950767828559e-25
6.970000000000000000e+02 4.299123457459285070e-26
7.040000000000000000e+02 4.491396339527999712e-27
7.110000000000000000e+02 2.610451695599285772e-27
7.180000000000000000e+02 7.203756301472857185e-28
7.250000000000000000e+02 3.167649006644571418e-27
7.320000000000000000e+02 7.153326026286285883e-27
7.395000000000000000e+02 1.872160195372386278e-25
7.470000000000000000e+02 4.877535117028571818e-27
7.545000000000000000e+02 8.155040806226749958e-27
7.620000000000000000e+02 1.167984761027285751e-27
7.695000000000000000e+02 3.234103823323625496e-27
7.775000000000000000e+02 1.347546730473691122e-25
7.855000000000000000e+02 9.784534775196248104e-28
7.930000000000000000e+02 7.285874220218999990e-27
8.005000000000000000e+02 6.383412612433962555e-26
8.085000000000000000e+02 1.464920584851887533e-26
8.170000000000000000e+02 6.694835657884443099e-28
8.255000000000000000e+02 6.258380903678749716e-28
8.335000000000000000e+02 5.228346813661250738e-28
8.415000000000000000e+02 1.450471880255874795e-26
8.500000000000000000e+02 1.397320762542333464e-27
8.585000000000000000e+02 9.165032432199270177e-25
8.670000000000000000e+02 9.610178477406667731e-28
8.760000000000000000e+02 4.367978837565555748e-28
8.850000000000000000e+02 7.088107415957776201e-28
8.935000000000000000e+02 4.058865113058749376e-28
9.020000000000000000e+02 3.465855966616666180e-28
9.115000000000000000e+02 4.742260961261099764e-27
9.210000000000000000e+02 1.393926532571833527e-26
9.300000000000000000e+02 4.618053428834777989e-27
9.390000000000000000e+02 2.029505602971914453e-25
9.485000000000000000e+02 6.008945663536999010e-28
9.580000000000000000e+02 3.534562933319999772e-28
9.675000000000000000e+02 4.324475138724000295e-28
9.775000000000000000e+02 1.931000613440469873e-26
9.870000000000000000e+02 3.311923954727777636e-28
9.965000000000000000e+02 3.509251564754999893e-28
1.006500000000000000e+03 1.486775336689899909e-27
1.016500000000000000e+03 5.175195348146398995e-27
1.027000000000000000e+03 3.589878020890909676e-28
1.037500000000000000e+03 3.616835165636999605e-28
1.047500000000000000e+03 3.317767425312999436e-28
1.058000000000000000e+03 4.010702279931818293e-28
1.069000000000000000e+03 8.440580702610000403e-28
1.079500000000000000e+03 3.429523693678000175e-28
1.090000000000000000e+03 5.822203911356363629e-28
1.101000000000000000e+03 5.990001782430909529e-28
1.112000000000000000e+03 8.812530226217273133e-28
1.123000000000000000e+03 9.879856636692728668e-28
1.134500000000000000e+03 1.615808714889068531e-24
1.146000000000000000e+03 1.123859670809181811e-27
1.157500000000000000e+03 1.747188490310711530e-25
1.169000000000000000e+03 1.085146438851472832e-26
1.180500000000000000e+03 8.739957459839683938e-25
1.192500000000000000e+03 1.683126616488628541e-25
1.204500000000000000e+03 2.730289227049666834e-27
1.216500000000000000e+03 2.181257008893500284e-26
1.228500000000000000e+03 4.523665496338883447e-26
1.240500000000000000e+03 1.424276190075603489e-22
1.253000000000000000e+03 1.927621605791076909e-27
1.266000000000000000e+03 2.033143835677330680e-25
1.278500000000000000e+03 2.240374410091756953e-23
1.291000000000000000e+03 4.877213306150384839e-26
1.304000000000000000e+03 1.418226022797238658e-25
1.317000000000000000e+03 1.435276066162066976e-24
1.330000000000000000e+03 3.813235921176307768e-26
1.343500000000000000e+03 8.616686703153512773e-23
1.357000000000000000e+03 7.464958782823230998e-25
1.370500000000000000e+03 6.260249416291071917e-25
1.384500000000000000e+03 2.040673249699028668e-24
1.398500000000000000e+03 6.479465914676598365e-23
1.412500000000000000e+03 6.521454472011728457e-24
1.426500000000000000e+03 3.018009062662989040e-21
1.440500000000000000e+03 2.576836662036493110e-24
1.455000000000000000e+03 6.437707264162005280e-23
1.469500000000000000e+03 1.209803162608680064e-23
1.484000000000000000e+03 1.580074146957746719e-24
1.499000000000000000e+03 2.717872176237933452e-24
1.514000000000000000e+03 3.826337256269560106e-23
1.529000000000000000e+03 4.899100223875000674e-24
1.544500000000000000e+03 2.313670392792418880e-23
1.560000000000000000e+03 3.831903280927433308e-23
1.575500000000000000e+03 1.789016355275274907e-23
1.591500000000000000e+03 6.035485879161881572e-24
1.607500000000000000e+03 1.731588759688031214e-24
1.623500000000000000e+03 1.405621944282525094e-24
1.639500000000000000e+03 4.669627467115768954e-23
1.656000000000000000e+03 5.588406610258822972e-24
1.672500000000000000e+03 1.439599213717562724e-24
1.689000000000000000e+03 4.359213053553199488e-23
1.706000000000000000e+03 1.211871093338770154e-23
1.723000000000000000e+03 6.462276970422079928e-23
1.740500000000000000e+03 5.046389555884460837e-23
1.758000000000000000e+03 1.786543770399941838e-20
1.775500000000000000e+03 1.016507185486199818e-24
1.793500000000000000e+03 8.486199584112061788e-24
1.811500000000000000e+03 1.609449537897626160e-22
1.829500000000000000e+03 3.345676273574016273e-24
1.847500000000000000e+03 4.997147171062390102e-25
1.866000000000000000e+03 3.593032117567373969e-25
1.884500000000000000e+03 2.950245610051072162e-25
1.903000000000000000e+03 1.543785225210192406e-24
1.922000000000000000e+03 1.704015127687070703e-21
1.941500000000000000e+03 4.584623416122948732e-26
1.961000000000000000e+03 3.183340889849298357e-21
1.980500000000000000e+03 2.460343552837782634e-23
2.000500000000000000e+03 2.011806833468846887e-23
2.020500000000000000e+03 2.166839428892400571e-23
2.040500000000000000e+03 2.071782669689901358e-25
2.061000000000000000e+03 2.135612829104073388e-24
2.082000000000000000e+03 4.538523082745240502e-25
2.102500000000000000e+03 3.229245212767852480e-24
2.123500000000000000e+03 1.319328739300289832e-25
2.145000000000000000e+03 4.252892769416356467e-24
2.166500000000000000e+03 1.187559740746879261e-24
2.188000000000000000e+03 1.749359041291047606e-27
2.209500000000000000e+03 9.864827281564545606e-28
2.231500000000000000e+03 1.503239241580912422e-25
2.254000000000000000e+03 8.503338857593108581e-25
2.277000000000000000e+03 2.079577843912964575e-26
2.299500000000000000e+03 6.127654511497262194e-25
2.322500000000000000e+03 7.915052990924585592e-28
2.346000000000000000e+03 8.290430206322999749e-27
2.369000000000000000e+03 1.239290662481588293e-26
2.392500000000000000e+03 3.076283811019199387e-26
2.416500000000000000e+03 9.514492236110417051e-29
2.441000000000000000e+03 7.368866121184438973e-26
2.465500000000000000e+03 9.160832972094959229e-28
2.490000000000000000e+03 1.656963406333236240e-27
2.515000000000000000e+03 5.207412888197477347e-26
2.540000000000000000e+03 2.504358858689905013e-25
2.565500000000000000e+03 7.229660588831160457e-26
2.591500000000000000e+03 2.208875375673005285e-24
2.617500000000000000e+03 5.153223800282111425e-26
2.643500000000000000e+03 2.729805715696607442e-24
2.669500000000000000e+03 9.895089565385154413e-25
2.696000000000000000e+03 2.184768087348574148e-27
2.723000000000000000e+03 4.360221980634645181e-25
2.750500000000000000e+03 1.118891016244173675e-24
2.778000000000000000e+03 4.349995639210370016e-27
2.805500000000000000e+03 4.863038964853766087e-25
2.834000000000000000e+03 2.237144182724675039e-24
2.862500000000000000e+03 3.105658239588860087e-26
2.891000000000000000e+03 1.694819039735025037e-24
2.920000000000000000e+03 9.586862398107939051e-25
2.949000000000000000e+03 9.244179813350095099e-24
2.978500000000000000e+03 1.503245355508824492e-22
3.008500000000000000e+03 2.210234465775281879e-24
3.038500000000000000e+03 8.760225273011696402e-23
3.068500000000000000e+03 3.639575220074712273e-23
3.099000000000000000e+03 1.374709344492846607e-24
3.130000000000000000e+03 6.895750068617724280e-22
3.161500000000000000e+03 3.738607682741233012e-24
3.193500000000000000e+03 5.625453989838557477e-24
3.225500000000000000e+03 1.211068689502578168e-23
3.257500000000000000e+03 1.283946287687531217e-25
3.290000000000000000e+03 7.105979546994407329e-25
3.323000000000000000e+03 1.385916421528580591e-22
3.356000000000000000e+03 2.000201456039930877e-24
3.389500000000000000e+03 2.130882557146265969e-23
3.423500000000000000e+03 4.669716094711921789e-24
3.458000000000000000e+03 2.075578380000832414e-23
3.492500000000000000e+03 6.250681684555870326e-23
3.527000000000000000e+03 1.225478649525695632e-21
3.562500000000000000e+03 1.198502671433954210e-21
3.598500000000000000e+03 2.460731517182471298e-20
3.634500000000000000e+03 6.143111666054475586e-21
3.670500000000000000e+03 1.358353687359174417e-22
3.707000000000000000e+03 5.854676821512162766e-22
3.744500000000000000e+03 1.384128008088027973e-21
3.782000000000000000e+03 2.486908253131276578e-21
3.819500000000000000e+03 1.439680868534010401e-20
3.858000000000000000e+03 3.255537527857088167e-23
3.896500000000000000e+03 1.013134177302806884e-20
3.935000000000000000e+03 2.248861005345560226e-22
3.974500000000000000e+03 5.352208402254264266e-22
4.014500000000000000e+03 1.053217192549878253e-21
4.054500000000000000e+03 6.566333087199656112e-23
4.095000000000000000e+03 2.178744603130115014e-24
4.136000000000000000e+03 2.150388323962002889e-25
4.177500000000000000e+03 2.571613229761540783e-25
4.219500000000000000e+03 2.824996982346535795e-25
4.261500000000000000e+03 6.024635740949498410e-25
4.304000000000000000e+03 3.702967153347127353e-26
4.347000000000000000e+03 3.149597552859820028e-25
4.390500000000000000e+03 7.887985166162094658e-27
4.434500000000000000e+03 4.736147515733522912e-28
4.479000000000000000e+03 2.009491235290818063e-26
4.524000000000000000e+03 1.305845610948235045e-26
4.569000000000000000e+03 1.166977911556784962e-24
4.614500000000000000e+03 1.026238476448888599e-26
4.660500000000000000e+03 3.367457842748357334e-27
4.707000000000000000e+03 1.594614684632355851e-26
4.754500000000000000e+03 2.675527782392747172e-26
4.802000000000000000e+03 1.179638006431105695e-24
4.850000000000000000e+03 4.133538725180887563e-24
4.898500000000000000e+03 8.827673781158667349e-25
4.947500000000000000e+03 4.088914207281910349e-24
4.997000000000000000e+03 2.608211003834370683e-25
5.047000000000000000e+03 3.676057894074108711e-23
5.097500000000000000e+03 1.047798794326608592e-22
5.148000000000000000e+03 1.494439647914108623e-22
5.199500000000000000e+03 7.945132488457255331e-22
5.251500000000000000e+03 2.216485066612378757e-23
5.304000000000000000e+03 4.535966734619321429e-22
5.357500000000000000e+03 1.349854901077539720e-21
5.411000000000000000e+03 2.322570816718550810e-24
5.465000000000000000e+03 5.490349304337919608e-21
5.520000000000000000e+03 1.898124484014421441e-21
5.575000000000000000e+03 1.538692921862664211e-23
5.630500000000000000e+03 5.526079062839500883e-23
5.687000000000000000e+03 1.410881326971885846e-25
5.744000000000000000e+03 5.586073665174184789e-24
5.801500000000000000e+03 1.676165373723614688e-24
5.859500000000000000e+03 2.382018097080040207e-26
5.918000000000000000e+03 6.992274397662230793e-26
5.977000000000000000e+03 1.958934354731100986e-26
6.036500000000000000e+03 4.640505631814901485e-27
6.097000000000000000e+03 7.582195141876888943e-27
6.158000000000000000e+03 5.311602860036959587e-27
6.219500000000000000e+03 1.052366105461120788e-26
6.282000000000000000e+03 4.568493204046199057e-26
6.345000000000000000e+03 4.863390967241306239e-26
6.408500000000000000e+03 5.418687295747554881e-26
6.472500000000000000e+03 3.431700957166351792e-25
6.537000000000000000e+03 2.122574083105825186e-25
6.602500000000000000e+03 6.347548821598267574e-24
6.668500000000000000e+03 4.981563407387728255e-23
6.735000000000000000e+03 4.708618716375696983e-23
6.802500000000000000e+03 1.602716031617176779e-22
6.870500000000000000e+03 1.429924843041264184e-23
6.939000000000000000e+03 4.358522127789872981e-23
7.008500000000000000e+03 1.547371341165513510e-22
7.078500000000000000e+03 8.330042375102260969e-22
7.149500000000000000e+03 5.470684951329069244e-22
7.221000000000000000e+03 1.440259207491238880e-21
7.293000000000000000e+03 3.397681637328498902e-21
7.366000000000000000e+03 1.863813485225116111e-21
7.439500000000000000e+03 8.755396724507801246e-23
7.514000000000000000e+03 5.539753173186272235e-24
7.589500000000000000e+03 1.151652393446208624e-23
7.665500000000000000e+03 5.475735551905152432e-25
7.742000000000000000e+03 2.973459425701838864e-25
7.819500000000000000e+03 2.951670806097303517e-25
7.897500000000000000e+03 2.687577107435364501e-26
7.976500000000000000e+03 3.976740280884034841e-26
8.056500000000000000e+03 5.179503734760282492e-27
8.137000000000000000e+03 6.290740573379704272e-26
8.218000000000000000e+03 9.684076211370120583e-24
8.300000000000000000e+03 2.850732953345320792e-24
8.383500000000000000e+03 2.043738048616803792e-24
8.467500000000000000e+03 6.436879547846182256e-25
8.552000000000000000e+03 5.225878758857125131e-24
8.637500000000000000e+03 1.342793729701897294e-22
8.724000000000000000e+03 1.638073181863118352e-22
8.811000000000000000e+03 3.026964720977317058e-22
8.899000000000000000e+03 1.018336808146549047e-22
8.988000000000000000e+03 1.818559462856621088e-23
9.078000000000000000e+03 3.249141075428968557e-24
9.169000000000000000e+03 1.866144437045079452e-24
9.260500000000000000e+03 4.739042472887092407e-26
9.353000000000000000e+03 1.369689846463035734e-25
9.446500000000000000e+03 1.132393075828669554e-26
9.541000000000000000e+03 1.716173696863518351e-27
9.636500000000000000e+03 2.208939253144667445e-26
9.733000000000000000e+03 9.747229570502468122e-27
9.830000000000000000e+03 3.836053805650080352e-26
9.928000000000000000e+03 2.011112995363778018e-26
9.989000000000000000e+03 2.343674456590577440e-25
