1.000000000000000000e+01 3.444984606950000140e-26
1.100000000000000000e+01 5.749329247110000187e-26
1.200000000000000000e+01 5.300373185109999970e-26
1.300000000000000000e+01 1.138371783839999903e-25
1.400000000000000000e+01 6.625048906089999788e-26
1.500000000000000000e+01 1.400784081539999998e-24
1.600000000000000000e+01 1.484569027029999927e-25
1.700000000000000000e+01 6.803158439259999834e-25
1.800000000000000000e+01 1.783377806730000102e-24
1.900000000000000000e+01 3.264981579799999850e-24
2.000000000000000000e+01 1.064387533380000047e-24
2.100000000000000000e+01 1.784124261300000089e-25
2.200000000000000000e+01 1.328233874969999892e-25
2.300000000000000000e+01 1.542411065439999941e-25
2.400000000000000000e+01 3.520065767549999776e-25
2.500000000000000000e+01 4.547336640140000031e-23
2.600000000000000000e+01 4.680976686099999884e-25
2.700000000000000000e+01 1.719363820480000066e-25
2.800000000000000000e+01 1.376966987249999932e-25
2.900000000000000000e+01 1.333120693469999941e-25
3.000000000000000000e+01 5.044057443879999612e-25
3.100000000000000000e+01 2.458974675150000143e-25
3.200000000000000000e+01 4.974837531029999673e-25
3.300000000000000000e+01 1.161836373740000019e-22
3.400000000000000000e+01 6.101329278010000163e-25
3.500000000000000000e+01 8.627988419030000449e-25
3.600000000000000000e+01 4.314031526720000338e-24
3.700000000000000000e+01 3.499725532340000086e-23
3.800000000000000000e+01 4.728889631439999888e-24
3.900000000000000000e+01 2.937852383300000154e-23
4.000000000000000000e+01 3.111973239180000138e-23
4.100000000000000000e+01 2.862838464570000008e-21
4.200000000000000000e+01 8.821708971069999981e-25
4.300000000000000000e+01 4.575941641459999901e-25
4.400000000000000000e+01 1.945153007180000046e-24
4.500000000000000000e+01 3.945161110469999847e-25
4.600000000000000000e+01 7.690051891119999816e-25
4.700000000000000000e+01 2.138735841780000025e-22
4.800000000000000000e+01 1.471399430939999970e-24
4.900000000000000000e+01 4.577258227759999921e-25
5.000000000000000000e+01 4.564384294029999608e-25
5.100000000000000000e+01 5.803706606109999999e-25
5.200000000000000000e+01 8.975708867950000065e-25
5.300000000000000000e+01 3.283673922569999949e-24
5.400000000000000000e+01 4.086612839959999721e-24
5.500000000000000000e+01 8.577647335929999506e-23
5.600000000000000000e+01 5.630869685209999757e-23
5.700000000000000000e+01 5.200432432379999810e-23
5.800000000000000000e+01 7.772267275849999871e-24
5.900000000000000000e+01 3.719722507520000227e-24
6.000000000000000000e+01 3.396859744620000104e-23
6.100000000000000000e+01 1.143981644310000007e-24
6.200000000000000000e+01 6.444719469449999958e-24
6.300000000000000000e+01 2.380584859120000176e-24
6.400000000000000000e+01 4.568053240859999720e-21
6.500000000000000000e+01 1.857474762680000060e-24
6.600000000000000000e+01 7.102420443990000438e-25
6.700000000000000000e+01 9.766804845639999319e-25
6.800000000000000000e+01 8.824191172930000551e-23
6.900000000000000000e+01 9.147783577570000345e-24
7.000000000000000000e+01 1.757806625159999894e-24
7.100000000000000000e+01 2.315757815130000172e-24
7.200000000000000000e+01 6.310484101469999970e-23
7.300000000000000000e+01 2.209861453929999970e-23
7.400000000000000000e+01 8.231426293939999573e-23
7.500000000000000000e+01 8.128328647099999902e-24
7.600000000000000000e+01 9.031693429859999358e-24
7.700000000000000000e+01 1.777850000619999957e-24
7.800000000000000000e+01 5.235419698890000303e-24
7.900000000000000000e+01 7.179397169849999814e-23
8.000000000000000000e+01 4.148903026540000082e-23
8.100000000000000000e+01 1.029969840900000059e-21
8.200000000000000000e+01 5.126678467520000168e-23
8.300000000000000000e+01 2.551883172530000077e-24
8.400000000000000000e+01 1.316035158060000062e-24
8.500000000000000000e+01 1.691234815630000006e-24
8.600000000000000000e+01 2.962599614130000020e-24
8.700000000000000000e+01 8.123888188179999297e-24
8.800000000000000000e+01 1.364701750569999983e-21
8.900000000000000000e+01 1.657267640230000005e-23
9.000000000000000000e+01 8.301680156289999855e-24
9.100000000000000000e+01 5.754408392340000002e-24
9.200000000000000000e+01 3.820194619989999824e-23
9.300000000000000000e+01 4.540470456459999794e-23
9.400000000000000000e+01 5.430007580920000309e-24
9.500000000000000000e+01 3.083069435110000004e-24
9.600000000000000000e+01 8.622343944009999674e-23
9.700000000000000000e+01 3.239188146690000079e-24
9.800000000000000000e+01 1.103324737219999998e-23
9.900000000000000000e+01 4.298030464070000020e-21
1.000000000000000000e+02 6.326083616670000097e-23
1.010000000000000000e+02 3.087875185459999921e-23
1.020000000000000000e+02 6.723743999939999923e-24
1.030000000000000000e+02 3.174375017300000051e-24
1.040000000000000000e+02 2.617392862539999910e-23
1.050000000000000000e+02 1.797533613719999983e-23
1.060000000000000000e+02 1.632039984079999916e-23
1.070000000000000000e+02 8.395471731970000653e-24
1.080000000000000000e+02 4.436745392370000200e-24
1.090000000000000000e+02 1.427715842979999962e-24
1.100000000000000000e+02 8.917317119120000694e-24
1.110000000000000000e+02 2.094833935079999928e-22
1.120000000000000000e+02 4.514616928519999690e-24
1.130000000000000000e+02 1.276295903220000054e-24
1.140000000000000000e+02 7.726214893430000433e-25
1.150000000000000000e+02 6.549465244060000134e-25
1.160000000000000000e+02 7.421450361450000086e-25
1.170000000000000000e+02 1.754464070219999822e-24
1.180000000000000000e+02 2.494392105279999985e-22
1.190000000000000000e+02 2.285365509659999907e-24
1.200000000000000000e+02 2.649318099440000074e-22
1.210000000000000000e+02 7.504344169159999351e-24
1.220000000000000000e+02 4.658743159549999582e-22
1.230000000000000000e+02 9.101776046910000187e-24
1.240000000000000000e+02 2.662966526569999953e-24
1.250000000000000000e+02 2.815479234890000161e-24
1.260000000000000000e+02 9.020550351089999533e-24
1.270000000000000000e+02 5.722053076530000073e-19
1.280000000000000000e+02 8.172009144029999355e-24
1.290000000000000000e+02 3.139508778869999861e-24
1.300000000000000000e+02 2.375116171909999994e-24
1.310000000000000000e+02 5.550894128519999742e-24
1.320000000000000000e+02 5.552199826990000482e-23
1.330000000000000000e+02 1.524111122760000101e-22
1.340000000000000000e+02 5.636178904120000183e-24
1.350000000000000000e+02 2.194658623169999822e-24
1.360000000000000000e+02 1.793621106930000183e-24
1.370000000000000000e+02 1.502333885929999975e-24
1.380000000000000000e+02 3.256367869309999972e-24
1.390000000000000000e+02 2.685174869150000127e-20
1.400000000000000000e+02 1.247251458450000075e-22
1.410000000000000000e+02 2.240775117500000004e-23
1.420000000000000000e+02 2.208411214030000000e-24
1.430000000000000000e+02 1.173108892380000009e-24
1.440000000000000000e+02 1.046549024719999924e-24
1.450000000000000000e+02 1.578808348389999963e-24
1.460000000000000000e+02 1.855577605249999823e-24
1.470000000000000000e+02 2.917865488779999887e-24
1.480000000000000000e+02 7.438521701740000696e-24
1.490000000000000000e+02 1.570050721829999914e-21
1.500000000000000000e+02 6.043177081139999433e-23
1.510000000000000000e+02 7.384930613589999982e-23
1.520000000000000000e+02 1.135112493950000024e-23
1.530000000000000000e+02 1.737126019400000095e-23
1.540000000000000000e+02 1.166158586929999931e-23
1.550000000000000000e+02 2.463957301479999991e-24
1.560000000000000000e+02 1.878367241909999851e-24
1.570000000000000000e+02 3.047839902919999909e-24
1.580000000000000000e+02 1.355642073189999955e-22
1.590000000000000000e+02 4.118499124329999794e-24
1.600000000000000000e+02 1.152545569149999914e-24
1.610000000000000000e+02 6.935392064929999930e-25
1.620000000000000000e+02 1.921414481469999976e-24
1.630000000000000000e+02 6.281468342560000439e-25
1.640000000000000000e+02 6.515802642759999723e-25
1.650000000000000000e+02 7.999408160680000062e-25
1.660000000000000000e+02 2.977324577409999857e-24
1.670000000000000000e+02 6.266849244839999983e-24
1.680000000000000000e+02 2.446509379739999989e-24
1.690000000000000000e+02 6.008241804069999986e-24
1.700000000000000000e+02 7.875621924139999798e-23
1.710000000000000000e+02 2.543682886399999908e-23
1.720000000000000000e+02 4.887685534320000273e-24
1.730000000000000000e+02 1.034295003000000003e-23
1.740000000000000000e+02 8.218841405250000010e-24
1.750000000000000000e+02 2.314651133219999834e-24
1.760000000000000000e+02 9.422193492050000625e-21
1.770000000000000000e+02 1.254012282370000053e-23
1.780000000000000000e+02 1.661317061780000136e-23
1.790000000000000000e+02 1.107429445869999998e-23
1.800000000000000000e+02 1.159312901940000088e-24
1.810000000000000000e+02 3.831400081399999864e-24
1.820000000000000000e+02 1.782984897169999851e-24
1.830000000000000000e+02 1.190302746900000005e-24
1.840000000000000000e+02 9.174466071430000837e-25
1.850000000000000000e+02 5.451185370140000059e-25
1.860000000000000000e+02 9.003592528530000159e-25
1.870000000000000000e+02 1.677815217270000062e-24
1.880000000000000000e+02 5.363389576099999977e-23
1.890000000000000000e+02 3.117825440870000164e-24
1.900000000000000000e+02 8.175352424040000431e-25
1.910000000000000000e+02 5.029257000019999673e-25
1.920000000000000000e+02 4.600123395939999622e-25
1.930000000000000000e+02 9.591106157410000222e-25
1.940000000000000000e+02 1.778635544610000051e-24
1.950000000000000000e+02 8.514363776560000780e-25
1.960000000000000000e+02 1.854262406319999928e-24
1.970000000000000000e+02 9.152634555009999905e-25
1.980000000000000000e+02 2.223731486370000119e-24
1.990000000000000000e+02 1.301050706460000043e-24
2.000000000000000000e+02 2.542051978330000156e-24
2.010000000000000000e+02 5.584620254360000112e-24
2.020000000000000000e+02 3.523676422490000113e-23
2.030000000000000000e+02 5.217583125780000169e-22
2.040000000000000000e+02 9.429725520549999844e-24
2.050000000000000000e+02 3.398651852979999953e-24
2.060000000000000000e+02 2.416338099299999955e-24
2.070000000000000000e+02 4.565049594680000229e-24
2.080000000000000000e+02 2.886850664450000283e-23
2.090000000000000000e+02 1.933593779250000031e-23
2.100000000000000000e+02 2.836292858639999840e-24
2.110000000000000000e+02 5.281855690299999814e-24
2.120000000000000000e+02 1.238209584609999979e-24
2.130000000000000000e+02 1.281358990560000015e-24
2.140000000000000000e+02 5.521069770479999804e-23
2.150000000000000000e+02 7.750023150349999589e-24
2.160000000000000000e+02 6.268948189460000145e-25
2.170000000000000000e+02 4.787325857890000221e-25
2.180000000000000000e+02 4.743972334170000108e-25
2.190000000000000000e+02 6.278074950540000364e-25
2.200000000000000000e+02 1.181612459139999962e-24
2.210000000000000000e+02 5.841281592250000271e-24
2.220000000000000000e+02 2.369910406190000019e-23
2.230000000000000000e+02 2.842184702720000151e-24
2.240000000000000000e+02 6.588618629379999765e-24
2.250000000000000000e+02 4.845927111570000021e-24
2.260000000000000000e+02 2.707154155010000172e-23
2.270000000000000000e+02 5.568957150250000198e-23
2.280000000000000000e+02 1.692113965420000062e-22
2.290000000000000000e+02 4.256179520309999909e-24
2.300000000000000000e+02 1.379847376379999999e-24
2.310000000000000000e+02 1.045540874710000050e-24
2.320000000000000000e+02 7.516456191889999955e-25
2.330000000000000000e+02 6.375642031250000255e-25
2.340000000000000000e+02 3.349803725640000080e-25
2.350000000000000000e+02 2.455923914859999911e-25
2.360000000000000000e+02 2.073222876110000118e-25
2.370000000000000000e+02 1.913297324959999988e-25
2.380000000000000000e+02 1.873860075099999894e-25
2.390000000000000000e+02 1.902578840370000057e-25
2.400000000000000000e+02 2.060913118779999906e-25
2.410000000000000000e+02 2.463190631389999812e-25
2.420000000000000000e+02 3.153157288439999791e-25
2.430000000000000000e+02 1.171294340870000047e-24
2.440000000000000000e+02 1.636456696709999980e-24
2.450000000000000000e+02 8.683856802980000024e-24
2.460000000000000000e+02 1.426499538479999892e-23
2.470000000000000000e+02 4.051571188700000120e-24
2.480000000000000000e+02 3.423294476010000134e-22
2.490000000000000000e+02 2.841903110420000037e-24
2.500000000000000000e+02 1.483207751789999991e-24
2.510000000000000000e+02 8.362108201959999659e-23
2.520000000000000000e+02 1.557126720709999958e-24
2.530000000000000000e+02 5.758716923279999867e-24
2.540000000000000000e+02 3.364452402620000044e-21
2.550000000000000000e+02 4.432118442059999818e-24
2.560000000000000000e+02 2.569397352339999820e-24
2.570000000000000000e+02 7.577174908849999722e-25
2.580000000000000000e+02 3.771605650620000023e-25
2.590000000000000000e+02 2.832672908609999979e-25
2.600000000000000000e+02 2.043581319809999995e-25
2.610000000000000000e+02 1.708553967270000024e-25
2.620000000000000000e+02 1.558821199239999903e-25
2.630000000000000000e+02 2.809914596279999804e-25
2.640000000000000000e+02 1.877607842270000078e-25
2.650000000000000000e+02 3.311924514460000189e-25
2.660000000000000000e+02 8.454808580450000683e-24
2.670000000000000000e+02 6.013335431390000334e-25
2.680000000000000000e+02 1.908849750629999954e-25
2.690000000000000000e+02 1.318087833879999989e-25
2.700000000000000000e+02 1.216580780860000074e-25
2.710000000000000000e+02 1.242457434399999891e-25
2.720000000000000000e+02 2.639249334780000190e-25
2.730000000000000000e+02 3.108812606710000175e-19
2.740000000000000000e+02 2.533535204009999892e-25
2.750000000000000000e+02 5.597477711900000173e-25
2.760000000000000000e+02 1.714553904819999874e-23
2.770000000000000000e+02 1.920707254439999948e-24
2.780000000000000000e+02 2.458685036450000117e-23
2.790000000000000000e+02 5.155842855740000358e-24
2.800000000000000000e+02 3.302513106219999964e-24
2.810000000000000000e+02 1.973401084460000089e-24
2.820000000000000000e+02 5.104319722150000092e-23
2.830000000000000000e+02 2.067353249409999915e-24
2.840000000000000000e+02 5.187556638869999871e-25
2.850000000000000000e+02 2.836487314819999957e-25
2.860000000000000000e+02 3.115683666649999805e-25
2.870000000000000000e+02 6.636937971940000682e-24
2.880000000000000000e+02 4.766227753219999832e-25
2.890000000000000000e+02 4.245722706559999657e-24
2.900000000000000000e+02 2.687209944919999917e-24
2.910000000000000000e+02 6.883525350009999647e-25
2.920000000000000000e+02 1.937323493880000088e-25
2.930000000000000000e+02 1.242949384320000045e-25
2.940000000000000000e+02 9.901669984149999433e-26
2.950000000000000000e+02 9.749441124979999465e-26
2.960000000000000000e+02 1.034400944369999948e-25
2.970000000000000000e+02 9.865821099720000443e-26
2.980000000000000000e+02 1.811558889550000006e-25
2.990000000000000000e+02 2.003040434350000013e-25
3.000000000000000000e+02 2.936119218600000134e-25
3.010000000000000000e+02 1.064258638110000086e-24
3.020000000000000000e+02 1.242142542819999980e-23
3.030000000000000000e+02 2.875737918069999844e-21
3.040000000000000000e+02 1.574045535700000057e-24
3.050000000000000000e+02 4.582711140250000073e-25
3.060000000000000000e+02 3.455412356669999992e-25
3.070000000000000000e+02 1.247859840029999990e-25
3.080000000000000000e+02 1.088143580619999911e-25
3.090000000000000000e+02 1.124587011609999998e-25
3.100000000000000000e+02 9.569373476670000209e-26
3.110000000000000000e+02 6.200811870880000470e-26
3.120000000000000000e+02 6.938066568539999644e-26
3.130000000000000000e+02 8.362562702440000441e-26
3.140000000000000000e+02 2.359181735430000078e-25
3.150000000000000000e+02 1.501920043999999878e-23
3.160000000000000000e+02 1.899190348769999917e-25
3.170000000000000000e+02 8.109417406300000480e-26
3.180000000000000000e+02 6.535280772089999429e-26
3.190000000000000000e+02 6.877510059870000314e-26
3.200000000000000000e+02 8.761156006210000332e-26
3.210000000000000000e+02 1.560382742919999982e-25
3.220000000000000000e+02 2.937136206079999901e-25
3.230000000000000000e+02 1.613651138730000079e-24
3.240000000000000000e+02 4.316637414340000129e-23
3.250000000000000000e+02 5.340169438449999640e-25
3.260000000000000000e+02 3.525583348850000081e-25
3.270000000000000000e+02 1.094776074890000078e-24
3.280000000000000000e+02 4.006312629399999831e-24
3.290000000000000000e+02 2.996148810549999983e-25
3.300000000000000000e+02 1.263404233619999977e-25
3.310000000000000000e+02 9.216916714870000350e-26
3.320000000000000000e+02 1.150311416380000030e-25
3.330000000000000000e+02 1.346146756510000009e-25
3.340000000000000000e+02 4.430934848699999690e-25
3.350000000000000000e+02 1.675899551669999973e-23
3.360000000000000000e+02 5.955081139359999669e-25
3.370000000000000000e+02 1.445472135040000006e-25
3.380000000000000000e+02 8.161567063809999469e-26
3.390000000000000000e+02 7.795411019900000389e-26
3.400000000000000000e+02 2.777499629449999850e-25
3.410000000000000000e+02 4.138356550329999953e-25
3.420000000000000000e+02 7.583712844130000147e-26
3.430000000000000000e+02 4.370169901550000378e-25
3.440000000000000000e+02 6.082293508780000434e-26
3.450000000000000000e+02 5.329587039850000092e-26
3.460000000000000000e+02 5.795274032709999949e-25
3.470000000000000000e+02 4.983550029259999845e-26
3.480000000000000000e+02 7.249231351240000284e-26
3.490000000000000000e+02 2.395326685589999810e-25
3.500000000000000000e+02 2.521896088539999869e-24
3.510000000000000000e+02 2.933217747430000122e-25
3.520000000000000000e+02 1.225054335539999973e-21
3.530000000000000000e+02 1.921671499899999975e-25
3.540000000000000000e+02 4.904692783250000279e-24
3.550000000000000000e+02 4.081861693699999966e-25
3.560000000000000000e+02 2.037604340100000103e-25
3.570000000000000000e+02 3.011079657310000166e-24
3.580000000000000000e+02 4.629923334469999632e-25
3.590000000000000000e+02 1.279362876699999896e-25
3.600000000000000000e+02 4.879088832920000154e-26
3.610000000000000000e+02 3.604378098600000262e-26
3.620000000000000000e+02 2.559760737259999885e-26
3.630000000000000000e+02 3.244022962100000186e-26
3.640000000000000000e+02 1.861478578289999921e-26
3.650000000000000000e+02 1.768568989659999987e-26
3.660000000000000000e+02 1.846164325020000028e-26
3.670000000000000000e+02 2.212343155410000103e-26
3.680000000000000000e+02 5.727700883479999544e-26
3.690000000000000000e+02 1.074107172349999959e-25
3.700000000000000000e+02 1.686815804539999852e-20
3.710000000000000000e+02 9.827095773799999828e-26
3.720000000000000000e+02 3.862753464080000078e-26
3.735000000000000000e+02 1.187929743190500048e-25
3.760000000000000000e+02 2.885130972429999896e-25
3.795000000000000000e+02 4.331671482772500008e-26
3.835000000000000000e+02 6.431260009678249941e-25
3.875000000000000000e+02 8.929247642797499962e-26
3.915000000000000000e+02 1.582253441765000113e-26
3.955000000000000000e+02 7.556724905654500259e-25
3.995000000000000000e+02 3.910847939401875170e-24
4.035000000000000000e+02 9.555092561357500820e-27
4.075000000000000000e+02 7.114383633989999521e-27
4.115000000000000000e+02 7.893442775252499551e-27
4.155000000000000000e+02 8.109082633132499804e-26
4.195000000000000000e+02 1.608429162411800068e-24
4.235000000000000000e+02 2.478028077439250128e-25
4.280000000000000000e+02 2.969760404990599920e-26
4.325000000000000000e+02 1.472566851522399937e-25
4.365000000000000000e+02 1.083016585499250039e-26
4.410000000000000000e+02 5.796230099296000020e-25
4.455000000000000000e+02 2.156560498710499992e-26
4.495000000000000000e+02 4.916982556022499391e-27
4.540000000000000000e+02 5.054142824592400890e-26
4.590000000000000000e+02 6.019334492784290036e-23
4.635000000000000000e+02 5.001117145429999971e-27
4.680000000000000000e+02 3.580628744481600705e-26
4.725000000000000000e+02 1.842893713546500117e-25
4.770000000000000000e+02 5.032639025457999642e-27
4.820000000000000000e+02 1.786644239203331505e-23
4.870000000000000000e+02 8.958839021364000999e-27
4.920000000000000000e+02 1.175072022703839789e-25
4.970000000000000000e+02 2.657652049960000279e-27
5.020000000000000000e+02 2.314391462671599533e-26
5.070000000000000000e+02 4.528370858034700070e-25
5.120000000000000000e+02 3.568245152574600317e-26
5.170000000000000000e+02 2.732149739239121980e-24
5.220000000000000000e+02 1.427020979109799961e-25
5.270000000000000000e+02 7.560349923268738626e-25
5.325000000000000000e+02 2.333481265693333484e-27
5.380000000000000000e+02 1.268462484315200149e-26
5.430000000000000000e+02 3.073093332043000008e-26
5.485000000000000000e+02 4.413610919355649564e-25
5.540000000000000000e+02 4.891693166304439022e-25
5.595000000000000000e+02 2.312193661896666119e-27
5.655000000000000000e+02 1.996075356548833594e-26
5.710000000000000000e+02 1.157595470957200049e-26
5.765000000000000000e+02 2.196357043356166637e-26
5.825000000000000000e+02 7.428619957208895306e-24
5.885000000000000000e+02 2.796609032223333622e-27
5.945000000000000000e+02 8.176635722672000652e-26
6.005000000000000000e+02 1.148634948062663372e-24
6.065000000000000000e+02 1.220118845774999949e-27
6.125000000000000000e+02 3.630093268138000870e-26
6.185000000000000000e+02 6.841566603090499973e-26
6.245000000000000000e+02 3.781459622215000298e-27
6.305000000000000000e+02 3.472192945676666983e-27
6.370000000000000000e+02 3.154448300638856774e-26
6.435000000000000000e+02 1.688840729529999719e-27
6.500000000000000000e+02 1.171915894533571286e-27
6.565000000000000000e+02 1.580123726160666651e-27
6.630000000000000000e+02 7.613518860951999058e-27
6.695000000000000000e+02 2.286245568462499752e-26
6.760000000000000000e+02 1.361035106248857078e-27
6.830000000000000000e+02 1.423335357045571376e-27
6.900000000000000000e+02 8.541970600640571147e-27
6.970000000000000000e+02 4.183794033746428982e-27
7.040000000000000000e+02 1.310192787418857149e-27
7.110000000000000000e+02 9.672743094257143697e-28
7.180000000000000000e+02 6.853018938117143612e-28
7.250000000000000000e+02 6.685388694871429473e-28
7.320000000000000000e+02 2.961938538883429059e-27
7.395000000000000000e+02 7.071859165543749910e-28
7.470000000000000000e+02 7.473589824274285683e-28
7.545000000000000000e+02 7.964618379310000185e-28
7.620000000000000000e+02 6.346776716758572123e-28
7.695000000000000000e+02 1.975925473888249939e-27
7.775000000000000000e+02 1.008038628359450008e-26
7.855000000000000000e+02 6.249948734500000925e-28
7.930000000000000000e+02 1.595081950269714418e-27
8.005000000000000000e+02 1.477773370882374908e-27
8.085000000000000000e+02 6.095534481521249671e-28
8.170000000000000000e+02 5.250098486470000707e-28
8.255000000000000000e+02 5.573634529783749540e-28
8.335000000000000000e+02 4.914620857262500365e-28
8.415000000000000000e+02 1.208891299558249959e-27
8.500000000000000000e+02 5.067322467698889559e-28
8.585000000000000000e+02 5.338203160691250452e-27
8.670000000000000000e+02 4.824911711236667267e-28
8.760000000000000000e+02 4.574137245827777603e-28
8.850000000000000000e+02 5.286459176828888246e-28
8.935000000000000000e+02 4.381755060786248949e-28
9.020000000000000000e+02 4.306793548337778541e-28
9.115000000000000000e+02 5.916433422710999378e-28
9.210000000000000000e+02 4.399002419713889039e-27
9.300000000000000000e+02 4.275157043786666682e-28
9.390000000000000000e+02 4.751531091024000302e-27
9.485000000000000000e+02 4.172074266160000311e-28
9.580000000000000000e+02 4.061349043414444837e-28
9.675000000000000000e+02 4.013812916708000135e-28
9.775000000000000000e+02 8.159880403663001335e-28
9.870000000000000000e+02 3.932007421755555088e-28
9.965000000000000000e+02 3.907712023098999921e-28
1.006500000000000000e+03 4.342634189523999682e-28
1.016500000000000000e+03 3.964516441424999498e-28
1.027000000000000000e+03 3.908199583435454346e-28
1.037500000000000000e+03 3.914424713802000441e-28
1.047500000000000000e+03 3.891766593321000402e-28
1.058000000000000000e+03 3.907850104789999327e-28
1.069000000000000000e+03 4.336464773437273342e-28
1.079500000000000000e+03 3.927951252792000452e-28
1.090000000000000000e+03 4.037992134691817482e-28
1.101000000000000000e+03 4.139314055320908840e-28
1.112000000000000000e+03 4.397163891661818138e-28
1.123000000000000000e+03 4.466664070368181814e-28
1.134500000000000000e+03 1.036069162476427540e-25
1.146000000000000000e+03 4.526234009304544832e-28
1.157500000000000000e+03 1.517765310766791615e-26
1.169000000000000000e+03 2.057218876026818234e-27
1.180500000000000000e+03 4.206200590655691103e-26
1.192500000000000000e+03 2.660028962358908482e-26
1.204500000000000000e+03 1.299068012109333480e-27
1.216500000000000000e+03 1.612694359292166782e-27
1.228500000000000000e+03 5.583983058510417109e-27
1.240500000000000000e+03 1.458351540513353763e-23
1.253000000000000000e+03 1.062621729182384622e-27
1.266000000000000000e+03 2.559173147930961132e-26
1.278500000000000000e+03 2.786807694154349476e-26
1.291000000000000000e+03 2.069143572478376610e-26
1.304000000000000000e+03 6.102709226667277133e-26
1.317000000000000000e+03 2.665358153423184681e-25
1.330000000000000000e+03 3.336795020166384672e-26
1.343500000000000000e+03 3.175398881341243604e-25
1.357000000000000000e+03 1.649948210435938037e-25
1.370500000000000000e+03 5.066769557409299360e-25
1.384500000000000000e+03 1.270055969488100291e-25
1.398500000000000000e+03 3.252500622934807247e-23
1.412500000000000000e+03 3.127666178162843121e-24
1.426500000000000000e+03 2.540418148647895782e-21
1.440500000000000000e+03 1.354411036430300119e-24
1.455000000000000000e+03 6.610660142656266842e-23
1.469500000000000000e+03 1.449622702568087809e-23
1.484000000000000000e+03 1.063627578702693345e-24
1.499000000000000000e+03 2.550294684776533591e-24
1.514000000000000000e+03 2.672800333340153065e-23
1.529000000000000000e+03 4.167875829793200590e-24
1.544500000000000000e+03 3.552248938754636849e-23
1.560000000000000000e+03 6.377482763354200150e-24
1.575500000000000000e+03 1.089974486553087565e-23
1.591500000000000000e+03 1.611369687827312557e-25
1.607500000000000000e+03 6.826349991981812987e-25
1.623500000000000000e+03 3.022020856328875652e-24
1.639500000000000000e+03 8.421320341079111295e-23
1.656000000000000000e+03 5.790967472233116876e-24
1.672500000000000000e+03 2.118268365265999962e-24
1.689000000000000000e+03 4.408277136239182690e-23
1.706000000000000000e+03 2.120444649597811844e-23
1.723000000000000000e+03 1.918622445927481569e-23
1.740500000000000000e+03 2.531605477157111167e-23
1.758000000000000000e+03 3.972967491324801471e-21
1.775500000000000000e+03 1.059713451894038742e-24
1.793500000000000000e+03 1.686230929706873067e-24
1.811500000000000000e+03 1.951049208141869274e-24
1.829500000000000000e+03 9.775841109690887301e-25
1.847500000000000000e+03 4.835148316070033663e-25
1.866000000000000000e+03 4.254654846378168486e-25
1.884500000000000000e+03 3.367118749942721662e-26
1.903000000000000000e+03 7.641064740331132319e-25
1.922000000000000000e+03 1.826355159943612727e-22
1.941500000000000000e+03 2.549995952439649785e-26
1.961000000000000000e+03 4.965982856018159046e-22
1.980500000000000000e+03 8.139906981556698038e-24
2.000500000000000000e+03 7.464933688018217243e-25
2.020500000000000000e+03 2.751768280803552197e-24
2.040500000000000000e+03 1.313792341469049961e-26
2.061000000000000000e+03 1.069764336156987941e-25
2.082000000000000000e+03 3.918355423603951889e-27
2.102500000000000000e+03 2.250990356126948003e-25
2.123500000000000000e+03 8.099125395762000430e-27
2.145000000000000000e+03 1.578458132922676529e-25
2.166500000000000000e+03 1.323182155086199884e-26
2.188000000000000000e+03 2.455643928870476775e-28
2.209500000000000000e+03 2.042515785039090776e-28
2.231500000000000000e+03 4.253258959536853876e-26
2.254000000000000000e+03 8.348129355692606186e-27
2.277000000000000000e+03 3.234503553083043820e-28
2.299500000000000000e+03 2.803858858262364314e-27
2.322500000000000000e+03 1.488274000564999746e-28
2.346000000000000000e+03 1.848959280407825922e-28
2.369000000000000000e+03 1.429921599754782800e-28
2.392500000000000000e+03 1.489229112735833321e-28
2.416500000000000000e+03 1.251795619181250253e-28
2.441000000000000000e+03 1.716895671410075981e-26
2.465500000000000000e+03 1.288600093941249737e-28
2.490000000000000000e+03 1.401938866069200079e-28
2.515000000000000000e+03 1.565507262747720024e-27
2.540000000000000000e+03 8.631429334937480678e-27
2.565500000000000000e+03 5.113120350577430279e-26
2.591500000000000000e+03 5.595519161843370377e-25
2.617500000000000000e+03 8.399176688020153329e-27
2.643500000000000000e+03 1.138296569819642905e-24
2.669500000000000000e+03 1.098013831524838380e-24
2.696000000000000000e+03 4.338920247442962982e-28
2.723000000000000000e+03 2.911004606592313699e-25
2.750500000000000000e+03 1.329008022482691863e-24
2.778000000000000000e+03 1.978694355258851516e-27
2.805500000000000000e+03 2.677924832504790542e-25
2.834000000000000000e+03 3.146875073899720860e-25
2.862500000000000000e+03 1.392288989812857071e-27
2.891000000000000000e+03 1.250202079935781384e-24
2.920000000000000000e+03 2.290600351502914618e-26
2.949000000000000000e+03 5.928607582768538518e-25
2.978500000000000000e+03 2.735838993522980386e-23
3.008500000000000000e+03 1.360546835914464379e-24
3.038500000000000000e+03 2.486942505965089269e-23
3.068500000000000000e+03 7.318491398874222816e-24
3.099000000000000000e+03 6.737792153529448127e-25
3.130000000000000000e+03 1.178378527145865213e-21
3.161500000000000000e+03 1.555017369673090909e-25
3.193500000000000000e+03 2.439168398704193366e-24
3.225500000000000000e+03 2.891951743184743535e-24
3.257500000000000000e+03 1.211815660395871620e-25
3.290000000000000000e+03 8.754112719787113529e-26
3.323000000000000000e+03 2.380059051404038593e-23
3.356000000000000000e+03 1.298403146662045242e-25
3.389500000000000000e+03 1.296176854925577098e-24
3.423500000000000000e+03 5.741754359865533793e-26
3.458000000000000000e+03 8.610616358055563190e-24
3.492500000000000000e+03 1.056774391575626977e-24
3.527000000000000000e+03 2.916515085945605886e-22
3.562500000000000000e+03 2.704517667698840600e-22
3.598500000000000000e+03 1.256436409973414018e-20
3.634500000000000000e+03 5.608701137268379945e-21
3.670500000000000000e+03 1.410350511800174702e-22
3.707000000000000000e+03 8.273436436092988260e-22
3.744500000000000000e+03 8.291064484442801991e-22
3.782000000000000000e+03 8.783688271294271946e-22
3.819500000000000000e+03 1.275866717882852265e-20
3.858000000000000000e+03 3.377342513647110867e-23
3.896500000000000000e+03 6.665342757669733454e-21
3.935000000000000000e+03 5.651339649813433901e-23
3.974500000000000000e+03 4.205154813945029955e-23
4.014500000000000000e+03 5.659988651872839593e-22
4.054500000000000000e+03 4.466630336562350901e-24
4.095000000000000000e+03 5.216668589294586734e-25
4.136000000000000000e+03 1.003897239612982031e-25
4.177500000000000000e+03 3.226485345519972742e-25
4.219500000000000000e+03 9.469336234112454230e-26
4.261500000000000000e+03 6.363627056442936657e-26
4.304000000000000000e+03 4.957964987528465507e-27
4.347000000000000000e+03 8.799651520381763938e-27
4.390500000000000000e+03 3.258197978605385829e-28
4.434500000000000000e+03 1.022466713759545530e-28
4.479000000000000000e+03 2.222836045170720118e-27
4.524000000000000000e+03 1.104247057807929175e-27
4.569000000000000000e+03 1.142211662500129478e-24
4.614500000000000000e+03 9.463594392617716945e-28
4.660500000000000000e+03 9.585803286778759192e-28
4.707000000000000000e+03 1.195780328196104045e-27
4.754500000000000000e+03 6.501520875950124049e-28
4.802000000000000000e+03 4.284025225911674787e-25
4.850000000000000000e+03 5.777304228337738440e-25
4.898500000000000000e+03 1.843060049185104190e-25
4.947500000000000000e+03 6.157864912666648914e-25
4.997000000000000000e+03 5.438472874605714601e-26
5.047000000000000000e+03 2.375443823142245095e-23
5.097500000000000000e+03 1.056206137812027680e-23
5.148000000000000000e+03 1.436434465009795809e-22
5.199500000000000000e+03 2.689452315917941386e-22
5.251500000000000000e+03 5.809872751885006480e-24
5.304000000000000000e+03 5.346556162752715498e-22
5.357500000000000000e+03 2.543558176478587907e-22
5.411000000000000000e+03 1.940988629813468026e-24
5.465000000000000000e+03 4.252847656569674768e-21
5.520000000000000000e+03 8.593475690613824701e-22
5.575000000000000000e+03 4.948138008715776754e-24
5.630500000000000000e+03 2.663220389015287107e-23
5.687000000000000000e+03 5.885560984460544175e-27
5.744000000000000000e+03 1.655957641308613724e-24
5.801500000000000000e+03 8.650015327495750398e-25
5.859500000000000000e+03 1.337782971791162501e-26
5.918000000000000000e+03 1.841542102172716603e-27
5.977000000000000000e+03 1.469931870530037170e-27
6.036500000000000000e+03 5.314753422663483716e-28
6.097000000000000000e+03 6.160314929934098086e-29
6.158000000000000000e+03 1.735154814326278717e-28
6.219500000000000000e+03 7.239525596222378048e-27
6.282000000000000000e+03 1.755785488914125370e-26
6.345000000000000000e+03 2.539997588953608495e-26
6.408500000000000000e+03 1.774106327123487245e-26
6.472500000000000000e+03 1.619223477068788560e-25
6.537000000000000000e+03 1.801588930053280994e-26
6.602500000000000000e+03 1.295855341110212822e-24
6.668500000000000000e+03 1.123561479695380005e-23
6.735000000000000000e+03 3.154430337584445889e-23
6.802500000000000000e+03 1.444745755429813791e-22
6.870500000000000000e+03 6.625717357086479285e-24
6.939000000000000000e+03 1.000776595304431056e-23
7.008500000000000000e+03 4.565205254810522527e-23
7.078500000000000000e+03 8.095465414513608854e-22
7.149500000000000000e+03 3.124227543740738556e-22
7.221000000000000000e+03 1.405285632367847475e-21
7.293000000000000000e+03 5.328457732275901207e-21
7.366000000000000000e+03 9.056051740861146430e-22
7.439500000000000000e+03 7.388687103193068348e-23
7.514000000000000000e+03 4.248573861958690700e-24
7.589500000000000000e+03 5.178890306023079283e-24
7.665500000000000000e+03 9.538395454067701233e-26
7.742000000000000000e+03 1.540554237038267956e-26
7.819500000000000000e+03 5.433865096835630211e-26
7.897500000000000000e+03 4.082958480808089799e-27
7.976500000000000000e+03 8.260476343323101901e-27
8.056500000000000000e+03 3.644233542498175462e-28
8.137000000000000000e+03 1.319404352872321048e-26
8.218000000000000000e+03 9.460881053859819287e-24
8.300000000000000000e+03 3.919636820973654829e-24
8.383500000000000000e+03 1.376470989229946563e-24
8.467500000000000000e+03 2.048263324704817689e-25
8.552000000000000000e+03 1.168544037719336959e-24
8.637500000000000000e+03 8.284000623294200307e-23
8.724000000000000000e+03 1.129557099221838785e-22
8.811000000000000000e+03 3.129820926126193931e-22
8.899000000000000000e+03 1.018062746282623469e-22
8.988000000000000000e+03 1.835585089158566884e-23
9.078000000000000000e+03 1.741447160382577547e-24
9.169000000000000000e+03 1.710543612782846477e-24
9.260500000000000000e+03 1.747290754776754913e-26
9.353000000000000000e+03 4.623289322805546890e-26
9.446500000000000000e+03 2.268277725248365368e-27
9.541000000000000000e+03 6.957007542785287322e-29
9.636500000000000000e+03 1.904667292901699323e-26
9.733000000000000000e+03 1.224042153307769321e-26
9.830000000000000000e+03 1.915913227253102060e-26
9.928000000000000000e+03 1.453718343066075446e-26
9.989000000000000000e+03 9.771171172104168071e-26
