1.000000000000000000e+01 2.186788274229999801e-25
1.100000000000000000e+01 3.881400185940000144e-25
1.200000000000000000e+01 3.331333651719999940e-25
1.300000000000000000e+01 7.465600067959999893e-25
1.400000000000000000e+01 4.025770635659999960e-25
1.500000000000000000e+01 1.043441543570000034e-23
1.600000000000000000e+01 8.938534412880000230e-25
1.700000000000000000e+01 3.472070504149999724e-24
1.800000000000000000e+01 9.130921119809999305e-24
1.900000000000000000e+01 1.663683166130000052e-23
2.000000000000000000e+01 5.581113904090000029e-24
2.100000000000000000e+01 1.066663557770000090e-24
2.200000000000000000e+01 8.947985376569999725e-25
2.300000000000000000e+01 8.825610254000000263e-25
2.400000000000000000e+01 1.958732045640000030e-24
2.500000000000000000e+01 2.467960895919999935e-22
2.600000000000000000e+01 2.599126170719999896e-24
2.700000000000000000e+01 9.982827023300000345e-25
2.800000000000000000e+01 8.466623417289999871e-25
2.900000000000000000e+01 8.106867656569999889e-25
3.000000000000000000e+01 1.808926916539999975e-23
3.100000000000000000e+01 1.517059614279999929e-24
3.200000000000000000e+01 2.937427817029999990e-24
3.300000000000000000e+01 6.087612635299999805e-22
3.400000000000000000e+01 3.523916970200000226e-24
3.500000000000000000e+01 5.150117490110000181e-24
3.600000000000000000e+01 2.586538354530000071e-23
3.700000000000000000e+01 1.830855989449999940e-22
3.800000000000000000e+01 2.910242484580000122e-23
3.900000000000000000e+01 1.920914042299999917e-22
4.000000000000000000e+01 1.852002347579999969e-22
4.100000000000000000e+01 1.634993524330000009e-20
4.200000000000000000e+01 5.879747725210000052e-24
4.300000000000000000e+01 3.203658782340000182e-24
4.400000000000000000e+01 1.904579855040000089e-23
4.500000000000000000e+01 2.920037701619999876e-24
4.600000000000000000e+01 6.178800192579999854e-24
4.700000000000000000e+01 1.869962647319999935e-21
4.800000000000000000e+01 1.449650802750000031e-23
4.900000000000000000e+01 3.213713216169999869e-24
5.000000000000000000e+01 2.942297249429999973e-24
5.100000000000000000e+01 3.687577059010000093e-24
5.200000000000000000e+01 5.521668109869999714e-24
5.300000000000000000e+01 2.130555115119999918e-23
5.400000000000000000e+01 2.456517830289999935e-23
5.500000000000000000e+01 4.903326398919999634e-22
5.600000000000000000e+01 3.020828581029999915e-22
5.700000000000000000e+01 2.971809220599999774e-22
5.800000000000000000e+01 4.675360181179999726e-23
5.900000000000000000e+01 3.439892955190000258e-23
6.000000000000000000e+01 4.854919800769999873e-22
6.100000000000000000e+01 9.099012534800000119e-24
6.200000000000000000e+01 5.993582447890000241e-23
6.300000000000000000e+01 1.948992760510000103e-23
6.400000000000000000e+01 3.480708162149999944e-20
6.500000000000000000e+01 1.265545546379999982e-23
6.600000000000000000e+01 4.974918137129999810e-24
6.700000000000000000e+01 8.711494166820000445e-24
6.800000000000000000e+01 6.850086846349999650e-22
6.900000000000000000e+01 6.180753922739999931e-23
7.000000000000000000e+01 1.167701760419999945e-23
7.100000000000000000e+01 1.457865784969999956e-23
7.200000000000000000e+01 3.744028273600000167e-22
7.300000000000000000e+01 1.496641794149999903e-22
7.400000000000000000e+01 6.633963851390000045e-22
7.500000000000000000e+01 6.254679276780000047e-23
7.600000000000000000e+01 6.724227400189999708e-23
7.700000000000000000e+01 1.403401610319999883e-23
7.800000000000000000e+01 6.137598178509999440e-23
7.900000000000000000e+01 4.854129483000000101e-22
8.000000000000000000e+01 2.645004083039999798e-22
8.100000000000000000e+01 3.023094352550000015e-20
8.200000000000000000e+01 4.109818663550000105e-22
8.300000000000000000e+01 2.053298539540000136e-23
8.400000000000000000e+01 9.220414415029999574e-24
8.500000000000000000e+01 1.584466668130000017e-23
8.600000000000000000e+01 2.228660231949999932e-23
8.700000000000000000e+01 5.299193319060000444e-23
8.800000000000000000e+01 8.572972051800000013e-21
8.900000000000000000e+01 1.583746247220000006e-22
9.000000000000000000e+01 7.837291327710000015e-23
9.100000000000000000e+01 3.402339133909999985e-23
9.200000000000000000e+01 2.138727488679999812e-22
9.300000000000000000e+01 2.539474185679999843e-22
9.400000000000000000e+01 3.198373899160000127e-23
9.500000000000000000e+01 2.235360256660000007e-23
9.600000000000000000e+01 1.003096754819999999e-21
9.700000000000000000e+01 2.508232322600000021e-23
9.800000000000000000e+01 6.751909065440000026e-23
9.900000000000000000e+01 2.381713818919999965e-20
1.000000000000000000e+02 8.603594251879999945e-22
1.010000000000000000e+02 2.232639952360000203e-22
1.020000000000000000e+02 5.566337871319999443e-23
1.030000000000000000e+02 2.398874921059999965e-23
1.040000000000000000e+02 1.992260985510000096e-22
1.050000000000000000e+02 1.434856682740000025e-22
1.060000000000000000e+02 1.632800071689999977e-22
1.070000000000000000e+02 1.137819626460000050e-22
1.080000000000000000e+02 5.353016253019999976e-23
1.090000000000000000e+02 1.082785570089999964e-23
1.100000000000000000e+02 5.513807521519999580e-23
1.110000000000000000e+02 1.364748355579999918e-21
1.120000000000000000e+02 2.798472946330000023e-23
1.130000000000000000e+02 8.485823491579999336e-24
1.140000000000000000e+02 5.551301666719999892e-24
1.150000000000000000e+02 5.277542701979999702e-24
1.160000000000000000e+02 2.115285313860000001e-23
1.170000000000000000e+02 3.810430115250000185e-23
1.180000000000000000e+02 3.221510198179999971e-21
1.190000000000000000e+02 2.229812016639999933e-23
1.200000000000000000e+02 2.415349255220000111e-21
1.210000000000000000e+02 6.975779200099999957e-23
1.220000000000000000e+02 4.260031383840000111e-21
1.230000000000000000e+02 1.067636738649999931e-22
1.240000000000000000e+02 2.813358356099999841e-23
1.250000000000000000e+02 2.212768733009999886e-23
1.260000000000000000e+02 6.747578343379999798e-23
1.270000000000000000e+02 4.023758424920000370e-18
1.280000000000000000e+02 6.025869119000000583e-23
1.290000000000000000e+02 2.680842361600000027e-23
1.300000000000000000e+02 1.729625848459999919e-23
1.310000000000000000e+02 5.288466586799999820e-23
1.320000000000000000e+02 6.087837136970000206e-22
1.330000000000000000e+02 1.198667137059999920e-21
1.340000000000000000e+02 4.238825172059999898e-23
1.350000000000000000e+02 1.731792182579999953e-23
1.360000000000000000e+02 1.760971659770000146e-23
1.370000000000000000e+02 1.339236257669999916e-23
1.380000000000000000e+02 3.349107445989999772e-23
1.390000000000000000e+02 3.012682785379999841e-19
1.400000000000000000e+02 1.035163850960000066e-21
1.410000000000000000e+02 1.829744444060000109e-22
1.420000000000000000e+02 2.051771500679999994e-23
1.430000000000000000e+02 9.669005577370000596e-24
1.440000000000000000e+02 8.104922678240000136e-24
1.450000000000000000e+02 2.414150261060000000e-23
1.460000000000000000e+02 1.299840307550000003e-23
1.470000000000000000e+02 2.114316290129999873e-23
1.480000000000000000e+02 5.194414872130000263e-23
1.490000000000000000e+02 1.014497215180000052e-20
1.500000000000000000e+02 3.959905571390000055e-22
1.510000000000000000e+02 5.395717909720000004e-22
1.520000000000000000e+02 9.230859610920000284e-23
1.530000000000000000e+02 1.588854527440000088e-22
1.540000000000000000e+02 1.128219911289999930e-22
1.550000000000000000e+02 2.198737618990000074e-23
1.560000000000000000e+02 2.222230468889999979e-23
1.570000000000000000e+02 4.118200152399999709e-23
1.580000000000000000e+02 1.922012719100000003e-21
1.590000000000000000e+02 7.544302343169999565e-23
1.600000000000000000e+02 1.713248582400000072e-23
1.610000000000000000e+02 6.554547534760000066e-24
1.620000000000000000e+02 1.494019299909999925e-23
1.630000000000000000e+02 5.452185659599999714e-24
1.640000000000000000e+02 7.935722177550000376e-24
1.650000000000000000e+02 7.259212535699999986e-24
1.660000000000000000e+02 3.743802806490000119e-23
1.670000000000000000e+02 7.002521260460000534e-23
1.680000000000000000e+02 1.939231649289999896e-23
1.690000000000000000e+02 4.428281946169999972e-23
1.700000000000000000e+02 5.730139514150000122e-22
1.710000000000000000e+02 1.848965206670000007e-22
1.720000000000000000e+02 3.611658584339999836e-23
1.730000000000000000e+02 8.478758102070000129e-23
1.740000000000000000e+02 5.812293992700000508e-23
1.750000000000000000e+02 2.126097283539999938e-23
1.760000000000000000e+02 1.717756436070000006e-19
1.770000000000000000e+02 9.698772568520000514e-23
1.780000000000000000e+02 1.236808353519999962e-22
1.790000000000000000e+02 1.227309372109999942e-21
1.800000000000000000e+02 1.156893038220000072e-23
1.810000000000000000e+02 5.556283511700000347e-23
1.820000000000000000e+02 2.417037557150000085e-23
1.830000000000000000e+02 1.143311430719999983e-23
1.840000000000000000e+02 8.302068704090000080e-24
1.850000000000000000e+02 4.896912210659999916e-24
1.860000000000000000e+02 8.048326955620000127e-24
1.870000000000000000e+02 1.447226443440000070e-23
1.880000000000000000e+02 4.531567498000000362e-22
1.890000000000000000e+02 2.654703952230000133e-23
1.900000000000000000e+02 7.200016392010000504e-24
1.910000000000000000e+02 4.751263386379999919e-24
1.920000000000000000e+02 5.193680910090000029e-24
1.930000000000000000e+02 1.633434656910000141e-23
1.940000000000000000e+02 3.583818461259999976e-23
1.950000000000000000e+02 1.401652556190000009e-23
1.960000000000000000e+02 3.675550085789999919e-23
1.970000000000000000e+02 1.178829584489999972e-23
1.980000000000000000e+02 5.883733905999999827e-23
1.990000000000000000e+02 1.193384956140000044e-23
2.000000000000000000e+02 2.293454377719999894e-23
2.010000000000000000e+02 4.890827243329999867e-23
2.020000000000000000e+02 3.157809687460000083e-22
2.030000000000000000e+02 4.361064663680000302e-21
2.040000000000000000e+02 8.056106286290000273e-23
2.050000000000000000e+02 2.917044885010000094e-23
2.060000000000000000e+02 2.070121601710000138e-23
2.070000000000000000e+02 3.864444992100000171e-23
2.080000000000000000e+02 2.429324221429999944e-22
2.090000000000000000e+02 1.628422435340000030e-22
2.100000000000000000e+02 2.434543521100000023e-23
2.110000000000000000e+02 5.147484257379999989e-23
2.120000000000000000e+02 2.198831596180000137e-23
2.130000000000000000e+02 1.877205505439999927e-23
2.140000000000000000e+02 7.631899412760000033e-22
2.150000000000000000e+02 6.314551389610000378e-23
2.160000000000000000e+02 6.097086372829999643e-24
2.170000000000000000e+02 6.281200830530000366e-24
2.180000000000000000e+02 4.301015078600000190e-24
2.190000000000000000e+02 5.413952987900000243e-24
2.200000000000000000e+02 9.747225685209999846e-24
2.210000000000000000e+02 4.524716908559999735e-23
2.220000000000000000e+02 2.057817984469999916e-22
2.230000000000000000e+02 8.238372263469999813e-23
2.240000000000000000e+02 9.828100655219999510e-23
2.250000000000000000e+02 4.744327091009999909e-23
2.260000000000000000e+02 2.596916960330000071e-22
2.270000000000000000e+02 7.801572467579999838e-22
2.280000000000000000e+02 1.657080354250000074e-21
2.290000000000000000e+02 4.199768971590000101e-23
2.300000000000000000e+02 1.418741794890000005e-23
2.310000000000000000e+02 1.991912590579999904e-23
2.320000000000000000e+02 1.691724815449999980e-23
2.330000000000000000e+02 1.040211797790000071e-23
2.340000000000000000e+02 4.218748606869999811e-24
2.350000000000000000e+02 2.634658706090000075e-24
2.360000000000000000e+02 2.145403364129999899e-24
2.370000000000000000e+02 1.937010804640000052e-24
2.380000000000000000e+02 1.903365856799999952e-24
2.390000000000000000e+02 1.926092543809999891e-24
2.400000000000000000e+02 2.094941231339999973e-24
2.410000000000000000e+02 4.181060356809999815e-24
2.420000000000000000e+02 3.363194879530000315e-24
2.430000000000000000e+02 9.714770294990000662e-24
2.440000000000000000e+02 2.780057432510000180e-23
2.450000000000000000e+02 8.571229174069999779e-23
2.460000000000000000e+02 1.061703836890000053e-22
2.470000000000000000e+02 4.596358478149999949e-23
2.480000000000000000e+02 3.925755969169999934e-21
2.490000000000000000e+02 3.668802427359999988e-23
2.500000000000000000e+02 2.568718388340000064e-23
2.510000000000000000e+02 1.114080374560000055e-21
2.520000000000000000e+02 1.790648808139999938e-23
2.530000000000000000e+02 6.674844441519999941e-23
2.540000000000000000e+02 3.890334810219999961e-20
2.550000000000000000e+02 5.130618101350000162e-23
2.560000000000000000e+02 3.150292600099999814e-23
2.570000000000000000e+02 1.338142147109999897e-23
2.580000000000000000e+02 4.381530577750000016e-24
2.590000000000000000e+02 3.330821071289999672e-24
2.600000000000000000e+02 2.338136433470000105e-24
2.610000000000000000e+02 1.973071875779999920e-24
2.620000000000000000e+02 1.800936474069999871e-24
2.630000000000000000e+02 3.033938879059999881e-24
2.640000000000000000e+02 2.281973655010000029e-24
2.650000000000000000e+02 4.965094329719999822e-24
2.660000000000000000e+02 1.208376219270000084e-22
2.670000000000000000e+02 9.448542225960000350e-24
2.680000000000000000e+02 2.910230941039999818e-24
2.690000000000000000e+02 1.681554758289999943e-24
2.700000000000000000e+02 1.518321846280000003e-24
2.710000000000000000e+02 1.611397564189999977e-24
2.720000000000000000e+02 5.084507486359999883e-24
2.730000000000000000e+02 6.573731316429999825e-19
2.740000000000000000e+02 3.098058509749999817e-24
2.750000000000000000e+02 6.578942328809999841e-24
2.760000000000000000e+02 1.558481997780000106e-22
2.770000000000000000e+02 2.496715904380000083e-23
2.780000000000000000e+02 3.438680630469999800e-22
2.790000000000000000e+02 7.259059751040000312e-23
2.800000000000000000e+02 5.621246366330000211e-23
2.810000000000000000e+02 2.983235028160000266e-23
2.820000000000000000e+02 4.899915473100000289e-22
2.830000000000000000e+02 2.845796013129999785e-23
2.840000000000000000e+02 7.003695882509999285e-24
2.850000000000000000e+02 3.937439981910000218e-24
2.860000000000000000e+02 4.143261742510000201e-24
2.870000000000000000e+02 1.263570137800000071e-22
2.880000000000000000e+02 6.165931985159999657e-24
2.890000000000000000e+02 5.279335004469999873e-23
2.900000000000000000e+02 3.397906923730000216e-23
2.910000000000000000e+02 1.247974306910000030e-23
2.920000000000000000e+02 2.648160935909999849e-24
2.930000000000000000e+02 1.677018424100000173e-24
2.940000000000000000e+02 1.356557775270000009e-24
2.950000000000000000e+02 1.348829265689999966e-24
2.960000000000000000e+02 1.464929391110000033e-24
2.970000000000000000e+02 1.593012075589999959e-24
2.980000000000000000e+02 4.328021614469999966e-24
2.990000000000000000e+02 3.992218283340000135e-24
3.000000000000000000e+02 5.019879240149999797e-24
3.010000000000000000e+02 7.247778972930000049e-23
3.020000000000000000e+02 2.149941379010000095e-22
3.030000000000000000e+02 4.938753416520000131e-20
3.040000000000000000e+02 2.723823123630000027e-23
3.050000000000000000e+02 9.657632564440000119e-24
3.060000000000000000e+02 5.727943380289999731e-24
3.070000000000000000e+02 2.024841445309999933e-24
3.080000000000000000e+02 2.744831913020000104e-24
3.090000000000000000e+02 1.645644666570000036e-24
3.100000000000000000e+02 1.292059510779999946e-24
3.110000000000000000e+02 9.302717166569999609e-25
3.120000000000000000e+02 1.260267940830000001e-24
3.130000000000000000e+02 1.153550700240000030e-24
3.140000000000000000e+02 2.891448590249999990e-24
3.150000000000000000e+02 2.669648744420000028e-22
3.160000000000000000e+02 2.871435187160000059e-24
3.170000000000000000e+02 1.158578268810000088e-24
3.180000000000000000e+02 8.982752082509999870e-25
3.190000000000000000e+02 9.289007438389999506e-25
3.200000000000000000e+02 1.184145834940000033e-24
3.210000000000000000e+02 4.591986763829999688e-24
3.220000000000000000e+02 3.635837648969999851e-24
3.230000000000000000e+02 1.808226008679999944e-23
3.240000000000000000e+02 9.018608234600000841e-22
3.250000000000000000e+02 7.895387166380000645e-24
3.260000000000000000e+02 5.780713070620000147e-24
3.270000000000000000e+02 2.293863765879999871e-23
3.280000000000000000e+02 8.843536560170000195e-23
3.290000000000000000e+02 6.148030771189999714e-24
3.300000000000000000e+02 2.249892916430000077e-24
3.310000000000000000e+02 1.563813713819999972e-24
3.320000000000000000e+02 1.455808468430000090e-24
3.330000000000000000e+02 1.621429825390000067e-24
3.340000000000000000e+02 4.662815539130000266e-24
3.350000000000000000e+02 2.051389353090000089e-22
3.360000000000000000e+02 6.659764539079999457e-24
3.370000000000000000e+02 1.694668344520000013e-24
3.380000000000000000e+02 1.035410187370000046e-24
3.390000000000000000e+02 1.115849571159999951e-24
3.400000000000000000e+02 4.300514035339999700e-24
3.410000000000000000e+02 6.437592807119999782e-24
3.420000000000000000e+02 1.297723901229999990e-24
3.430000000000000000e+02 1.226143588080000032e-23
3.440000000000000000e+02 1.296246537169999924e-24
3.450000000000000000e+02 9.011916562770000129e-25
3.460000000000000000e+02 4.561012340040000203e-24
3.470000000000000000e+02 9.219388403910000832e-25
3.480000000000000000e+02 1.673012109299999838e-24
3.490000000000000000e+02 6.206883743569999664e-24
3.500000000000000000e+02 6.228202798189999904e-23
3.510000000000000000e+02 7.574730701379999358e-24
3.520000000000000000e+02 3.410399944469999935e-20
3.530000000000000000e+02 4.728445274019999834e-24
3.540000000000000000e+02 1.195788099599999916e-22
3.550000000000000000e+02 1.080330520679999975e-23
3.560000000000000000e+02 3.212997797100000168e-24
3.570000000000000000e+02 3.111045116150000235e-23
3.580000000000000000e+02 6.296710029360000073e-24
3.590000000000000000e+02 2.650323207059999894e-24
3.600000000000000000e+02 7.580462917890000038e-25
3.610000000000000000e+02 5.467000751760000224e-25
3.620000000000000000e+02 4.133334467520000159e-25
3.630000000000000000e+02 5.606836241489999725e-25
3.640000000000000000e+02 2.741619010289999795e-25
3.650000000000000000e+02 2.548976590630000157e-25
3.660000000000000000e+02 2.616126580350000143e-25
3.670000000000000000e+02 3.073571290929999780e-25
3.680000000000000000e+02 7.222538994760000209e-25
3.690000000000000000e+02 1.552289559380000023e-24
3.700000000000000000e+02 1.946701519469999936e-19
3.710000000000000000e+02 1.251509037300000003e-24
3.720000000000000000e+02 6.583665833960000231e-25
3.735000000000000000e+02 3.662790332042499962e-24
3.760000000000000000e+02 9.966913175569999400e-24
3.795000000000000000e+02 5.976788069490000339e-25
3.835000000000000000e+02 8.578784329926749836e-24
3.875000000000000000e+02 8.538013968687500720e-25
3.915000000000000000e+02 3.218741087115000264e-25
3.955000000000000000e+02 2.678369775332000173e-23
3.995000000000000000e+02 1.791710299577092601e-22
4.035000000000000000e+02 1.804011310685000126e-25
4.075000000000000000e+02 1.065883837192999965e-25
4.115000000000000000e+02 1.123014051662250052e-25
4.155000000000000000e+02 2.110027389780750107e-24
4.195000000000000000e+02 2.519758252863499857e-23
4.235000000000000000e+02 1.489553939652825217e-23
4.280000000000000000e+02 3.359948483809999152e-25
4.325000000000000000e+02 1.432809648054949964e-24
4.365000000000000000e+02 2.656777237887500546e-25
4.410000000000000000e+02 6.277092023021098946e-24
4.455000000000000000e+02 1.380665910079249914e-24
4.495000000000000000e+02 8.089679514470000647e-26
4.540000000000000000e+02 1.688598396042600214e-24
4.590000000000000000e+02 1.296807074085740869e-21
4.635000000000000000e+02 8.252924425174999164e-26
4.680000000000000000e+02 1.264326618566000123e-24
4.725000000000000000e+02 3.957854826860000313e-24
4.770000000000000000e+02 7.154170426070000336e-26
4.820000000000000000e+02 2.022786832201838290e-22
4.870000000000000000e+02 1.488940706611000044e-25
4.920000000000000000e+02 2.827977760681900150e-24
4.970000000000000000e+02 3.584437009954000030e-26
5.020000000000000000e+02 6.377174935899400054e-25
5.070000000000000000e+02 6.053656068753200634e-24
5.120000000000000000e+02 5.842120602844599773e-25
5.170000000000000000e+02 3.064952906130600388e-24
5.220000000000000000e+02 1.283947978311559926e-24
5.270000000000000000e+02 1.760851907566930018e-23
5.325000000000000000e+02 2.914028418046666581e-26
5.380000000000000000e+02 3.410689048716999798e-25
5.430000000000000000e+02 3.853112797002599919e-25
5.485000000000000000e+02 1.786673677377181481e-23
5.540000000000000000e+02 2.500237860098399977e-24
5.595000000000000000e+02 3.257871417375000261e-26
5.655000000000000000e+02 2.731361828937333335e-25
5.710000000000000000e+02 2.220051777546199921e-25
5.765000000000000000e+02 6.551598293739166157e-25
5.825000000000000000e+02 5.787084864421413354e-23
5.885000000000000000e+02 5.010084238573333533e-26
5.945000000000000000e+02 2.177048329309633420e-24
6.005000000000000000e+02 9.170140828647853282e-24
6.065000000000000000e+02 1.761692764233333341e-26
6.125000000000000000e+02 4.203564608969500033e-25
6.185000000000000000e+02 1.181610520113583180e-24
6.245000000000000000e+02 8.367101684661665924e-26
6.305000000000000000e+02 1.135359919056833394e-25
6.370000000000000000e+02 1.090601763977785767e-24
6.435000000000000000e+02 2.923591760285000219e-26
6.500000000000000000e+02 1.586485450919428585e-26
6.565000000000000000e+02 2.920827503366833335e-26
6.630000000000000000e+02 1.617874470876042615e-25
6.695000000000000000e+02 3.245814916766166019e-25
6.760000000000000000e+02 2.088106612119285679e-26
6.830000000000000000e+02 2.044275852647428572e-26
6.900000000000000000e+02 4.075671690928556633e-25
6.970000000000000000e+02 1.649192824988242779e-25
7.040000000000000000e+02 2.405421949344142749e-26
7.110000000000000000e+02 1.436453737365000084e-26
7.180000000000000000e+02 6.403996748440000141e-27
7.250000000000000000e+02 6.206803133301428371e-27
7.320000000000000000e+02 4.869015807803142576e-26
7.395000000000000000e+02 1.553829488197749925e-26
7.470000000000000000e+02 1.130746677166857231e-26
7.545000000000000000e+02 2.063997996406874677e-26
7.620000000000000000e+02 7.647667449368572023e-27
7.695000000000000000e+02 2.369042060166874979e-26
7.775000000000000000e+02 4.937105110261436544e-25
7.855000000000000000e+02 7.083979891327499321e-27
7.930000000000000000e+02 3.576752683443286300e-26
8.005000000000000000e+02 1.233835964159662414e-25
8.085000000000000000e+02 2.136210332283374657e-26
8.170000000000000000e+02 5.284159857361111243e-27
8.255000000000000000e+02 5.443676077731249790e-27
8.335000000000000000e+02 4.474744454982500493e-27
8.415000000000000000e+02 4.854394996407875431e-26
8.500000000000000000e+02 6.550916090190000848e-27
8.585000000000000000e+02 1.182587419462887403e-25
8.670000000000000000e+02 5.565269578431111007e-27
8.760000000000000000e+02 4.166425867872221676e-27
8.850000000000000000e+02 5.622167333968889012e-27
8.935000000000000000e+02 3.899452010361249657e-27
9.020000000000000000e+02 3.715491838350000328e-27
9.115000000000000000e+02 1.442870647946399744e-26
9.210000000000000000e+02 9.057123491894777887e-26
9.300000000000000000e+02 7.878140445677777138e-27
9.390000000000000000e+02 5.105462712842443559e-26
9.485000000000000000e+02 3.975924683873000070e-27
9.580000000000000000e+02 3.582624381452223101e-27
9.675000000000000000e+02 3.690089907185999718e-27
9.775000000000000000e+02 1.593239216788600591e-26
9.870000000000000000e+02 3.416719205516667314e-27
9.965000000000000000e+02 3.410743995519999946e-27
1.006500000000000000e+03 6.677936309281000577e-27
1.016500000000000000e+03 4.177574471512999631e-27
1.027000000000000000e+03 3.509371353224545566e-27
1.037500000000000000e+03 3.551877449791000102e-27
1.047500000000000000e+03 3.444091096319000307e-27
1.058000000000000000e+03 3.600836835557272513e-27
1.069000000000000000e+03 5.379625690340000006e-27
1.079500000000000000e+03 3.481715901282000243e-27
1.090000000000000000e+03 4.101266337087273382e-27
1.101000000000000000e+03 4.099792712938181659e-27
1.112000000000000000e+03 5.166175609660909219e-27
1.123000000000000000e+03 5.199715170966363095e-27
1.134500000000000000e+03 5.545789327939999828e-25
1.146000000000000000e+03 5.235976394318181194e-27
1.157500000000000000e+03 7.777522737308915683e-26
1.169000000000000000e+03 3.918894932043726571e-26
1.180500000000000000e+03 2.685467139331150318e-25
1.192500000000000000e+03 8.311020688550151030e-25
1.204500000000000000e+03 1.873393630906666762e-26
1.216500000000000000e+03 4.809767841812916851e-26
1.228500000000000000e+03 1.788162301933083405e-25
1.240500000000000000e+03 5.865771830945860718e-23
1.253000000000000000e+03 1.365271805952153653e-26
1.266000000000000000e+03 7.086805092637076607e-25
1.278500000000000000e+03 1.576098393798136507e-24
1.291000000000000000e+03 2.646526910433154557e-25
1.304000000000000000e+03 1.593874696180384661e-25
1.317000000000000000e+03 6.290623152797999910e-24
1.330000000000000000e+03 3.324243041618538690e-25
1.343500000000000000e+03 1.090657467115581411e-23
1.357000000000000000e+03 3.961920572492130567e-24
1.370500000000000000e+03 5.869909811119071559e-24
1.384500000000000000e+03 2.903827972880742823e-24
1.398500000000000000e+03 5.114330398175873802e-22
1.412500000000000000e+03 1.787472080049128697e-23
1.426500000000000000e+03 2.863525435728669281e-21
1.440500000000000000e+03 2.005371002952050445e-23
1.455000000000000000e+03 1.356795602510957804e-22
1.469500000000000000e+03 1.346571621526919558e-22
1.484000000000000000e+03 1.313996149323020033e-23
1.499000000000000000e+03 1.974913502857399590e-23
1.514000000000000000e+03 3.267240817290887010e-22
1.529000000000000000e+03 3.762758921684800382e-23
1.544500000000000000e+03 2.769169161091850195e-22
1.560000000000000000e+03 5.461706870583466164e-23
1.575500000000000000e+03 6.216758773865627016e-23
1.591500000000000000e+03 2.815360710437061800e-24
1.607500000000000000e+03 4.537215713017687002e-24
1.623500000000000000e+03 1.951802854245249601e-23
1.639500000000000000e+03 6.144449596358036931e-22
1.656000000000000000e+03 5.049069141684059593e-23
1.672500000000000000e+03 1.671524109393749940e-23
1.689000000000000000e+03 4.528675946350628973e-22
1.706000000000000000e+03 1.544416568608888356e-22
1.723000000000000000e+03 6.206871250162783716e-23
1.740500000000000000e+03 6.549794379654445062e-23
1.758000000000000000e+03 1.038425753951692646e-20
1.775500000000000000e+03 9.841628028002779920e-24
1.793500000000000000e+03 2.892794710467016925e-23
1.811500000000000000e+03 2.897271024893052713e-23
1.829500000000000000e+03 9.693413394966387304e-24
1.847500000000000000e+03 4.837658645575216437e-24
1.866000000000000000e+03 3.856490976730152909e-24
1.884500000000000000e+03 4.504532234405445044e-25
1.903000000000000000e+03 1.096446712297962715e-23
1.922000000000000000e+03 1.008004912193828489e-21
1.941500000000000000e+03 3.667159980520498941e-25
1.961000000000000000e+03 1.631696877560005025e-21
1.980500000000000000e+03 1.636968303030352817e-23
2.000500000000000000e+03 5.904214334445920635e-24
2.020500000000000000e+03 9.796996563777336725e-24
2.040500000000000000e+03 2.153626313038884646e-25
2.061000000000000000e+03 9.872217756255840476e-25
2.082000000000000000e+03 1.587473737655486120e-25
2.102500000000000000e+03 1.155283599829046891e-24
2.123500000000000000e+03 3.787947957037735806e-25
2.145000000000000000e+03 1.172408241547854791e-24
2.166500000000000000e+03 2.266828407817277249e-25
2.188000000000000000e+03 3.875716487000951704e-27
2.209500000000000000e+03 2.349536700507727018e-27
2.231500000000000000e+03 1.006076001477509478e-25
2.254000000000000000e+03 1.380086769437348490e-25
2.277000000000000000e+03 9.007742192614783470e-27
2.299500000000000000e+03 8.288315934614683801e-26
2.322500000000000000e+03 1.329106363052916731e-27
2.346000000000000000e+03 2.793032563033478245e-27
2.369000000000000000e+03 1.799002389964782902e-27
2.392500000000000000e+03 2.738426109309582890e-27
2.416500000000000000e+03 1.050730168257500139e-27
2.441000000000000000e+03 4.308391509427407564e-26
2.465500000000000000e+03 1.155586769222083057e-27
2.490000000000000000e+03 1.301366094254359950e-27
2.515000000000000000e+03 1.384515147157735846e-26
2.540000000000000000e+03 7.353194990044639771e-26
2.565500000000000000e+03 6.269679720880246418e-26
2.591500000000000000e+03 1.320550100092854194e-24
2.617500000000000000e+03 4.276466995680435398e-26
2.643500000000000000e+03 2.080452089557825924e-24
2.669500000000000000e+03 9.906772808595402639e-25
2.696000000000000000e+03 3.318807395065888416e-27
2.723000000000000000e+03 3.940098699354039721e-25
2.750500000000000000e+03 1.226243242869107401e-24
2.778000000000000000e+03 1.393883699254896202e-26
2.805500000000000000e+03 4.762422629542957300e-25
2.834000000000000000e+03 1.150654703895598207e-24
2.862500000000000000e+03 1.381144120229725221e-26
2.891000000000000000e+03 1.549140840316267453e-24
2.920000000000000000e+03 2.501429230206505127e-25
2.949000000000000000e+03 3.215269808594519523e-24
2.978500000000000000e+03 8.116235497340284016e-23
3.008500000000000000e+03 1.922516031331692384e-24
3.038500000000000000e+03 6.021806492945268816e-23
3.068500000000000000e+03 3.428892115077453541e-23
3.099000000000000000e+03 5.142188718444017527e-24
3.130000000000000000e+03 8.759491595329295640e-22
3.161500000000000000e+03 1.121892618914185992e-24
3.193500000000000000e+03 3.921225682276652106e-24
3.225500000000000000e+03 9.157095743901846256e-24
3.257500000000000000e+03 1.002826710633778287e-24
3.290000000000000000e+03 5.631423167064120989e-25
3.323000000000000000e+03 7.456130693410461522e-23
3.356000000000000000e+03 9.664150056101790466e-25
3.389500000000000000e+03 6.840519939866631459e-24
3.423500000000000000e+03 9.765677079509059781e-25
3.458000000000000000e+03 1.580276264193595343e-23
3.492500000000000000e+03 1.468054054729739520e-23
3.527000000000000000e+03 7.282432948326948068e-22
3.562500000000000000e+03 6.790217099334929798e-22
3.598500000000000000e+03 1.906958012551983896e-20
3.634500000000000000e+03 6.230833164204442706e-21
3.670500000000000000e+03 7.000642703477067470e-22
3.707000000000000000e+03 7.056182189563884296e-22
3.744500000000000000e+03 1.205679754263536688e-21
3.782000000000000000e+03 1.626846458545100189e-21
3.819500000000000000e+03 1.500307891291182234e-20
3.858000000000000000e+03 2.079742084806521417e-22
3.896500000000000000e+03 8.585399551121366216e-21
3.935000000000000000e+03 1.390290493179253636e-22
3.974500000000000000e+03 1.861187136792483857e-22
4.014500000000000000e+03 8.597372135596121827e-22
4.054500000000000000e+03 2.146225513573603674e-23
4.095000000000000000e+03 1.418856989517432742e-24
4.136000000000000000e+03 1.915959521349056380e-25
4.177500000000000000e+03 3.319137752820961920e-25
4.219500000000000000e+03 1.988833070087245307e-25
4.261500000000000000e+03 2.304327103437157799e-25
4.304000000000000000e+03 1.742481770080302464e-26
4.347000000000000000e+03 6.189206505740795568e-26
4.390500000000000000e+03 2.593744956687203655e-27
4.434500000000000000e+03 8.743403950313864643e-28
4.479000000000000000e+03 8.155286982274089297e-27
4.524000000000000000e+03 7.658432261621153859e-27
4.569000000000000000e+03 1.188220852071713809e-24
4.614500000000000000e+03 5.506369120801541796e-27
4.660500000000000000e+03 4.517967361895587448e-27
4.707000000000000000e+03 6.314299875657639195e-27
4.754500000000000000e+03 6.847675646824479755e-27
4.802000000000000000e+03 8.031887820063321537e-25
4.850000000000000000e+03 1.917677021323987284e-24
4.898500000000000000e+03 4.357500197303907496e-25
4.947500000000000000e+03 2.005657964142321472e-24
4.997000000000000000e+03 1.209186216101011391e-25
5.047000000000000000e+03 3.149361264212188052e-23
5.097500000000000000e+03 4.271652101403809086e-23
5.148000000000000000e+03 1.516496333479373412e-22
5.199500000000000000e+03 5.411621465946470239e-22
5.251500000000000000e+03 4.507822500043867901e-23
5.304000000000000000e+03 5.012412251831991443e-22
5.357500000000000000e+03 7.250799686416088449e-22
5.411000000000000000e+03 9.235913059700771912e-24
5.465000000000000000e+03 5.132569609302504680e-21
5.520000000000000000e+03 1.430702499469191249e-21
5.575000000000000000e+03 1.006029740137560837e-23
5.630500000000000000e+03 4.274475346462405408e-23
5.687000000000000000e+03 6.314338470991300812e-26
5.744000000000000000e+03 3.600196032015475489e-24
5.801500000000000000e+03 1.353090440932797355e-24
5.859500000000000000e+03 2.004269070310380524e-26
5.918000000000000000e+03 1.608464764621560830e-26
5.977000000000000000e+03 7.115346675594152152e-27
6.036500000000000000e+03 2.160594821352314990e-27
6.097000000000000000e+03 1.135356720920163641e-27
6.158000000000000000e+03 1.385436052091229475e-27
6.219500000000000000e+03 8.471324558123465769e-27
6.282000000000000000e+03 3.254909528238484333e-26
6.345000000000000000e+03 3.596062008349780127e-26
6.408500000000000000e+03 3.212925374123421983e-26
6.472500000000000000e+03 1.946581956951097491e-25
6.537000000000000000e+03 6.902908602163374296e-26
6.602500000000000000e+03 3.466994939633398480e-24
6.668500000000000000e+03 2.839835798326330502e-23
6.735000000000000000e+03 3.941017425547798347e-23
6.802500000000000000e+03 1.559792873529072699e-22
6.870500000000000000e+03 9.273539414222453011e-24
6.939000000000000000e+03 2.385451584239034542e-23
7.008500000000000000e+03 8.684696438805219210e-23
7.078500000000000000e+03 8.364597451721101984e-22
7.149500000000000000e+03 4.490545545437102213e-22
7.221000000000000000e+03 1.474383531789725594e-21
7.293000000000000000e+03 4.073416753851388402e-21
7.366000000000000000e+03 1.450955574230665702e-21
7.439500000000000000e+03 6.814245139804689001e-23
7.514000000000000000e+03 4.996081658289284477e-24
7.589500000000000000e+03 8.664200778560665256e-24
7.665500000000000000e+03 2.827881562133098198e-25
7.742000000000000000e+03 9.362912182412436266e-26
7.819500000000000000e+03 1.439047435745230725e-25
7.897500000000000000e+03 1.313852167689203138e-26
7.976500000000000000e+03 2.063629065374917247e-26
8.056500000000000000e+03 1.686783316951845733e-27
8.137000000000000000e+03 3.314803815845384827e-26
8.218000000000000000e+03 9.340383038314001251e-24
8.300000000000000000e+03 3.311231829760170401e-24
8.383500000000000000e+03 1.800292143643148245e-24
8.467500000000000000e+03 4.211139765779721347e-25
8.552000000000000000e+03 2.862825602398517805e-24
8.637500000000000000e+03 1.134044958576757687e-22
8.724000000000000000e+03 1.470222054028909040e-22
8.811000000000000000e+03 3.005596935126069556e-22
8.899000000000000000e+03 1.034385833189537362e-22
8.988000000000000000e+03 1.741209399832525823e-23
9.078000000000000000e+03 2.510162389103339640e-24
9.169000000000000000e+03 1.854730663495864763e-24
9.260500000000000000e+03 2.937246455176573757e-26
9.353000000000000000e+03 8.404091034083688256e-26
9.446500000000000000e+03 5.639881258659264131e-27
9.541000000000000000e+03 5.028729080753451151e-28
9.636500000000000000e+03 2.066565538640899605e-26
9.733000000000000000e+03 1.060022009509417282e-26
9.830000000000000000e+03 2.993259215385805288e-26
9.928000000000000000e+03 1.650082479467504692e-26
9.989000000000000000e+03 1.682800724247462940e-25
