1.000000000000000000e+01 1.509536951999999903e-22
1.100000000000000000e+01 2.467755480710000057e-22
1.200000000000000000e+01 2.253116555170000145e-22
1.300000000000000000e+01 4.258381337179999843e-22
1.400000000000000000e+01 2.684742261940000225e-22
1.500000000000000000e+01 2.502426193339999930e-21
1.600000000000000000e+01 5.308089384300000308e-22
1.700000000000000000e+01 8.662627330450000270e-22
1.800000000000000000e+01 5.065863659809999866e-21
1.900000000000000000e+01 8.998944309629999759e-21
2.000000000000000000e+01 1.097736919800000050e-21
2.100000000000000000e+01 6.962107188470000069e-22
2.200000000000000000e+01 5.490275554970000139e-22
2.300000000000000000e+01 5.539752283939999887e-22
2.400000000000000000e+01 1.190870913799999952e-21
2.500000000000000000e+01 6.203463515709999938e-20
2.600000000000000000e+01 1.570524881619999917e-21
2.700000000000000000e+01 6.338870975150000174e-22
2.800000000000000000e+01 5.235287924330000407e-22
2.900000000000000000e+01 5.382250088999999938e-22
3.000000000000000000e+01 7.776770289170000185e-22
3.100000000000000000e+01 9.994922588780000162e-22
3.200000000000000000e+01 1.867022327459999848e-21
3.300000000000000000e+01 6.538607506859999876e-20
3.400000000000000000e+01 2.210041489360000167e-21
3.500000000000000000e+01 3.292891588520000005e-21
3.600000000000000000e+01 1.614593467209999861e-20
3.700000000000000000e+01 8.424851430699999653e-20
3.800000000000000000e+01 1.787954822910000086e-20
3.900000000000000000e+01 1.074402454599999949e-19
4.000000000000000000e+01 2.473653649390000085e-20
4.100000000000000000e+01 1.528794388730000031e-19
4.200000000000000000e+01 3.412251577180000316e-21
4.300000000000000000e+01 2.347362521989999840e-21
4.400000000000000000e+01 1.063221005279999957e-20
4.500000000000000000e+01 2.201524719900000152e-21
4.600000000000000000e+01 4.827968952040000132e-21
4.700000000000000000e+01 3.524621274810000022e-19
4.800000000000000000e+01 8.225381648750000472e-21
4.900000000000000000e+01 2.350554658849999874e-21
5.000000000000000000e+01 2.023789488640000023e-21
5.100000000000000000e+01 2.504539037220000061e-21
5.200000000000000000e+01 3.662657527309999945e-21
5.300000000000000000e+01 1.406722692419999949e-20
5.400000000000000000e+01 1.564301228000000057e-20
5.500000000000000000e+01 6.255252486450000351e-20
5.600000000000000000e+01 1.590707816540000112e-19
5.700000000000000000e+01 1.636464117529999915e-19
5.800000000000000000e+01 2.867282436130000184e-20
5.900000000000000000e+01 2.729616071270000162e-20
6.000000000000000000e+01 1.735641086710000026e-19
6.100000000000000000e+01 7.442605106629999255e-21
6.200000000000000000e+01 4.773048412199999850e-20
6.300000000000000000e+01 1.560758281150000043e-20
6.400000000000000000e+01 3.872715696249999955e-19
6.500000000000000000e+01 6.246498770990000075e-21
6.600000000000000000e+01 3.597127889650000354e-21
6.700000000000000000e+01 7.748011966150000041e-21
6.800000000000000000e+01 1.745097685970000118e-19
6.900000000000000000e+01 3.570936827119999834e-20
7.000000000000000000e+01 6.958422008669999547e-21
7.100000000000000000e+01 9.708315551650000438e-21
7.200000000000000000e+01 1.888057665209999891e-19
7.300000000000000000e+01 9.514021081160000274e-20
7.400000000000000000e+01 3.174931825050000106e-19
7.500000000000000000e+01 4.617426364640000194e-20
7.600000000000000000e+01 4.115426354400000228e-20
7.700000000000000000e+01 1.190639451320000069e-20
7.800000000000000000e+01 5.573730949699999740e-20
7.900000000000000000e+01 1.691128795750000018e-19
8.000000000000000000e+01 1.506731778319999942e-19
8.100000000000000000e+01 6.109862248559999776e-20
8.200000000000000000e+01 2.478105109669999904e-19
8.300000000000000000e+01 1.465815038719999957e-20
8.400000000000000000e+01 6.731669029180000176e-21
8.500000000000000000e+01 9.218736633189999349e-21
8.600000000000000000e+01 1.518132440880000086e-20
8.700000000000000000e+01 3.587955329039999726e-20
8.800000000000000000e+01 2.345156447680000029e-18
8.900000000000000000e+01 1.198218050439999974e-19
9.000000000000000000e+01 3.032861008669999953e-20
9.100000000000000000e+01 2.179656626249999886e-20
9.200000000000000000e+01 1.200229276549999979e-19
9.300000000000000000e+01 1.478559453700000063e-19
9.400000000000000000e+01 2.054393629410000074e-20
9.500000000000000000e+01 1.606441191499999975e-20
9.600000000000000000e+01 4.655733293029999596e-19
9.700000000000000000e+01 2.005586800490000127e-20
9.800000000000000000e+01 3.053890098900000062e-20
9.900000000000000000e+01 1.562582374909999950e-18
1.000000000000000000e+02 2.210910038139999916e-19
1.010000000000000000e+02 1.582640200950000083e-19
1.020000000000000000e+02 4.196007021200000145e-20
1.030000000000000000e+02 1.808374467009999873e-20
1.040000000000000000e+02 7.047738543879999871e-20
1.050000000000000000e+02 1.054239183290000006e-19
1.060000000000000000e+02 1.313917734259999959e-19
1.070000000000000000e+02 8.447124547270000180e-20
1.080000000000000000e+02 5.244764949900000219e-20
1.090000000000000000e+02 8.663924246740000640e-21
1.100000000000000000e+02 1.600618376699999935e-20
1.110000000000000000e+02 5.540388079710000160e-19
1.120000000000000000e+02 1.849051823890000055e-20
1.130000000000000000e+02 6.042412237429999903e-21
1.140000000000000000e+02 4.236932217469999682e-21
1.150000000000000000e+02 4.360405649179999699e-21
1.160000000000000000e+02 7.008990747750000487e-21
1.170000000000000000e+02 3.449889137179999927e-20
1.180000000000000000e+02 5.171673352739999714e-19
1.190000000000000000e+02 1.953081050570000132e-20
1.200000000000000000e+02 9.870579612200000548e-19
1.210000000000000000e+02 6.118281523440000462e-20
1.220000000000000000e+02 2.208941425660000100e-18
1.230000000000000000e+02 9.952709600309999682e-20
1.240000000000000000e+02 2.523662331550000027e-20
1.250000000000000000e+02 1.790405367410000124e-20
1.260000000000000000e+02 5.040641022619999853e-20
1.270000000000000000e+02 4.073410247379999793e-18
1.280000000000000000e+02 4.509471867499999767e-20
1.290000000000000000e+02 2.270982249380000145e-20
1.300000000000000000e+02 1.347828857309999957e-20
1.310000000000000000e+02 4.551156276989999747e-20
1.320000000000000000e+02 3.153257733559999805e-19
1.330000000000000000e+02 2.536709660649999779e-19
1.340000000000000000e+02 3.490719167939999877e-20
1.350000000000000000e+02 1.482862565140000106e-20
1.360000000000000000e+02 1.596456897109999885e-20
1.370000000000000000e+02 1.217350739020000013e-20
1.380000000000000000e+02 3.216712124039999921e-20
1.390000000000000000e+02 5.616060143319999650e-18
1.400000000000000000e+02 1.993672991820000077e-19
1.410000000000000000e+02 1.344399197790000120e-19
1.420000000000000000e+02 1.822523272500000088e-20
1.430000000000000000e+02 8.136296832750000476e-21
1.440000000000000000e+02 6.484187630659999909e-21
1.450000000000000000e+02 2.206022398280000117e-20
1.460000000000000000e+02 8.566293526990000116e-21
1.470000000000000000e+02 1.379295232320000060e-20
1.480000000000000000e+02 3.723388875849999962e-20
1.490000000000000000e+02 2.021041704079999861e-18
1.500000000000000000e+02 2.634108794479999826e-19
1.510000000000000000e+02 3.948717526850000218e-19
1.520000000000000000e+02 7.236539813090000588e-20
1.530000000000000000e+02 1.317719042109999954e-19
1.540000000000000000e+02 1.005536422330000010e-19
1.550000000000000000e+02 1.935642050079999880e-20
1.560000000000000000e+02 2.579516955700000132e-20
1.570000000000000000e+02 4.580848163539999746e-20
1.580000000000000000e+02 1.563758816610000071e-18
1.590000000000000000e+02 8.666196146810000557e-20
1.600000000000000000e+02 2.167315044849999883e-20
1.610000000000000000e+02 6.351600463559999711e-21
1.620000000000000000e+02 1.056770230789999929e-20
1.630000000000000000e+02 4.537417579579999682e-21
1.640000000000000000e+02 5.816415895820000270e-21
1.650000000000000000e+02 6.722560150449999988e-21
1.660000000000000000e+02 3.469504717930000170e-20
1.670000000000000000e+02 6.524351709920000581e-20
1.680000000000000000e+02 1.547825306559999850e-20
1.690000000000000000e+02 3.263249559239999925e-20
1.700000000000000000e+02 3.952507012230000188e-19
1.710000000000000000e+02 1.322257452140000059e-19
1.720000000000000000e+02 2.711710444500000039e-20
1.730000000000000000e+02 7.034047888410000093e-20
1.740000000000000000e+02 4.232658013760000248e-20
1.750000000000000000e+02 2.051675619590000014e-20
1.760000000000000000e+02 3.993782258930000282e-18
1.770000000000000000e+02 7.503564309019999891e-20
1.780000000000000000e+02 9.026515814190000460e-20
1.790000000000000000e+02 6.892210651680000510e-20
1.800000000000000000e+02 1.169478427979999939e-20
1.810000000000000000e+02 6.422019981800000067e-20
1.820000000000000000e+02 2.763048120789999817e-20
1.830000000000000000e+02 1.041339564519999932e-20
1.840000000000000000e+02 7.212030499699999762e-21
1.850000000000000000e+02 4.394580626299999732e-21
1.860000000000000000e+02 6.023909258000000223e-21
1.870000000000000000e+02 1.158469263390000063e-20
1.880000000000000000e+02 2.989531605270000223e-19
1.890000000000000000e+02 2.139635839980000020e-20
1.900000000000000000e+02 6.188569725710000106e-21
1.910000000000000000e+02 4.483496612690000065e-21
1.920000000000000000e+02 5.901516509410000064e-21
1.930000000000000000e+02 2.299549696060000108e-20
1.940000000000000000e+02 5.459249568779999972e-20
1.950000000000000000e+02 1.992682327630000007e-20
1.960000000000000000e+02 4.994823265090000107e-20
1.970000000000000000e+02 1.422239090690000072e-20
1.980000000000000000e+02 3.554024425459999897e-20
1.990000000000000000e+02 1.089613538490000008e-20
2.000000000000000000e+02 2.028733163519999997e-20
2.010000000000000000e+02 4.056833685689999966e-20
2.020000000000000000e+02 2.599336812270000194e-19
2.030000000000000000e+02 2.298670236549999979e-18
2.040000000000000000e+02 6.544986166130000347e-20
2.050000000000000000e+02 2.390274076120000119e-20
2.060000000000000000e+02 1.695051416859999881e-20
2.070000000000000000e+02 2.868675870950000248e-20
2.080000000000000000e+02 1.881196819480000101e-19
2.090000000000000000e+02 1.277747476639999990e-19
2.100000000000000000e+02 2.001291596370000061e-20
2.110000000000000000e+02 2.907906237939999930e-20
2.120000000000000000e+02 1.543688576980000134e-20
2.130000000000000000e+02 2.607754981630000143e-20
2.140000000000000000e+02 3.487972054019999790e-19
2.150000000000000000e+02 4.310891448960000030e-20
2.160000000000000000e+02 5.884331760739999762e-21
2.170000000000000000e+02 8.729751910109999721e-21
2.180000000000000000e+02 4.004703050629999716e-21
2.190000000000000000e+02 4.651186380929999884e-21
2.200000000000000000e+02 8.103995338500000088e-21
2.210000000000000000e+02 3.437091780909999947e-20
2.220000000000000000e+02 1.337210805710000001e-19
2.230000000000000000e+02 2.674455180670000016e-20
2.240000000000000000e+02 8.518467578750000360e-20
2.250000000000000000e+02 2.287224440109999964e-20
2.260000000000000000e+02 2.117714170530000050e-19
2.270000000000000000e+02 1.558905407060000058e-19
2.280000000000000000e+02 1.249586046509999999e-18
2.290000000000000000e+02 3.733355449899999773e-20
2.300000000000000000e+02 1.410815995400000082e-20
2.310000000000000000e+02 3.433590307689999913e-20
2.320000000000000000e+02 2.998606632889999926e-20
2.330000000000000000e+02 1.388400711090000060e-20
2.340000000000000000e+02 4.993792451330000042e-21
2.350000000000000000e+02 2.575612737650000126e-21
2.360000000000000000e+02 2.181952173230000024e-21
2.370000000000000000e+02 1.871504845159999915e-21
2.380000000000000000e+02 1.838921682840000057e-21
2.390000000000000000e+02 1.843699518640000117e-21
2.400000000000000000e+02 2.012419623519999964e-21
2.410000000000000000e+02 2.896570448579999910e-21
2.420000000000000000e+02 3.358821216489999831e-21
2.430000000000000000e+02 5.822193885770000356e-21
2.440000000000000000e+02 3.859703475840000103e-20
2.450000000000000000e+02 7.386231915230000049e-20
2.460000000000000000e+02 7.357694707349999679e-20
2.470000000000000000e+02 4.472887515989999888e-20
2.480000000000000000e+02 2.081423845339999823e-18
2.490000000000000000e+02 4.267301622809999892e-20
2.500000000000000000e+02 3.724351850860000218e-20
2.510000000000000000e+02 3.106998316489999975e-20
2.520000000000000000e+02 1.788655167970000036e-20
2.530000000000000000e+02 6.648069627009999760e-20
2.540000000000000000e+02 9.538790741120000726e-18
2.550000000000000000e+02 5.114760910389999855e-20
2.560000000000000000e+02 2.587059062589999903e-20
2.570000000000000000e+02 1.928552236620000121e-20
2.580000000000000000e+02 4.538434076320000359e-21
2.590000000000000000e+02 3.301113764000000172e-21
2.600000000000000000e+02 2.369171067470000151e-21
2.610000000000000000e+02 1.993593502209999960e-21
2.620000000000000000e+02 1.864684942260000092e-21
2.630000000000000000e+02 3.240532893840000184e-21
2.640000000000000000e+02 2.453511783660000071e-21
2.650000000000000000e+02 6.833550155459999934e-21
2.660000000000000000e+02 1.174005824620000088e-19
2.670000000000000000e+02 1.355426982799999970e-20
2.680000000000000000e+02 4.384092335310000251e-21
2.690000000000000000e+02 1.900756357210000053e-21
2.700000000000000000e+02 1.675347552749999907e-21
2.710000000000000000e+02 1.882142956269999880e-21
2.720000000000000000e+02 8.095635392720000062e-21
2.730000000000000000e+02 8.430143338339999891e-21
2.740000000000000000e+02 3.345570066939999974e-21
2.750000000000000000e+02 6.913250626930000710e-21
2.760000000000000000e+02 9.177847292329999701e-20
2.770000000000000000e+02 2.569842696440000029e-20
2.780000000000000000e+02 3.683716412999999775e-19
2.790000000000000000e+02 8.213552623500000369e-20
2.800000000000000000e+02 7.023680089900000347e-20
2.810000000000000000e+02 3.609465230260000240e-20
2.820000000000000000e+02 3.198318081099999892e-19
2.830000000000000000e+02 3.215284472809999899e-20
2.840000000000000000e+02 8.131957039709999368e-21
2.850000000000000000e+02 5.091280091999999927e-21
2.860000000000000000e+02 4.434239890930000105e-21
2.870000000000000000e+02 4.640467275829999787e-21
2.880000000000000000e+02 7.070107239510000393e-21
2.890000000000000000e+02 5.248425496479999972e-20
2.900000000000000000e+02 3.561785984879999796e-20
2.910000000000000000e+02 1.687831711699999893e-20
2.920000000000000000e+02 3.085679023809999996e-21
2.930000000000000000e+02 1.935294320850000055e-21
2.940000000000000000e+02 1.593853751399999961e-21
2.950000000000000000e+02 1.602300161070000012e-21
2.960000000000000000e+02 1.778407050510000038e-21
2.970000000000000000e+02 2.157500215800000010e-21
2.980000000000000000e+02 7.634908483100000571e-21
2.990000000000000000e+02 6.216769479169999694e-21
3.000000000000000000e+02 6.570483536459999986e-21
3.010000000000000000e+02 1.721642353309999907e-20
3.020000000000000000e+02 2.287564367939999892e-19
3.030000000000000000e+02 7.426343985519999338e-18
3.040000000000000000e+02 3.574046811319999868e-20
3.050000000000000000e+02 1.469856445130000099e-20
3.060000000000000000e+02 6.013884712579999815e-21
3.070000000000000000e+02 2.613944041179999998e-21
3.080000000000000000e+02 1.918295276440000113e-21
3.090000000000000000e+02 1.890580574189999887e-21
3.100000000000000000e+02 1.521648990669999998e-21
3.110000000000000000e+02 1.264627921490000082e-21
3.120000000000000000e+02 2.346624404889999896e-21
3.130000000000000000e+02 1.456692037269999943e-21
3.140000000000000000e+02 3.329541066689999910e-21
3.150000000000000000e+02 1.871451151729999943e-19
3.160000000000000000e+02 3.633608864589999646e-21
3.170000000000000000e+02 1.431729339159999911e-21
3.180000000000000000e+02 1.101718484670000066e-21
3.190000000000000000e+02 1.136500084540000073e-21
3.200000000000000000e+02 1.524112948949999962e-21
3.210000000000000000e+02 2.472403968079999986e-21
3.220000000000000000e+02 4.197976501699999638e-21
3.230000000000000000e+02 1.903012443129999927e-20
3.240000000000000000e+02 6.794213076819999711e-19
3.250000000000000000e+02 1.026575755799999980e-20
3.260000000000000000e+02 7.827078033860000227e-21
3.270000000000000000e+02 3.438884810530000256e-20
3.280000000000000000e+02 1.265629926959999982e-19
3.290000000000000000e+02 9.109190607940000318e-21
3.300000000000000000e+02 3.171992952439999868e-21
3.310000000000000000e+02 2.080394702730000188e-21
3.320000000000000000e+02 1.565817625119999930e-21
3.330000000000000000e+02 1.782028118179999921e-21
3.340000000000000000e+02 4.511548890140000147e-21
3.350000000000000000e+02 1.226463598970000067e-19
3.360000000000000000e+02 6.514132613310000226e-21
3.370000000000000000e+02 1.790303035050000004e-21
3.380000000000000000e+02 1.221962889329999916e-21
3.390000000000000000e+02 1.463340285809999986e-21
3.400000000000000000e+02 5.182383388850000123e-21
3.410000000000000000e+02 7.657835673740000659e-21
3.420000000000000000e+02 1.822519084150000047e-21
3.430000000000000000e+02 1.987226920190000096e-20
3.440000000000000000e+02 2.128643740510000123e-21
3.450000000000000000e+02 1.122344813910000060e-21
3.460000000000000000e+02 3.166521967399999837e-21
3.470000000000000000e+02 1.441035950209999910e-21
3.480000000000000000e+02 2.824743875050000129e-21
3.490000000000000000e+02 1.082822136629999970e-20
3.500000000000000000e+02 9.476112228249999428e-20
3.510000000000000000e+02 1.269718936169999980e-20
3.520000000000000000e+02 4.949273228219999808e-19
3.530000000000000000e+02 8.109581893669999366e-21
3.540000000000000000e+02 1.382180221269999963e-19
3.550000000000000000e+02 1.920048173669999865e-20
3.560000000000000000e+02 4.070718162069999662e-21
3.570000000000000000e+02 2.669619381390000120e-20
3.580000000000000000e+02 8.453592214819999550e-21
3.590000000000000000e+02 4.786356086480000095e-21
3.600000000000000000e+02 1.126158468060000002e-21
3.610000000000000000e+02 6.911589351319999705e-22
3.620000000000000000e+02 5.592111503970000209e-22
3.630000000000000000e+02 7.742317507109999850e-22
3.640000000000000000e+02 3.785936518850000001e-22
3.650000000000000000e+02 3.501852102149999820e-22
3.660000000000000000e+02 3.550203696629999988e-22
3.670000000000000000e+02 4.101416519120000044e-22
3.680000000000000000e+02 7.429421422999999860e-22
3.690000000000000000e+02 2.219292542639999887e-21
3.700000000000000000e+02 1.591246191020000002e-19
3.710000000000000000e+02 1.483267988979999937e-21
3.720000000000000000e+02 1.033550472319999985e-21
3.735000000000000000e+02 7.328423820865000530e-21
3.760000000000000000e+02 1.968032704329666704e-20
3.795000000000000000e+02 7.768903191817500857e-22
3.835000000000000000e+02 8.704906089728250900e-21
3.875000000000000000e+02 8.207723220892499344e-22
3.915000000000000000e+02 5.985957103705000401e-22
3.955000000000000000e+02 1.276227163847250029e-20
3.995000000000000000e+02 9.530530668203001248e-20
4.035000000000000000e+02 3.142611164539999769e-22
4.075000000000000000e+02 1.557810123729999980e-22
4.115000000000000000e+02 1.543322632184999991e-22
4.155000000000000000e+02 9.493388207309998695e-22
4.195000000000000000e+02 2.956776183336000414e-20
4.235000000000000000e+02 2.518839220663574961e-20
4.280000000000000000e+02 3.592967753006000077e-22
4.325000000000000000e+02 1.102890612115500097e-21
4.365000000000000000e+02 7.379852539524999135e-22
4.410000000000000000e+02 4.028881840135800551e-21
4.455000000000000000e+02 4.322529455437249514e-21
4.495000000000000000e+02 1.544081199584999925e-22
4.540000000000000000e+02 2.649093511982799801e-21
4.590000000000000000e+02 1.696618289370020208e-20
4.635000000000000000e+02 1.509250432321250129e-22
4.680000000000000000e+02 1.985078498519399885e-21
4.725000000000000000e+02 3.656531918211250176e-21
4.770000000000000000e+02 1.089126722696399817e-22
4.820000000000000000e+02 9.396588419449500534e-21
4.870000000000000000e+02 3.374206340790200563e-22
4.920000000000000000e+02 2.423332838643380054e-21
4.970000000000000000e+02 5.214490506393999639e-23
5.020000000000000000e+02 1.169379940087199919e-21
5.070000000000000000e+02 3.980858246721119633e-21
5.120000000000000000e+02 1.627912831448600126e-22
5.170000000000000000e+02 1.466020753865999896e-21
5.220000000000000000e+02 3.283312384983399983e-22
5.270000000000000000e+02 1.276785685103190329e-20
5.325000000000000000e+02 4.183471236275000003e-23
5.380000000000000000e+02 2.165255916059399868e-22
5.430000000000000000e+02 2.937436385802599975e-22
5.485000000000000000e+02 3.204922371669333566e-21
5.540000000000000000e+02 7.416927971321999538e-23
5.595000000000000000e+02 4.357230003570000144e-23
5.655000000000000000e+02 2.940478592674333536e-22
5.710000000000000000e+02 3.177022506369399861e-22
5.765000000000000000e+02 1.111922488064233397e-21
5.825000000000000000e+02 4.582973666034000228e-22
5.885000000000000000e+02 7.299790612935000133e-23
5.945000000000000000e+02 1.543264002368016887e-21
6.005000000000000000e+02 5.357808830266666032e-22
6.065000000000000000e+02 2.895908595088333752e-23
6.125000000000000000e+02 1.298180170879500080e-22
6.185000000000000000e+02 7.206431969062833469e-22
6.245000000000000000e+02 1.358673371715333356e-22
6.305000000000000000e+02 2.141128574751333251e-22
6.370000000000000000e+02 8.167338873681286579e-22
6.435000000000000000e+02 4.924868020598333951e-23
6.500000000000000000e+02 1.463534975080143144e-23
6.565000000000000000e+02 4.695205212254665956e-23
6.630000000000000000e+02 1.095881829348185595e-22
6.695000000000000000e+02 2.207506316901499752e-22
6.760000000000000000e+02 2.778895400324714270e-23
6.830000000000000000e+02 9.185846968732857309e-24
6.900000000000000000e+02 6.504368510963143055e-22
6.970000000000000000e+02 2.933343856502285916e-22
7.040000000000000000e+02 4.367380040041000351e-23
7.110000000000000000e+02 2.220121787107142815e-23
7.180000000000000000e+02 6.983534172218570885e-24
7.250000000000000000e+02 6.206166572437141785e-24
7.320000000000000000e+02 4.329548510008143201e-23
7.395000000000000000e+02 1.337537022834624964e-23
7.470000000000000000e+02 2.246973179925285556e-23
7.545000000000000000e+02 3.775274811294125115e-23
7.620000000000000000e+02 5.119546061007143453e-24
7.695000000000000000e+02 1.867301305810375154e-23
7.775000000000000000e+02 6.895581568949501501e-23
7.855000000000000000e+02 8.660720468950001067e-24
7.930000000000000000e+02 5.180448548509142180e-23
8.005000000000000000e+02 4.943864824712124297e-23
8.085000000000000000e+02 2.033849601892749778e-23
8.170000000000000000e+02 6.192082581774444584e-24
8.255000000000000000e+02 5.887627580430000309e-24
8.335000000000000000e+02 3.950717644088749704e-24
8.415000000000000000e+02 1.154150845289249999e-23
8.500000000000000000e+02 7.915507297648889545e-24
8.585000000000000000e+02 4.367419647753750367e-24
8.670000000000000000e+02 6.371678017208889505e-24
8.760000000000000000e+02 3.949240489653333319e-24
8.850000000000000000e+02 6.303503919711111435e-24
8.935000000000000000e+02 3.904102440473749519e-24
9.020000000000000000e+02 3.445909608635556066e-24
9.115000000000000000e+02 1.547140278012699928e-23
9.210000000000000000e+02 8.892660922211111622e-24
9.300000000000000000e+02 3.961381630971110291e-24
9.390000000000000000e+02 4.150117640063333571e-24
9.485000000000000000e+02 4.060531903321999466e-24
9.580000000000000000e+02 3.454395667381110815e-24
9.675000000000000000e+02 3.618193538882999014e-24
9.775000000000000000e+02 6.430771240260000470e-24
9.870000000000000000e+02 3.135289492738888538e-24
9.965000000000000000e+02 3.214409985079000413e-24
1.006500000000000000e+03 6.455370305260000426e-24
1.016500000000000000e+03 4.032161715787000068e-24
1.027000000000000000e+03 3.449519648644545616e-24
1.037500000000000000e+03 3.178398467217999622e-24
1.047500000000000000e+03 3.292497049072000550e-24
1.058000000000000000e+03 3.865854189385454176e-24
1.069000000000000000e+03 7.190928339654544438e-24
1.079500000000000000e+03 3.280181658532000358e-24
1.090000000000000000e+03 4.632780182356364118e-24
1.101000000000000000e+03 4.508311906533636421e-24
1.112000000000000000e+03 5.889911825780910149e-24
1.123000000000000000e+03 6.475822744355454647e-24
1.134500000000000000e+03 1.124527604881083598e-23
1.146000000000000000e+03 5.018460482368182618e-24
1.157500000000000000e+03 4.616720252355000801e-24
1.169000000000000000e+03 2.063275140293545692e-23
1.180500000000000000e+03 1.058529680623916763e-23
1.192500000000000000e+03 1.315816971761917101e-22
1.204500000000000000e+03 8.397987442370833429e-24
1.216500000000000000e+03 3.746639665779416331e-23
1.228500000000000000e+03 9.011715576248001356e-23
1.240500000000000000e+03 6.400516073578333359e-23
1.253000000000000000e+03 1.617513940956846105e-23
1.266000000000000000e+03 4.864643037093615354e-22
1.278500000000000000e+03 1.157688646772749889e-22
1.291000000000000000e+03 1.027712837462846014e-22
1.304000000000000000e+03 8.762523209570768470e-23
1.317000000000000000e+03 2.777757723137177360e-21
1.330000000000000000e+03 1.461429442857230793e-22
1.343500000000000000e+03 8.934701328705429205e-22
1.357000000000000000e+03 4.807360740954138758e-21
1.370500000000000000e+03 3.395246184142214352e-21
1.384500000000000000e+03 3.002640041762070826e-21
1.398500000000000000e+03 1.210631948373471451e-20
1.412500000000000000e+03 6.832528196231500651e-21
1.426500000000000000e+03 1.025161895671264248e-20
1.440500000000000000e+03 1.119693932804228412e-20
1.455000000000000000e+03 3.532231077404693813e-20
1.469500000000000000e+03 3.831681250683714472e-20
1.484000000000000000e+03 1.002823309449146583e-20
1.499000000000000000e+03 1.453742578031133309e-20
1.514000000000000000e+03 5.773839906642400057e-20
1.529000000000000000e+03 1.973331556458533315e-20
1.544500000000000000e+03 6.723891841752999617e-20
1.560000000000000000e+03 2.356667917979399722e-20
1.575500000000000000e+03 2.240835758797018449e-20
1.591500000000000000e+03 4.993669028605624888e-22
1.607500000000000000e+03 1.556737752464062291e-21
1.623500000000000000e+03 1.140721302729268911e-20
1.639500000000000000e+03 5.101695482351249032e-20
1.656000000000000000e+03 1.998737598339235650e-20
1.672500000000000000e+03 1.156416848226375085e-20
1.689000000000000000e+03 7.000444768355764719e-20
1.706000000000000000e+03 4.019673924618411706e-20
1.723000000000000000e+03 1.302224913233652738e-20
1.740500000000000000e+03 1.675822459190055767e-20
1.758000000000000000e+03 2.026911940031118172e-20
1.775500000000000000e+03 8.288164733753665746e-21
1.793500000000000000e+03 1.763729080710261033e-20
1.811500000000000000e+03 7.812319116618889727e-22
1.829500000000000000e+03 6.595087833919723362e-21
1.847500000000000000e+03 4.024632320981361221e-21
1.866000000000000000e+03 2.225716360855605813e-21
1.884500000000000000e+03 4.654015631480445729e-22
1.903000000000000000e+03 2.495075253021120978e-21
1.922000000000000000e+03 1.046584489540281027e-20
1.941500000000000000e+03 3.950033409126700799e-22
1.961000000000000000e+03 5.497410938898474031e-22
1.980500000000000000e+03 6.165675414644248587e-23
2.000500000000000000e+03 6.489491656230189270e-22
2.020500000000000000e+03 3.402872691250550351e-22
2.040500000000000000e+03 1.149907845903415269e-22
2.061000000000000000e+03 1.396307795880928734e-22
2.082000000000000000e+03 8.334166593995332167e-23
2.102500000000000000e+03 6.372076569616500036e-24
2.123500000000000000e+03 1.200550245567145438e-22
2.145000000000000000e+03 1.423049639338047719e-23
2.166500000000000000e+03 4.981864900485000429e-24
2.188000000000000000e+03 6.063189229804287234e-24
2.209500000000000000e+03 3.215855569552727831e-24
2.231500000000000000e+03 2.489220224132727617e-24
2.254000000000000000e+03 3.426507333560868685e-24
2.277000000000000000e+03 2.390494877267826364e-24
2.299500000000000000e+03 3.003390352989090252e-24
2.322500000000000000e+03 1.312598253823749696e-24
2.346000000000000000e+03 1.172286426891304042e-24
2.369000000000000000e+03 1.020180362677652063e-24
2.392500000000000000e+03 9.585087413657081631e-25
2.416500000000000000e+03 9.130635588899164012e-25
2.441000000000000000e+03 8.970843088111199834e-25
2.465500000000000000e+03 8.496628123228332310e-25
2.490000000000000000e+03 8.377519856038000985e-25
2.515000000000000000e+03 8.838251891527601619e-25
2.540000000000000000e+03 9.908506896039197808e-25
2.565500000000000000e+03 9.594575514345000964e-25
2.591500000000000000e+03 1.483270936748961574e-24
2.617500000000000000e+03 2.629999700144846008e-24
2.643500000000000000e+03 2.154968396704537772e-24
2.669500000000000000e+03 1.972966916066192451e-24
2.696000000000000000e+03 1.589539206062851472e-24
2.723000000000000000e+03 5.299859032878629143e-24
2.750500000000000000e+03 1.805563781405570956e-24
2.778000000000000000e+03 3.061909839612295564e-24
2.805500000000000000e+03 4.210588170344570985e-24
2.834000000000000000e+03 4.115578415837481386e-24
2.862500000000000000e+03 1.646851631572678751e-24
2.891000000000000000e+03 2.808837847084689408e-24
2.920000000000000000e+03 5.082179300352827728e-24
2.949000000000000000e+03 1.813663932640861927e-23
2.978500000000000000e+03 8.669942699064166882e-23
3.008500000000000000e+03 4.459534671392968956e-23
3.038500000000000000e+03 1.900298013469704120e-22
3.068500000000000000e+03 2.635499336473226505e-22
3.099000000000000000e+03 3.001520392578658694e-22
3.130000000000000000e+03 3.797187362004393097e-22
3.161500000000000000e+03 2.051538288520468853e-23
3.193500000000000000e+03 1.893525034252887158e-22
3.225500000000000000e+03 2.985129446019875255e-22
3.257500000000000000e+03 2.781755217789234438e-22
3.290000000000000000e+03 1.827621477112511805e-22
3.323000000000000000e+03 2.395016137572033922e-22
3.356000000000000000e+03 1.617828619465166752e-22
3.389500000000000000e+03 2.568047116820197242e-22
3.423500000000000000e+03 2.708086564777087862e-22
3.458000000000000000e+03 6.947226290702885070e-22
3.492500000000000000e+03 1.119259156011393834e-21
3.527000000000000000e+03 2.605703020027631407e-21
3.562500000000000000e+03 4.910995974589832731e-21
3.598500000000000000e+03 9.597610906574527011e-21
3.634500000000000000e+03 1.016134402644816534e-20
3.670500000000000000e+03 3.179702475644080198e-20
3.707000000000000000e+03 1.216855662962283814e-20
3.744500000000000000e+03 2.935208180551932258e-20
3.782000000000000000e+03 6.574125985031136937e-21
3.819500000000000000e+03 4.768438950706213932e-20
3.858000000000000000e+03 4.531808364197889830e-20
3.896500000000000000e+03 1.251886993777145227e-20
3.935000000000000000e+03 4.382908990402256134e-21
3.974500000000000000e+03 9.719760469670897750e-22
4.014500000000000000e+03 3.020183536529699145e-22
4.054500000000000000e+03 1.075428959438515561e-22
4.095000000000000000e+03 1.399197035089951245e-22
4.136000000000000000e+03 2.981935426073828846e-23
4.177500000000000000e+03 1.102990897367857016e-23
4.219500000000000000e+03 9.125378969995715302e-24
4.261500000000000000e+03 4.240042081576427209e-24
4.304000000000000000e+03 1.342653256779092573e-24
4.347000000000000000e+03 1.464232576986581455e-24
4.390500000000000000e+03 8.053471814263864115e-25
4.434500000000000000e+03 6.969708266003864174e-25
4.479000000000000000e+03 1.064773865363533244e-24
4.524000000000000000e+03 9.593364753279781047e-25
4.569000000000000000e+03 2.551636203332422170e-24
4.614500000000000000e+03 1.305745552521630329e-24
4.660500000000000000e+03 8.503072986347608457e-25
4.707000000000000000e+03 8.777565903597659374e-25
4.754500000000000000e+03 1.127391528392604182e-24
4.802000000000000000e+03 1.028710852011319170e-24
4.850000000000000000e+03 1.691297593705551048e-24
4.898500000000000000e+03 1.341975130602687983e-24
4.947500000000000000e+03 3.971066521268279149e-24
4.997000000000000000e+03 8.402155005659165657e-24
5.047000000000000000e+03 2.124887711029157110e-23
5.097500000000000000e+03 6.378069777539658400e-23
5.148000000000000000e+03 3.854694836512324650e-22
5.199500000000000000e+03 9.702857734218192156e-22
5.251500000000000000e+03 2.882781388581170102e-21
5.304000000000000000e+03 7.785813797154829836e-22
5.357500000000000000e+03 4.036430514693695282e-21
5.411000000000000000e+03 3.456573792426942802e-21
5.465000000000000000e+03 2.297484024105189962e-21
5.520000000000000000e+03 6.439126132465199427e-22
5.575000000000000000e+03 1.160727162358452952e-22
5.630500000000000000e+03 3.068270705742371883e-23
5.687000000000000000e+03 1.097290499370586025e-23
5.744000000000000000e+03 8.706435619148159322e-24
5.801500000000000000e+03 4.036754394004587093e-24
5.859500000000000000e+03 1.064807674911258569e-24
5.918000000000000000e+03 4.824391441693051679e-25
5.977000000000000000e+03 3.513520593764237788e-25
6.036500000000000000e+03 2.962652552239499253e-25
6.097000000000000000e+03 1.943777974941639915e-25
6.158000000000000000e+03 1.573662768476557476e-25
6.219500000000000000e+03 1.681417233314032159e-25
6.282000000000000000e+03 2.264211647455555516e-25
6.345000000000000000e+03 1.924505237144127554e-25
6.408500000000000000e+03 2.538793536930625432e-25
6.472500000000000000e+03 4.321121675863749889e-25
6.537000000000000000e+03 1.133704751198338804e-24
6.602500000000000000e+03 6.223568547619118601e-24
6.668500000000000000e+03 1.821947641244318369e-23
6.735000000000000000e+03 9.676818899563524463e-23
6.802500000000000000e+03 1.229554144197092293e-22
6.870500000000000000e+03 8.261238284283780689e-23
6.939000000000000000e+03 2.057644666789762600e-22
7.008500000000000000e+03 2.960121358605255214e-22
7.078500000000000000e+03 5.558936928999841873e-22
7.149500000000000000e+03 1.585442337495252757e-21
7.221000000000000000e+03 2.561002231096470172e-21
7.293000000000000000e+03 2.074483530511939713e-21
7.366000000000000000e+03 1.708930082460597854e-21
7.439500000000000000e+03 2.209026735386659421e-22
7.514000000000000000e+03 2.962990415555599961e-23
7.589500000000000000e+03 1.301579341239512310e-23
7.665500000000000000e+03 4.374629668075829046e-24
7.742000000000000000e+03 8.873641905013243424e-25
7.819500000000000000e+03 2.496562249273462438e-25
7.897500000000000000e+03 1.306042736890192438e-25
7.976500000000000000e+03 1.010634348394400632e-25
8.056500000000000000e+03 1.162556751247149523e-25
8.137000000000000000e+03 5.481042249808000805e-25
8.218000000000000000e+03 2.412728382926517871e-24
8.300000000000000000e+03 2.924294163597699554e-24
8.383500000000000000e+03 3.415578544861309660e-24
8.467500000000000000e+03 5.052735266858571940e-24
8.552000000000000000e+03 7.191869082547835105e-24
8.637500000000000000e+03 5.920201327470664425e-23
8.724000000000000000e+03 1.302265589983158189e-22
8.811000000000000000e+03 2.074761373632488874e-22
8.899000000000000000e+03 1.294371095768550616e-22
8.988000000000000000e+03 3.369609818029442383e-23
9.078000000000000000e+03 3.953807803240956268e-24
9.169000000000000000e+03 1.819783799631471658e-24
9.260500000000000000e+03 4.594385224153389735e-25
9.353000000000000000e+03 1.339497019465569601e-25
9.446500000000000000e+03 4.940168575930742825e-26
9.541000000000000000e+03 3.735979107461579447e-26
9.636500000000000000e+03 4.478395338625937831e-26
9.733000000000000000e+03 7.329038196430208006e-26
9.830000000000000000e+03 8.403206344647115888e-26
9.928000000000000000e+03 1.156119609464737006e-25
9.989000000000000000e+03 1.821835143255522198e-25
