1.000000000000000000e+01 3.444966235670000273e-23
1.100000000000000000e+01 5.737032519769999737e-23
1.200000000000000000e+01 5.299979798139999850e-23
1.300000000000000000e+01 1.117048645719999891e-22
1.400000000000000000e+01 6.624921119020000361e-23
1.500000000000000000e+01 1.349445019000000023e-21
1.600000000000000000e+01 1.423848416090000113e-22
1.700000000000000000e+01 4.405223769000000403e-22
1.800000000000000000e+01 1.781459041340000157e-21
1.900000000000000000e+01 3.261421075770000112e-21
2.000000000000000000e+01 6.326110912279999889e-22
2.100000000000000000e+01 1.783822718780000038e-22
2.200000000000000000e+01 1.325751048300000085e-22
2.300000000000000000e+01 1.542278648339999938e-22
2.400000000000000000e+01 3.519449534990000020e-22
2.500000000000000000e+01 4.432559719030000056e-20
2.600000000000000000e+01 4.680103414199999635e-22
2.700000000000000000e+01 1.719316769300000037e-22
2.800000000000000000e+01 1.346404650070000073e-22
2.900000000000000000e+01 1.333111570290000037e-22
3.000000000000000000e+01 1.887675106210000045e-22
3.100000000000000000e+01 2.458660928279999859e-22
3.200000000000000000e+01 4.973457142340000367e-22
3.300000000000000000e+01 1.073894056659999964e-19
3.400000000000000000e+01 6.100888282029999638e-22
3.500000000000000000e+01 8.627538471250000351e-22
3.600000000000000000e+01 4.312107410199999924e-21
3.700000000000000000e+01 3.478631329659999715e-20
3.800000000000000000e+01 4.719796961519999771e-21
3.900000000000000000e+01 2.926615344410000003e-20
4.000000000000000000e+01 8.779113269440000506e-21
4.100000000000000000e+01 1.280895527069999949e-18
4.200000000000000000e+01 8.185984586129999852e-22
4.300000000000000000e+01 4.570534561159999587e-22
4.400000000000000000e+01 1.924391360249999983e-21
4.500000000000000000e+01 3.944751141580000137e-22
4.600000000000000000e+01 7.689104417839999596e-22
4.700000000000000000e+01 2.008007006270000014e-19
4.800000000000000000e+01 1.442236244750000077e-21
4.900000000000000000e+01 4.577164938530000331e-22
5.000000000000000000e+01 4.529964102449999951e-22
5.100000000000000000e+01 5.802984911139999751e-22
5.200000000000000000e+01 8.975432062820000573e-22
5.300000000000000000e+01 3.281867158349999899e-21
5.400000000000000000e+01 4.085620367910000062e-21
5.500000000000000000e+01 2.065328717259999860e-20
5.600000000000000000e+01 5.541137263999999795e-20
5.700000000000000000e+01 5.189028339240000201e-20
5.800000000000000000e+01 7.758290194069999918e-21
5.900000000000000000e+01 3.712317271090000063e-21
6.000000000000000000e+01 3.249442939510000208e-20
6.100000000000000000e+01 1.143920151640000003e-21
6.200000000000000000e+01 6.435397062070000036e-21
6.300000000000000000e+01 2.379155293560000025e-21
6.400000000000000000e+01 1.553820744660000088e-18
6.500000000000000000e+01 1.672998410340000018e-21
6.600000000000000000e+01 7.099563961499999897e-22
6.700000000000000000e+01 9.757807298480000165e-22
6.800000000000000000e+01 8.482861886300000067e-20
6.900000000000000000e+01 9.111409232179999541e-21
7.000000000000000000e+01 1.737120380539999942e-21
7.100000000000000000e+01 2.315568089310000089e-21
7.200000000000000000e+01 6.284241159059999609e-20
7.300000000000000000e+01 2.206091069329999857e-20
7.400000000000000000e+01 8.137065705249999921e-20
7.500000000000000000e+01 8.119692357889999590e-21
7.600000000000000000e+01 8.454129127859999560e-21
7.700000000000000000e+01 1.777729108430000156e-21
7.800000000000000000e+01 5.222944369069999960e-21
7.900000000000000000e+01 7.035304736510000485e-20
8.000000000000000000e+01 4.126810016529999817e-20
8.100000000000000000e+01 5.076388362280000127e-20
8.200000000000000000e+01 5.101279730020000194e-20
8.300000000000000000e+01 2.545382534739999849e-21
8.400000000000000000e+01 1.316013150200000030e-21
8.500000000000000000e+01 1.675817138570000008e-21
8.600000000000000000e+01 2.904136982959999864e-21
8.700000000000000000e+01 8.121450670369999586e-21
8.800000000000000000e+01 1.330432462550000056e-18
8.900000000000000000e+01 1.651145717260000018e-20
9.000000000000000000e+01 6.016097636620000222e-21
9.100000000000000000e+01 5.753923567670000104e-21
9.200000000000000000e+01 3.795896853339999891e-20
9.300000000000000000e+01 4.536416179229999843e-20
9.400000000000000000e+01 5.429547147890000060e-21
9.500000000000000000e+01 3.079670163369999972e-21
9.600000000000000000e+01 8.457474235489999763e-20
9.700000000000000000e+01 3.238998604919999885e-21
9.800000000000000000e+01 1.040715774169999985e-20
9.900000000000000000e+01 3.491660011850000383e-18
1.000000000000000000e+02 5.823336628480000263e-20
1.010000000000000000e+02 3.086224254649999901e-20
1.020000000000000000e+02 6.675266096600000277e-21
1.030000000000000000e+02 3.172052181920000032e-21
1.040000000000000000e+02 2.179593471329999853e-20
1.050000000000000000e+02 1.792095173659999880e-20
1.060000000000000000e+02 1.628582954800000122e-20
1.070000000000000000e+02 8.331375136829999892e-21
1.080000000000000000e+02 4.395314855810000152e-21
1.090000000000000000e+02 1.427662667039999907e-21
1.100000000000000000e+02 8.119129489060000117e-21
1.110000000000000000e+02 2.070394764599999962e-19
1.120000000000000000e+02 4.513695213950000339e-21
1.130000000000000000e+02 1.276251817310000073e-21
1.140000000000000000e+02 7.726107290530000086e-22
1.150000000000000000e+02 6.548143292729999936e-22
1.160000000000000000e+02 7.186338631659999750e-22
1.170000000000000000e+02 1.734621578789999822e-21
1.180000000000000000e+02 2.301841500080000158e-19
1.190000000000000000e+02 2.282491427690000050e-21
1.200000000000000000e+02 2.610683945369999894e-19
1.210000000000000000e+02 7.503566797600000380e-21
1.220000000000000000e+02 4.618336862710000093e-19
1.230000000000000000e+02 9.085259348490000565e-21
1.240000000000000000e+02 2.653915073560000091e-21
1.250000000000000000e+02 2.815390867240000102e-21
1.260000000000000000e+02 9.018798404729999670e-21
1.270000000000000000e+02 4.708809485119999853e-17
1.280000000000000000e+02 8.169939589360000453e-21
1.290000000000000000e+02 3.135746614110000150e-21
1.300000000000000000e+02 2.375062940649999926e-21
1.310000000000000000e+02 5.532664845730000250e-21
1.320000000000000000e+02 5.426844092200000296e-20
1.330000000000000000e+02 7.006626615389999482e-20
1.340000000000000000e+02 5.634017265999999812e-21
1.350000000000000000e+02 2.192220587049999849e-21
1.360000000000000000e+02 1.768873859259999885e-21
1.370000000000000000e+02 1.502317320329999925e-21
1.380000000000000000e+02 3.256226955460000131e-21
1.390000000000000000e+02 1.637551353679999991e-17
1.400000000000000000e+02 2.658021523610000040e-20
1.410000000000000000e+02 2.236764434890000110e-20
1.420000000000000000e+02 2.206138279530000078e-21
1.430000000000000000e+02 1.173096773180000036e-21
1.440000000000000000e+02 1.046544057050000070e-21
1.450000000000000000e+02 1.571703875260000020e-21
1.460000000000000000e+02 1.815580709429999917e-21
1.470000000000000000e+02 2.872988377169999959e-21
1.480000000000000000e+02 7.436166883020000327e-21
1.490000000000000000e+02 1.504147393439999924e-18
1.500000000000000000e+02 6.040409567250000217e-20
1.510000000000000000e+02 7.380484673540000510e-20
1.520000000000000000e+02 1.133801268699999948e-20
1.530000000000000000e+02 1.736017901459999865e-20
1.540000000000000000e+02 1.165604284530000059e-20
1.550000000000000000e+02 2.463730524620000051e-21
1.560000000000000000e+02 1.875689553670000004e-21
1.570000000000000000e+02 3.046062302519999851e-21
1.580000000000000000e+02 1.349265338130000053e-19
1.590000000000000000e+02 4.107464618149999785e-21
1.600000000000000000e+02 1.151946063080000057e-21
1.610000000000000000e+02 6.935108911409999821e-22
1.620000000000000000e+02 1.916390607020000052e-21
1.630000000000000000e+02 6.272929833000000353e-22
1.640000000000000000e+02 6.478595329990000279e-22
1.650000000000000000e+02 7.999257375589999641e-22
1.660000000000000000e+02 2.881434642289999853e-21
1.670000000000000000e+02 6.260936474740000177e-21
1.680000000000000000e+02 2.446395716499999814e-21
1.690000000000000000e+02 6.007707021739999840e-21
1.700000000000000000e+02 7.866987482600000351e-20
1.710000000000000000e+02 2.542809090060000116e-20
1.720000000000000000e+02 4.887422118650000147e-21
1.730000000000000000e+02 1.033298142679999970e-20
1.740000000000000000e+02 8.214100866140000195e-21
1.750000000000000000e+02 2.314549540010000186e-21
1.760000000000000000e+02 5.767002378489999617e-18
1.770000000000000000e+02 1.253475511799999950e-20
1.780000000000000000e+02 1.660304380330000150e-20
1.790000000000000000e+02 3.232860108019999824e-21
1.800000000000000000e+02 1.159260487300000060e-21
1.810000000000000000e+02 3.829882698690000340e-21
1.820000000000000000e+02 1.782742674060000126e-21
1.830000000000000000e+02 1.189800104890000088e-21
1.840000000000000000e+02 9.172074961400000664e-22
1.850000000000000000e+02 5.450692665030000033e-22
1.860000000000000000e+02 8.649361258009999299e-22
1.870000000000000000e+02 1.676311871160000060e-21
1.880000000000000000e+02 5.341351119019999819e-20
1.890000000000000000e+02 3.116652237889999968e-21
1.900000000000000000e+02 8.175089200839999780e-22
1.910000000000000000e+02 5.029209453790000429e-22
1.920000000000000000e+02 4.599950199329999873e-22
1.930000000000000000e+02 9.590181391369999247e-22
1.940000000000000000e+02 1.778434813359999829e-21
1.950000000000000000e+02 8.513976902169999352e-22
1.960000000000000000e+02 1.851349260780000032e-21
1.970000000000000000e+02 9.145559634249999434e-22
1.980000000000000000e+02 2.162132433460000166e-21
1.990000000000000000e+02 1.301038086859999931e-21
2.000000000000000000e+02 2.541527066109999861e-21
2.010000000000000000e+02 5.584350709719999907e-21
2.020000000000000000e+02 3.521900482769999746e-20
2.030000000000000000e+02 5.165836978930000281e-19
2.040000000000000000e+02 9.429160385790000116e-21
2.050000000000000000e+02 3.398591509689999855e-21
2.060000000000000000e+02 2.416298479970000157e-21
2.070000000000000000e+02 4.553732942669999764e-21
2.080000000000000000e+02 2.884897854689999876e-20
2.090000000000000000e+02 1.932724624519999945e-20
2.100000000000000000e+02 2.836116937780000111e-21
2.110000000000000000e+02 4.846174054909999892e-21
2.120000000000000000e+02 1.032082751639999966e-21
2.130000000000000000e+02 1.281206006049999962e-21
2.140000000000000000e+02 5.185223829570000225e-20
2.150000000000000000e+02 7.683370039230000493e-21
2.160000000000000000e+02 6.265040170520000240e-22
2.170000000000000000e+02 4.785296820439999700e-22
2.180000000000000000e+02 4.743935786120000430e-22
2.190000000000000000e+02 6.277989830510000192e-22
2.200000000000000000e+02 1.181557190650000007e-21
2.210000000000000000e+02 5.839199349709999710e-21
2.220000000000000000e+02 2.359339561280000072e-20
2.230000000000000000e+02 2.567165931109999840e-21
2.240000000000000000e+02 5.303570022240000073e-21
2.250000000000000000e+02 4.134892878419999683e-21
2.260000000000000000e+02 2.703374922450000094e-20
2.270000000000000000e+02 4.736831756479999781e-20
2.280000000000000000e+02 1.687006978799999894e-19
2.290000000000000000e+02 4.254589969059999974e-21
2.300000000000000000e+02 1.379823767410000023e-21
2.310000000000000000e+02 1.042503668889999998e-21
2.320000000000000000e+02 7.509592502380000201e-22
2.330000000000000000e+02 6.371590539840000285e-22
2.340000000000000000e+02 3.349639662200000092e-22
2.350000000000000000e+02 2.396530429040000001e-22
2.360000000000000000e+02 2.073198014610000114e-22
2.370000000000000000e+02 1.913295206130000086e-22
2.380000000000000000e+02 1.873821895889999961e-22
2.390000000000000000e+02 1.902576442770000060e-22
2.400000000000000000e+02 2.060909364830000084e-22
2.410000000000000000e+02 2.447641152449999827e-22
2.420000000000000000e+02 3.152646336769999791e-22
2.430000000000000000e+02 1.119872130140000053e-21
2.440000000000000000e+02 1.626001892920000007e-21
2.450000000000000000e+02 8.672843920839999419e-21
2.460000000000000000e+02 1.423305957859999903e-20
2.470000000000000000e+02 4.050107995369999672e-21
2.480000000000000000e+02 3.369390963370000006e-19
2.490000000000000000e+02 2.839818557180000063e-21
2.500000000000000000e+02 1.408078839529999944e-21
2.510000000000000000e+02 2.478825023549999858e-20
2.520000000000000000e+02 1.557093454040000024e-21
2.530000000000000000e+02 5.758266771800000353e-21
2.540000000000000000e+02 3.190525550609999962e-18
2.550000000000000000e+02 4.431878425409999943e-21
2.560000000000000000e+02 2.545195132779999823e-21
2.570000000000000000e+02 7.571496198200000070e-22
2.580000000000000000e+02 3.771590561390000161e-22
2.590000000000000000e+02 2.830424680010000178e-22
2.600000000000000000e+02 2.043577963199999998e-22
2.610000000000000000e+02 1.707932159540000087e-22
2.620000000000000000e+02 1.558812480489999971e-22
2.630000000000000000e+02 2.806710698510000139e-22
2.640000000000000000e+02 1.877537229989999976e-22
2.650000000000000000e+02 3.311610514279999867e-22
2.660000000000000000e+02 8.426514021450000676e-21
2.670000000000000000e+02 5.992087788309999582e-22
2.680000000000000000e+02 1.908669168930000059e-22
2.690000000000000000e+02 1.318079707960000075e-22
2.700000000000000000e+02 1.213140365579999922e-22
2.710000000000000000e+02 1.242292392980000005e-22
2.720000000000000000e+02 2.612687585690000020e-22
2.730000000000000000e+02 7.880242871560000726e-21
2.740000000000000000e+02 2.533492569429999925e-22
2.750000000000000000e+02 5.596792850659999795e-22
2.760000000000000000e+02 1.672395504200000108e-20
2.770000000000000000e+02 1.916628838360000161e-21
2.780000000000000000e+02 2.456323782060000079e-20
2.790000000000000000e+02 5.154907072090000343e-21
2.800000000000000000e+02 3.300064064410000133e-21
2.810000000000000000e+02 1.972708916949999957e-21
2.820000000000000000e+02 5.028889569190000060e-20
2.830000000000000000e+02 2.067020098550000156e-21
2.840000000000000000e+02 5.187340346050000229e-22
2.850000000000000000e+02 2.836455494840000010e-22
2.860000000000000000e+02 3.109734017389999963e-22
2.870000000000000000e+02 1.259961533239999917e-21
2.880000000000000000e+02 4.765961342699999929e-22
2.890000000000000000e+02 4.240738738650000259e-21
2.900000000000000000e+02 2.686050802950000003e-21
2.910000000000000000e+02 6.878350611080000182e-22
2.920000000000000000e+02 1.937284957809999968e-22
2.930000000000000000e+02 1.242941069680000054e-22
2.940000000000000000e+02 9.901608971290000517e-23
2.950000000000000000e+02 9.748968949099999839e-23
2.960000000000000000e+02 1.034273726389999956e-22
2.970000000000000000e+02 9.865760743910000495e-23
2.980000000000000000e+02 1.811159005200000075e-22
2.990000000000000000e+02 2.002715854330000099e-22
3.000000000000000000e+02 2.935141498520000118e-22
3.010000000000000000e+02 7.829163733810000077e-22
3.020000000000000000e+02 1.237367021410000009e-20
3.030000000000000000e+02 2.534361003690000059e-18
3.040000000000000000e+02 1.573956498369999957e-21
3.050000000000000000e+02 4.579705917830000362e-22
3.060000000000000000e+02 3.433578129599999999e-22
3.070000000000000000e+02 1.247853717620000076e-22
3.080000000000000000e+02 9.343911148959999954e-23
3.090000000000000000e+02 1.123448687440000026e-22
3.100000000000000000e+02 9.567492811060000304e-23
3.110000000000000000e+02 6.200760187360000432e-23
3.120000000000000000e+02 6.933826126659999834e-23
3.130000000000000000e+02 8.362280772550000414e-23
3.140000000000000000e+02 2.358765048999999900e-22
3.150000000000000000e+02 1.478694827680000043e-20
3.160000000000000000e+02 1.898945192590000071e-22
3.170000000000000000e+02 8.108439144279999844e-23
3.180000000000000000e+02 6.535238337440000188e-23
3.190000000000000000e+02 6.877483857439999650e-23
3.200000000000000000e+02 8.761075359220000017e-23
3.210000000000000000e+02 1.461691915670000053e-22
3.220000000000000000e+02 2.936979089989999980e-22
3.230000000000000000e+02 1.613220815310000017e-21
3.240000000000000000e+02 4.247295441329999968e-20
3.250000000000000000e+02 5.339836872799999619e-22
3.260000000000000000e+02 3.522589781199999942e-22
3.270000000000000000e+02 1.094650005819999928e-21
3.280000000000000000e+02 4.001229594040000174e-21
3.290000000000000000e+02 2.994789534259999849e-22
3.300000000000000000e+02 1.262860637579999972e-22
3.310000000000000000e+02 9.192926827449999842e-23
3.320000000000000000e+02 1.112438820149999963e-22
3.330000000000000000e+02 1.346114073589999940e-22
3.340000000000000000e+02 4.430146738470000029e-22
3.350000000000000000e+02 1.489207659189999884e-20
3.360000000000000000e+02 5.953814437599999760e-22
3.370000000000000000e+02 1.445427540790000095e-22
3.380000000000000000e+02 8.161079027119999573e-23
3.390000000000000000e+02 7.793934163279999785e-23
3.400000000000000000e+02 2.776456165850000011e-22
3.410000000000000000e+02 4.135435787520000140e-22
3.420000000000000000e+02 7.583367167090000465e-23
3.430000000000000000e+02 4.360696257390000307e-22
3.440000000000000000e+02 6.081550302119999981e-23
3.450000000000000000e+02 5.281670413849999987e-23
3.460000000000000000e+02 5.754470602869999690e-22
3.470000000000000000e+02 4.981294426930000141e-23
3.480000000000000000e+02 7.248791329569999672e-23
3.490000000000000000e+02 2.395221968449999906e-22
3.500000000000000000e+02 2.492344927469999912e-21
3.510000000000000000e+02 2.891834722180000166e-22
3.520000000000000000e+02 3.829981143120000183e-19
3.530000000000000000e+02 1.921521997399999988e-22
3.540000000000000000e+02 4.865868079589999840e-21
3.550000000000000000e+02 4.080676116299999888e-22
3.560000000000000000e+02 2.000899226330000012e-22
3.570000000000000000e+02 3.005473573309999829e-21
3.580000000000000000e+02 4.628712519710000031e-22
3.590000000000000000e+02 1.279170403530000065e-22
3.600000000000000000e+02 4.879013739389999961e-23
3.610000000000000000e+02 3.336776567400000137e-23
3.620000000000000000e+02 2.557247323480000075e-23
3.630000000000000000e+02 3.241710015180000129e-23
3.640000000000000000e+02 1.861323376200000061e-23
3.650000000000000000e+02 1.768564612590000103e-23
3.660000000000000000e+02 1.846159954970000084e-23
3.670000000000000000e+02 2.212320259289999999e-23
3.680000000000000000e+02 5.696097267519999948e-23
3.690000000000000000e+02 1.073703963310000030e-22
3.700000000000000000e+02 8.286984623669999660e-19
3.710000000000000000e+02 9.826269312320000261e-23
3.720000000000000000e+02 3.862686372599999928e-23
3.735000000000000000e+02 1.187313678287499992e-22
3.760000000000000000e+02 2.636907525751332865e-22
3.795000000000000000e+02 4.111494999957499744e-23
3.835000000000000000e+02 6.406443223618500470e-22
3.875000000000000000e+02 8.925916853442499715e-23
3.915000000000000000e+02 1.582214740937500087e-23
3.955000000000000000e+02 3.312920287838500219e-22
3.995000000000000000e+02 3.673425018816675159e-21
4.035000000000000000e+02 9.554935571912499033e-24
4.075000000000000000e+02 7.114296686842500209e-24
4.115000000000000000e+02 7.891940333225000545e-24
4.155000000000000000e+02 7.093811695810000207e-23
4.195000000000000000e+02 1.602894190481924929e-21
4.235000000000000000e+02 2.447829813926999709e-22
4.280000000000000000e+02 2.901428798918799748e-23
4.325000000000000000e+02 1.466887978395799796e-22
4.365000000000000000e+02 1.075668698390749909e-23
4.410000000000000000e+02 5.735487747915940394e-22
4.455000000000000000e+02 2.151788228922500071e-23
4.495000000000000000e+02 4.916786305107499679e-24
4.540000000000000000e+02 4.698788364313999932e-23
4.590000000000000000e+02 1.652907007277087821e-20
4.635000000000000000e+02 5.001061729970000546e-24
4.680000000000000000e+02 3.082210917800800213e-23
4.725000000000000000e+02 1.768271616208999836e-22
4.770000000000000000e+02 5.032562018400000097e-24
4.820000000000000000e+02 1.290944721368171453e-20
4.870000000000000000e+02 8.955614381884000571e-24
4.920000000000000000e+02 1.153865494307940026e-22
4.970000000000000000e+02 2.657608161545999854e-24
5.020000000000000000e+02 2.313137559672200146e-23
5.070000000000000000e+02 4.474031060943200534e-22
5.120000000000000000e+02 2.853642225279199786e-23
5.170000000000000000e+02 2.556460392827399977e-23
5.220000000000000000e+02 1.061051135972660062e-22
5.270000000000000000e+02 7.420619622214999784e-22
5.325000000000000000e+02 2.333263615523333249e-24
5.380000000000000000e+02 1.247621840132399807e-23
5.430000000000000000e+02 3.044210752128399823e-23
5.485000000000000000e+02 3.721905474649883477e-22
5.540000000000000000e+02 5.103562533831999869e-24
5.595000000000000000e+02 2.309275317651666564e-24
5.655000000000000000e+02 1.992794794119499934e-23
5.710000000000000000e+02 1.155865660980400184e-23
5.765000000000000000e+02 2.191035619109833695e-23
5.825000000000000000e+02 1.399458263002333061e-23
5.885000000000000000e+02 2.784410765018333049e-24
5.945000000000000000e+02 7.949740927462500967e-23
6.005000000000000000e+02 5.355241744254999528e-24
6.065000000000000000e+02 1.219736621566666615e-24
6.125000000000000000e+02 3.468198417445000011e-23
6.185000000000000000e+02 6.689789595917833276e-23
6.245000000000000000e+02 3.751564956735000288e-24
6.305000000000000000e+02 3.461341725010000284e-24
6.370000000000000000e+02 2.996241876757285183e-23
6.435000000000000000e+02 1.688308716208333258e-24
6.500000000000000000e+02 1.127442347620142809e-24
6.565000000000000000e+02 1.579553414174499879e-24
6.630000000000000000e+02 7.308810241653428865e-24
6.695000000000000000e+02 2.253712509425833322e-23
6.760000000000000000e+02 1.358843692434142922e-24
6.830000000000000000e+02 8.218848011365714374e-25
6.900000000000000000e+02 8.454165768819570765e-24
6.970000000000000000e+02 4.157128989911856807e-24
7.040000000000000000e+02 1.309675693569428614e-24
7.110000000000000000e+02 9.619733568787143596e-25
7.180000000000000000e+02 6.852950814814285936e-25
7.250000000000000000e+02 6.684858819310000854e-25
7.320000000000000000e+02 2.933882552045857294e-24
7.395000000000000000e+02 6.866263281897499887e-25
7.470000000000000000e+02 7.472405428005713722e-25
7.545000000000000000e+02 7.944736856886250047e-25
7.620000000000000000e+02 6.143240359184285979e-25
7.695000000000000000e+02 1.931953027527999783e-24
7.775000000000000000e+02 7.563198990267875483e-24
7.855000000000000000e+02 6.249395002146249423e-25
7.930000000000000000e+02 1.574414417238428521e-24
8.005000000000000000e+02 1.317343542129125051e-24
8.085000000000000000e+02 5.986890267006249786e-25
8.170000000000000000e+02 5.246540035448889471e-25
8.255000000000000000e+02 5.571766701811249741e-25
8.335000000000000000e+02 4.898885456342500474e-25
8.415000000000000000e+02 9.975384507136250544e-25
8.500000000000000000e+02 4.980948312054443896e-25
8.585000000000000000e+02 4.676922235719999586e-25
8.670000000000000000e+02 4.821464446657777120e-25
8.760000000000000000e+02 4.571509187903333170e-25
8.850000000000000000e+02 5.280328106618889184e-25
8.935000000000000000e+02 4.381637014347499837e-25
9.020000000000000000e+02 4.306785098506666590e-25
9.115000000000000000e+02 5.858613973670000722e-25
9.210000000000000000e+02 2.923407221153888623e-24
9.300000000000000000e+02 4.218173712135556329e-25
9.390000000000000000e+02 4.278632415125556236e-25
9.485000000000000000e+02 4.163853833178999786e-25
9.580000000000000000e+02 4.061253143819999315e-25
9.675000000000000000e+02 4.013041019945999459e-25
9.775000000000000000e+02 6.636822940632999122e-25
9.870000000000000000e+02 3.931848180787777169e-25
9.965000000000000000e+02 3.907655842812999660e-25
1.006500000000000000e+03 4.325898161638000679e-25
1.016500000000000000e+03 3.939915541472000686e-25
1.027000000000000000e+03 3.908065896795455154e-25
1.037500000000000000e+03 3.908842538345999676e-25
1.047500000000000000e+03 3.891727469296999996e-25
1.058000000000000000e+03 3.907733412424546455e-25
1.069000000000000000e+03 4.311604640680909203e-25
1.079500000000000000e+03 3.927061220394999726e-25
1.090000000000000000e+03 4.034012015409090573e-25
1.101000000000000000e+03 4.132428057709999614e-25
1.112000000000000000e+03 4.375046624263636275e-25
1.123000000000000000e+03 4.461812607675454090e-25
1.134500000000000000e+03 5.473836153435832335e-25
1.146000000000000000e+03 4.502470642162728299e-25
1.157500000000000000e+03 4.841729513385832485e-25
1.169000000000000000e+03 1.926236408956818163e-24
1.180500000000000000e+03 6.239407892901665509e-25
1.192500000000000000e+03 2.203413199873483110e-23
1.204500000000000000e+03 1.205252108638916474e-24
1.216500000000000000e+03 1.557003404294499909e-24
1.228500000000000000e+03 5.276067997890751103e-24
1.240500000000000000e+03 8.223660153708498530e-24
1.253000000000000000e+03 1.051562920692846039e-24
1.266000000000000000e+03 1.835489339873730829e-23
1.278500000000000000e+03 2.546175428395333343e-24
1.291000000000000000e+03 1.581246075450369558e-23
1.304000000000000000e+03 4.782661250898846302e-24
1.317000000000000000e+03 2.376717427093307752e-22
1.330000000000000000e+03 2.424460542684153763e-23
1.343500000000000000e+03 2.467748141182214592e-23
1.357000000000000000e+03 1.509415667745453769e-22
1.370500000000000000e+03 4.825294160755464507e-22
1.384500000000000000e+03 7.648176293763285623e-23
1.398500000000000000e+03 1.337087227743099416e-20
1.412500000000000000e+03 9.707672278976285734e-22
1.426500000000000000e+03 2.744619622488607000e-21
1.440500000000000000e+03 1.329188487824150031e-21
1.455000000000000000e+03 5.985271930542352938e-21
1.469500000000000000e+03 1.372966984514025091e-20
1.484000000000000000e+03 1.035327526296919996e-21
1.499000000000000000e+03 2.141136180754266484e-21
1.514000000000000000e+03 2.323687571170707657e-20
1.529000000000000000e+03 3.950585665206466408e-21
1.544500000000000000e+03 3.378104576423812754e-20
1.560000000000000000e+03 4.243675990153800030e-21
1.575500000000000000e+03 7.315918751527806369e-21
1.591500000000000000e+03 8.093269751127500362e-23
1.607500000000000000e+03 3.853627550230499823e-22
1.623500000000000000e+03 2.941917815853499993e-21
1.639500000000000000e+03 7.237083023174756007e-20
1.656000000000000000e+03 4.820636369781235307e-21
1.672500000000000000e+03 2.110870351449625356e-21
1.689000000000000000e+03 3.376475308103682045e-20
1.706000000000000000e+03 2.041137155994840936e-20
1.723000000000000000e+03 2.008727995082870650e-21
1.740500000000000000e+03 3.157805367780777852e-21
1.758000000000000000e+03 9.272110545016048400e-21
1.775500000000000000e+03 1.057137381269799648e-21
1.793500000000000000e+03 1.624669117345260752e-21
1.811500000000000000e+03 7.205337361916055565e-23
1.829500000000000000e+03 9.684043443563724813e-22
1.847500000000000000e+03 4.822082232753749567e-22
1.866000000000000000e+03 4.133063715600420424e-22
1.884500000000000000e+03 3.331008201528555920e-23
1.903000000000000000e+03 7.063738768354278318e-22
1.922000000000000000e+03 9.175384100939281962e-21
1.941500000000000000e+03 2.478338660392699874e-23
1.961000000000000000e+03 6.189810256745615472e-22
1.980500000000000000e+03 6.534418950615550710e-24
2.000500000000000000e+03 3.912643363540095500e-23
2.020500000000000000e+03 3.625717279512490223e-23
2.040500000000000000e+03 1.233896114004750128e-23
2.061000000000000000e+03 8.581962909594428600e-24
2.082000000000000000e+03 2.195214506575047663e-24
2.102500000000000000e+03 5.695304733090499201e-25
2.123500000000000000e+03 7.169415621009272029e-24
2.145000000000000000e+03 4.352144838220000452e-25
2.166500000000000000e+03 3.207529289376818415e-25
2.188000000000000000e+03 2.365767462427619775e-25
2.209500000000000000e+03 2.038608038282272947e-25
2.231500000000000000e+03 2.702568941709091161e-25
2.254000000000000000e+03 1.985752616069999457e-25
2.277000000000000000e+03 1.917449045289565354e-25
2.299500000000000000e+03 1.976779687004090999e-25
2.322500000000000000e+03 1.484777984595833514e-25
2.346000000000000000e+03 1.435549247681304180e-25
2.369000000000000000e+03 1.352464633032174049e-25
2.392500000000000000e+03 1.306392058896666675e-25
2.416500000000000000e+03 1.251684742691666685e-25
2.441000000000000000e+03 1.265644434705200183e-25
2.465500000000000000e+03 1.174444236421666687e-25
2.490000000000000000e+03 1.179432824689199926e-25
2.515000000000000000e+03 1.234733054000000173e-25
2.540000000000000000e+03 1.962861660650799998e-25
2.565500000000000000e+03 1.264778913130384858e-25
2.591500000000000000e+03 4.019184052813462024e-25
2.617500000000000000e+03 1.064621879012115449e-24
2.643500000000000000e+03 2.142447204831384689e-24
2.669500000000000000e+03 5.603031834391923895e-25
2.696000000000000000e+03 3.616208929540740619e-25
2.723000000000000000e+03 2.030261528514814201e-24
2.750500000000000000e+03 1.006699570782964350e-24
2.778000000000000000e+03 1.713671485730814773e-24
2.805500000000000000e+03 5.613985546249428709e-24
2.834000000000000000e+03 2.758982305313207003e-24
2.862500000000000000e+03 5.774904320351429263e-25
2.891000000000000000e+03 8.320694648895519405e-25
2.920000000000000000e+03 3.993879579678965117e-25
2.949000000000000000e+03 2.942360714128517594e-24
2.978500000000000000e+03 5.695514358193593136e-23
3.008500000000000000e+03 4.461166647143534446e-24
3.038500000000000000e+03 2.298560615644943995e-22
3.068500000000000000e+03 7.746187617327032098e-22
3.099000000000000000e+03 3.946280358673422619e-22
3.130000000000000000e+03 4.257280112774240069e-22
3.161500000000000000e+03 4.472009852085500423e-24
3.193500000000000000e+03 6.478344055080144177e-23
3.225500000000000000e+03 2.655993987785312677e-22
3.257500000000000000e+03 1.095416056738544071e-22
3.290000000000000000e+03 3.690962970504736743e-23
3.323000000000000000e+03 1.870580423791881295e-22
3.356000000000000000e+03 2.192534923168111970e-23
3.389500000000000000e+03 1.989680516830355476e-23
3.423500000000000000e+03 3.285716728318447406e-23
3.458000000000000000e+03 1.743853369398591397e-22
3.492500000000000000e+03 1.513101602526014572e-22
3.527000000000000000e+03 1.514266475427220977e-21
3.562500000000000000e+03 5.724966808629055153e-22
3.598500000000000000e+03 1.197981167243213506e-20
3.634500000000000000e+03 5.888765954830056924e-21
3.670500000000000000e+03 5.365238865627027704e-20
3.707000000000000000e+03 3.237473820133659170e-21
3.744500000000000000e+03 7.019986747078658221e-21
3.782000000000000000e+03 2.423934608259940952e-21
3.819500000000000000e+03 1.186321967055498811e-19
3.858000000000000000e+03 2.077782590469828214e-20
3.896500000000000000e+03 3.995858882623362847e-21
3.935000000000000000e+03 9.344004008822587608e-22
3.974500000000000000e+03 8.279980083808873787e-23
4.014500000000000000e+03 4.968877693491293439e-22
4.054500000000000000e+03 1.589030906949014567e-23
4.095000000000000000e+03 5.341431852790634343e-23
4.136000000000000000e+03 2.293497942003439077e-24
4.177500000000000000e+03 3.597785169142762027e-24
4.219500000000000000e+03 1.022991379375928574e-24
4.261500000000000000e+03 4.269354375604761073e-25
4.304000000000000000e+03 1.521826206786744008e-25
4.347000000000000000e+03 1.904262009734883204e-25
4.390500000000000000e+03 1.035092804839409193e-25
4.434500000000000000e+03 9.342463764425455704e-26
4.479000000000000000e+03 9.779056036984223695e-26
4.524000000000000000e+03 2.241665927321199790e-25
4.569000000000000000e+03 1.157968446865675976e-24
4.614500000000000000e+03 3.309891095783978761e-25
4.660500000000000000e+03 3.809203174657629868e-25
4.707000000000000000e+03 2.011319734926319149e-25
4.754500000000000000e+03 3.176969248267895965e-25
4.802000000000000000e+03 4.285762581857319432e-25
4.850000000000000000e+03 8.469056913079428026e-25
4.898500000000000000e+03 1.876000521002062704e-25
4.947500000000000000e+03 1.035732062607822236e-24
4.997000000000000000e+03 8.655079340964285101e-25
5.047000000000000000e+03 1.694857362748772484e-23
5.097500000000000000e+03 1.348677714891247751e-23
5.148000000000000000e+03 1.214863260903459027e-22
5.199500000000000000e+03 4.896985475633801725e-22
5.251500000000000000e+03 3.653186251281729230e-21
5.304000000000000000e+03 4.188110359174571159e-22
5.357500000000000000e+03 1.843685222558166332e-21
5.411000000000000000e+03 1.033452443156558536e-21
5.465000000000000000e+03 2.486815326449592778e-21
5.520000000000000000e+03 5.014498296008021892e-22
5.575000000000000000e+03 1.592243694282786722e-23
5.630500000000000000e+03 4.715905681754479947e-23
5.687000000000000000e+03 2.165374429972512959e-24
5.744000000000000000e+03 2.793753280501485483e-24
5.801500000000000000e+03 1.775204151174935088e-24
5.859500000000000000e+03 7.521107233946724835e-26
5.918000000000000000e+03 3.978668129015424205e-26
5.977000000000000000e+03 3.107280908878815129e-26
6.036500000000000000e+03 3.592677073570834169e-26
6.097000000000000000e+03 2.582364698986064723e-26
6.158000000000000000e+03 2.274971954951147765e-26
6.219500000000000000e+03 2.894618609032096918e-26
6.282000000000000000e+03 6.197072697687777501e-26
6.345000000000000000e+03 5.369012721719526496e-26
6.408500000000000000e+03 7.638304533034687178e-26
6.472500000000000000e+03 1.492803704777374762e-25
6.537000000000000000e+03 1.513218968334369381e-25
6.602500000000000000e+03 2.017031352495891223e-24
6.668500000000000000e+03 8.866810271466614502e-24
6.735000000000000000e+03 7.491168731953673375e-23
6.802500000000000000e+03 1.047319174187657109e-22
6.870500000000000000e+03 2.724996939205843261e-23
6.939000000000000000e+03 6.957473188080292508e-23
7.008500000000000000e+03 7.657516855201642137e-23
7.078500000000000000e+03 4.348648383963101159e-22
7.149500000000000000e+03 9.063311805724681342e-22
7.221000000000000000e+03 2.588316456031631601e-21
7.293000000000000000e+03 3.494166226374165003e-21
7.366000000000000000e+03 1.080017726456033559e-21
7.439500000000000000e+03 5.952326589555639497e-23
7.514000000000000000e+03 1.238057841102818017e-23
7.589500000000000000e+03 1.135574699677099286e-23
7.665500000000000000e+03 9.781546838557670541e-25
7.742000000000000000e+03 6.734665378121943721e-26
7.819500000000000000e+03 8.941983309591154978e-26
7.897500000000000000e+03 1.799722569645897586e-26
7.976500000000000000e+03 1.745160656376750149e-26
8.056500000000000000e+03 1.248089662139875060e-26
8.137000000000000000e+03 1.292518485415062149e-25
8.218000000000000000e+03 5.047974803389076709e-24
8.300000000000000000e+03 2.623009711947507930e-24
8.383500000000000000e+03 2.145196336603307654e-24
8.467500000000000000e+03 2.027065646947632023e-24
8.552000000000000000e+03 2.001709869051600411e-24
8.637500000000000000e+03 5.718440127052825699e-23
8.724000000000000000e+03 1.621165324273628029e-22
8.811000000000000000e+03 3.049229381652307480e-22
8.899000000000000000e+03 1.034738649856849349e-22
8.988000000000000000e+03 1.498906493967065741e-23
9.078000000000000000e+03 2.195521169944947227e-24
9.169000000000000000e+03 2.230221583093597369e-24
9.260500000000000000e+03 6.716047781972499771e-26
9.353000000000000000e+03 4.979350818385836203e-26
9.446500000000000000e+03 7.423031073203404794e-27
9.541000000000000000e+03 4.970417854046105373e-27
9.636500000000000000e+03 1.669134692275927528e-26
9.733000000000000000e+03 1.880392841727380667e-26
9.830000000000000000e+03 3.902638112752339690e-26
9.928000000000000000e+03 3.095427930337081138e-26
9.989000000000000000e+03 8.025128259995913471e-26
