1.000000000000000000e+01 3.443183429110000086e-22
1.100000000000000000e+01 4.997693084640000093e-22
1.200000000000000000e+01 5.262301275879999579e-22
1.300000000000000000e+01 9.454088056540000288e-22
1.400000000000000000e+01 6.612403578700000012e-22
1.500000000000000000e+01 3.417677074229999960e-21
1.600000000000000000e+01 1.347868602289999948e-21
1.700000000000000000e+01 2.719424370010000163e-21
1.800000000000000000e+01 1.681878359370000012e-20
1.900000000000000000e+01 2.945285339089999821e-20
2.000000000000000000e+01 3.412762725810000237e-21
2.100000000000000000e+01 1.757211705790000037e-21
2.200000000000000000e+01 1.295324001329999923e-21
2.300000000000000000e+01 1.535183655119999922e-21
2.400000000000000000e+01 3.476130030129999905e-21
2.500000000000000000e+01 1.278334383949999918e-19
2.600000000000000000e+01 4.595531419150000256e-21
2.700000000000000000e+01 1.714683659519999862e-21
2.800000000000000000e+01 1.321920370799999942e-21
2.900000000000000000e+01 1.332224237810000044e-21
3.000000000000000000e+01 1.754023301180000177e-21
3.100000000000000000e+01 2.429526532660000184e-21
3.200000000000000000e+01 4.879464367469999732e-21
3.300000000000000000e+01 1.285556258249999984e-19
3.400000000000000000e+01 6.057895825760000195e-21
3.500000000000000000e+01 8.583292617860000295e-21
3.600000000000000000e+01 4.130831059350000173e-20
3.700000000000000000e+01 2.277903256580000015e-19
3.800000000000000000e+01 4.355812558690000193e-20
3.900000000000000000e+01 2.173045084400000122e-19
4.000000000000000000e+01 4.506221300940000270e-20
4.100000000000000000e+01 2.395946248139999789e-19
4.200000000000000000e+01 8.079236637959999422e-21
4.300000000000000000e+01 4.383557678739999753e-21
4.400000000000000000e+01 1.030907779290000073e-20
4.500000000000000000e+01 3.916427032860000257e-21
4.600000000000000000e+01 7.597503797369999475e-21
4.700000000000000000e+01 2.866325241979999782e-19
4.800000000000000000e+01 1.025436193100000016e-20
4.900000000000000000e+01 4.568051929210000225e-21
5.000000000000000000e+01 4.501459000299999986e-21
5.100000000000000000e+01 5.773774606169999952e-21
5.200000000000000000e+01 8.948348037499999832e-21
5.300000000000000000e+01 3.117047389669999861e-20
5.400000000000000000e+01 3.996202408599999805e-20
5.500000000000000000e+01 1.802858120109999914e-19
5.600000000000000000e+01 4.687664272620000232e-19
5.700000000000000000e+01 4.274118356750000062e-19
5.800000000000000000e+01 7.525800710280000058e-20
5.900000000000000000e+01 3.253664304370000003e-20
6.000000000000000000e+01 8.319383829820000428e-20
6.100000000000000000e+01 1.137991935769999989e-20
6.200000000000000000e+01 5.641294429969999585e-20
6.300000000000000000e+01 2.293744635999999855e-20
6.400000000000000000e+01 4.436359057359999582e-19
6.500000000000000000e+01 1.306772334940000005e-20
6.600000000000000000e+01 6.941707506310000335e-21
6.700000000000000000e+01 9.340619893850000641e-21
6.800000000000000000e+01 1.800722231939999953e-19
6.900000000000000000e+01 6.641336179360000476e-20
7.000000000000000000e+01 1.483934066009999885e-20
7.100000000000000000e+01 2.297036728390000100e-20
7.200000000000000000e+01 4.464896968639999655e-19
7.300000000000000000e+01 1.896528994270000075e-19
7.400000000000000000e+01 3.919019909860000223e-19
7.500000000000000000e+01 7.741365970509999507e-20
7.600000000000000000e+01 7.484808817009999518e-20
7.700000000000000000e+01 1.766451423649999968e-20
7.800000000000000000e+01 4.435788719480000288e-20
7.900000000000000000e+01 2.540737201309999916e-19
8.000000000000000000e+01 3.199977065470000012e-19
8.100000000000000000e+01 3.360462361909999760e-20
8.200000000000000000e+01 3.433752935659999982e-19
8.300000000000000000e+01 2.506370548259999876e-20
8.400000000000000000e+01 1.313958986669999931e-20
8.500000000000000000e+01 1.533923687479999960e-20
8.600000000000000000e+01 2.661173007179999896e-20
8.700000000000000000e+01 7.992958405210000468e-20
8.800000000000000000e+01 3.837808537570000001e-18
8.900000000000000000e+01 1.387576776570000065e-19
9.000000000000000000e+01 5.889642517120000096e-20
9.100000000000000000e+01 5.707109300780000591e-20
9.200000000000000000e+01 3.392013245889999843e-19
9.300000000000000000e+01 4.168528758900000214e-19
9.400000000000000000e+01 5.386410010420000284e-20
9.500000000000000000e+01 2.967806902429999794e-20
9.600000000000000000e+01 3.151549282999999818e-19
9.700000000000000000e+01 3.220932191090000025e-20
9.800000000000000000e+01 6.385409357419999599e-20
9.900000000000000000e+01 2.359839571009999945e-18
1.000000000000000000e+02 3.183409894669999998e-19
1.010000000000000000e+02 2.931558796900000235e-19
1.020000000000000000e+02 6.206732266020000373e-20
1.030000000000000000e+02 3.144511411770000135e-20
1.040000000000000000e+02 1.109739618320000068e-19
1.050000000000000000e+02 1.663649915209999933e-19
1.060000000000000000e+02 1.379162230710000111e-19
1.070000000000000000e+02 5.216323520729999725e-20
1.080000000000000000e+02 3.992516459650000118e-20
1.090000000000000000e+02 1.422940437289999948e-20
1.100000000000000000e+02 3.344276990820000226e-20
1.110000000000000000e+02 9.815417867279999679e-19
1.120000000000000000e+02 4.424447121099999723e-20
1.130000000000000000e+02 1.271908717870000066e-20
1.140000000000000000e+02 7.716751186849999729e-21
1.150000000000000000e+02 6.491221920970000244e-21
1.160000000000000000e+02 7.165912771810000377e-21
1.170000000000000000e+02 1.220563944249999930e-20
1.180000000000000000e+02 2.741367438280000102e-19
1.190000000000000000e+02 2.250992113959999887e-20
1.200000000000000000e+02 1.074709976110000067e-18
1.210000000000000000e+02 7.428183587120000129e-20
1.220000000000000000e+02 2.504258002060000020e-18
1.230000000000000000e+02 7.870828261910000146e-20
1.240000000000000000e+02 2.497621046159999960e-20
1.250000000000000000e+02 2.806724866119999753e-20
1.260000000000000000e+02 8.861732479710000025e-20
1.270000000000000000e+02 5.183471141920000064e-18
1.280000000000000000e+02 8.033559535370000392e-20
1.290000000000000000e+02 3.032912395310000163e-20
1.300000000000000000e+02 2.369890334769999980e-20
1.310000000000000000e+02 5.102229315869999881e-20
1.320000000000000000e+02 2.972041916229999839e-19
1.330000000000000000e+02 6.095042053950000313e-19
1.340000000000000000e+02 5.526464816460000336e-20
1.350000000000000000e+02 2.128543871710000006e-20
1.360000000000000000e+02 1.567599951100000054e-20
1.370000000000000000e+02 1.500731847449999992e-20
1.380000000000000000e+02 3.242657120649999969e-20
1.390000000000000000e+02 4.165613347100000285e-18
1.400000000000000000e+02 2.050236848119999996e-19
1.410000000000000000e+02 1.932016656929999988e-19
1.420000000000000000e+02 2.168640649250000134e-20
1.430000000000000000e+02 1.171905050920000014e-20
1.440000000000000000e+02 1.046052994599999980e-20
1.450000000000000000e+02 1.321691654589999996e-20
1.460000000000000000e+02 1.615435523179999994e-20
1.470000000000000000e+02 2.791808509909999892e-20
1.480000000000000000e+02 7.296135293490000560e-20
1.490000000000000000e+02 2.970467296490000114e-18
1.500000000000000000e+02 5.779213048430000261e-19
1.510000000000000000e+02 6.966808427969999625e-19
1.520000000000000000e+02 1.080884717349999981e-19
1.530000000000000000e+02 1.648732079120000073e-19
1.540000000000000000e+02 1.118060925779999986e-19
1.550000000000000000e+02 2.455634381369999957e-20
1.560000000000000000e+02 1.860187576069999974e-20
1.570000000000000000e+02 2.976886172039999798e-20
1.580000000000000000e+02 9.228654525299999822e-19
1.590000000000000000e+02 3.334634714510000282e-20
1.600000000000000000e+02 1.101550164270000040e-20
1.610000000000000000e+02 6.907736582230000287e-21
1.620000000000000000e+02 1.558879765279999936e-20
1.630000000000000000e+02 5.931278836449999757e-21
1.640000000000000000e+02 6.115700986000000114e-21
1.650000000000000000e+02 7.984855302660000273e-21
1.660000000000000000e+02 2.371558230829999861e-20
1.670000000000000000e+02 5.736850310700000515e-20
1.680000000000000000e+02 2.435438336350000056e-20
1.690000000000000000e+02 5.955961024079999499e-20
1.700000000000000000e+02 7.097431290089999830e-19
1.710000000000000000e+02 2.459373808519999867e-19
1.720000000000000000e+02 4.861498804609999823e-20
1.730000000000000000e+02 9.629065010439999672e-20
1.740000000000000000e+02 7.775375119370000217e-20
1.750000000000000000e+02 2.305451395180000107e-20
1.760000000000000000e+02 1.532462054379999964e-18
1.770000000000000000e+02 1.203579968439999955e-19
1.780000000000000000e+02 1.566037665060000079e-19
1.790000000000000000e+02 2.786922238259999707e-20
1.800000000000000000e+02 1.154459855009999948e-20
1.810000000000000000e+02 3.688653084399999900e-20
1.820000000000000000e+02 1.759224219860000004e-20
1.830000000000000000e+02 1.150442414729999941e-20
1.840000000000000000e+02 8.947228662530000509e-21
1.850000000000000000e+02 5.409178777580000275e-21
1.860000000000000000e+02 7.752204738650000710e-21
1.870000000000000000e+02 1.610125572829999928e-20
1.880000000000000000e+02 3.798789333519999986e-19
1.890000000000000000e+02 3.053127692440000116e-20
1.900000000000000000e+02 8.149205975399999665e-21
1.910000000000000000e+02 5.024512432599999850e-21
1.920000000000000000e+02 4.588994080350000231e-21
1.930000000000000000e+02 9.502039897240000621e-21
1.940000000000000000e+02 1.759927040330000070e-20
1.950000000000000000e+02 8.488630022999999752e-21
1.960000000000000000e+02 1.616170550540000086e-20
1.970000000000000000e+02 8.836910257029999486e-21
1.980000000000000000e+02 1.227916599020000004e-20
1.990000000000000000e+02 1.299808985029999986e-20
2.000000000000000000e+02 2.499567216330000044e-20
2.010000000000000000e+02 5.558273790799999721e-20
2.020000000000000000e+02 3.406966134289999966e-19
2.030000000000000000e+02 2.827623569509999844e-18
2.040000000000000000e+02 9.373802060390000418e-20
2.050000000000000000e+02 3.392684812900000228e-20
2.060000000000000000e+02 2.412712526890000117e-20
2.070000000000000000e+02 4.030806797820000296e-20
2.080000000000000000e+02 2.704146463969999818e-19
2.090000000000000000e+02 1.850472740169999936e-19
2.100000000000000000e+02 2.820316315189999709e-20
2.110000000000000000e+02 2.970134848890000103e-20
2.120000000000000000e+02 1.024681193509999965e-20
2.130000000000000000e+02 1.266857090959999951e-20
2.140000000000000000e+02 1.745465522849999925e-19
2.150000000000000000e+02 4.360623057080000295e-20
2.160000000000000000e+02 6.062566853699999785e-21
2.170000000000000000e+02 4.714326229969999625e-21
2.180000000000000000e+02 4.740428439380000023e-21
2.190000000000000000e+02 6.269587067350000099e-21
2.200000000000000000e+02 1.176198836839999945e-20
2.210000000000000000e+02 5.641191313409999762e-20
2.220000000000000000e+02 2.033821499230000029e-19
2.230000000000000000e+02 2.500961433570000061e-20
2.240000000000000000e+02 4.553729508419999707e-20
2.250000000000000000e+02 2.400884805650000027e-20
2.260000000000000000e+02 2.378001641460000190e-19
2.270000000000000000e+02 1.303945759529999995e-19
2.280000000000000000e+02 1.299330721220000020e-18
2.290000000000000000e+02 4.181772726190000091e-20
2.300000000000000000e+02 1.377497454389999951e-20
2.310000000000000000e+02 9.986036299189999832e-21
2.320000000000000000e+02 7.047785821749999359e-21
2.330000000000000000e+02 6.115890567659999831e-21
2.340000000000000000e+02 3.334982749049999962e-21
2.350000000000000000e+02 2.385291242180000161e-21
2.360000000000000000e+02 2.072572552559999991e-21
2.370000000000000000e+02 1.913096035069999828e-21
2.380000000000000000e+02 1.870898136710000120e-21
2.390000000000000000e+02 1.902340473750000102e-21
2.400000000000000000e+02 2.060538127699999966e-21
2.410000000000000000e+02 2.400958731919999835e-21
2.420000000000000000e+02 3.125142018000000011e-21
2.430000000000000000e+02 5.493443091079999651e-21
2.440000000000000000e+02 1.420256223380000018e-20
2.450000000000000000e+02 7.890119074539999813e-20
2.460000000000000000e+02 1.175018379780000092e-19
2.470000000000000000e+02 3.980471216159999821e-20
2.480000000000000000e+02 1.319638241869999993e-18
2.490000000000000000e+02 2.720963260860000129e-20
2.500000000000000000e+02 1.197923228859999930e-20
2.510000000000000000e+02 2.130564872739999892e-20
2.520000000000000000e+02 1.553844106100000021e-20
2.530000000000000000e+02 5.714327180729999817e-20
2.540000000000000000e+02 5.719523800719999713e-18
2.550000000000000000e+02 4.408249929129999898e-20
2.560000000000000000e+02 1.875367397609999902e-20
2.570000000000000000e+02 7.175368755810000202e-21
2.580000000000000000e+02 3.770104466580000192e-21
2.590000000000000000e+02 2.732670651970000022e-21
2.600000000000000000e+02 2.043246280730000019e-21
2.610000000000000000e+02 1.705203504090000153e-21
2.620000000000000000e+02 1.558052086350000051e-21
2.630000000000000000e+02 2.579352475309999998e-21
2.640000000000000000e+02 1.870784916350000005e-21
2.650000000000000000e+02 3.282011759709999844e-21
2.660000000000000000e+02 6.335320954860000238e-20
2.670000000000000000e+02 5.846492347740000281e-21
2.680000000000000000e+02 1.896832010809999865e-21
2.690000000000000000e+02 1.317281266000000079e-21
2.700000000000000000e+02 1.196696325769999908e-21
2.710000000000000000e+02 1.238629275709999977e-21
2.720000000000000000e+02 1.883287388490000044e-21
2.730000000000000000e+02 2.512727950950000077e-21
2.740000000000000000e+02 2.529689744599999841e-21
2.750000000000000000e+02 5.532196956480000105e-21
2.760000000000000000e+02 9.605329637059999706e-20
2.770000000000000000e+02 1.791154418109999907e-20
2.780000000000000000e+02 2.244085729209999832e-19
2.790000000000000000e+02 5.064376600309999956e-20
2.800000000000000000e+02 3.081206224320000067e-20
2.810000000000000000e+02 1.917471782770000087e-20
2.820000000000000000e+02 2.441791610579999774e-19
2.830000000000000000e+02 2.034634736660000077e-20
2.840000000000000000e+02 5.167646486179999728e-21
2.850000000000000000e+02 2.833331670790000175e-21
2.860000000000000000e+02 2.756873045850000012e-21
2.870000000000000000e+02 2.689833708729999947e-21
2.880000000000000000e+02 4.739904661189999685e-21
2.890000000000000000e+02 3.893148516560000028e-20
2.900000000000000000e+02 2.576278310579999980e-20
2.910000000000000000e+02 6.437015718590000197e-21
2.920000000000000000e+02 1.933551543139999999e-21
2.930000000000000000e+02 1.242122652839999968e-21
2.940000000000000000e+02 9.897686889599999325e-22
2.950000000000000000e+02 9.704212037750000471e-22
2.960000000000000000e+02 1.022553112700000033e-21
2.970000000000000000e+02 9.859909286249999719e-22
2.980000000000000000e+02 1.773748049310000051e-21
2.990000000000000000e+02 1.974229356200000167e-21
3.000000000000000000e+02 2.858843425239999867e-21
3.010000000000000000e+02 6.469439347530000199e-21
3.020000000000000000e+02 9.071272195849999733e-20
3.030000000000000000e+02 2.287690368709999898e-18
3.040000000000000000e+02 1.565213605690000079e-20
3.050000000000000000e+02 4.394900820239999976e-21
3.060000000000000000e+02 2.563833931900000008e-21
3.070000000000000000e+02 1.247252313169999938e-21
3.080000000000000000e+02 9.271619330959999319e-22
3.090000000000000000e+02 1.093358891540000067e-21
3.100000000000000000e+02 9.398839041840000179e-22
3.110000000000000000e+02 6.195941507070000180e-22
3.120000000000000000e+02 6.746231446930000414e-22
3.130000000000000000e+02 8.343840599069999705e-22
3.140000000000000000e+02 2.318691569370000128e-21
3.150000000000000000e+02 6.073189513709999428e-20
3.160000000000000000e+02 1.880907007860000145e-21
3.170000000000000000e+02 8.063675924570000328e-22
3.180000000000000000e+02 6.531347900069999926e-22
3.190000000000000000e+02 6.874897323639999559e-22
3.200000000000000000e+02 8.753287217990000220e-22
3.210000000000000000e+02 1.447930597539999931e-21
3.220000000000000000e+02 2.922211093169999876e-21
3.230000000000000000e+02 1.571823575639999913e-20
3.240000000000000000e+02 1.770769484109999929e-19
3.250000000000000000e+02 5.307318045649999888e-21
3.260000000000000000e+02 3.340145520440000034e-21
3.270000000000000000e+02 1.082325526379999930e-20
3.280000000000000000e+02 3.583783344839999979e-20
3.290000000000000000e+02 2.981530518690000108e-21
3.300000000000000000e+02 1.243552657760000029e-21
3.310000000000000000e+02 8.901073467529999358e-22
3.320000000000000000e+02 9.089441168610000838e-22
3.330000000000000000e+02 1.342891279009999951e-21
3.340000000000000000e+02 4.354287032719999997e-21
3.350000000000000000e+02 1.002926535750000001e-19
3.360000000000000000e+02 5.833272539209999706e-21
3.370000000000000000e+02 1.441041249369999990e-21
3.380000000000000000e+02 8.133496524250000449e-22
3.390000000000000000e+02 7.751216644619999537e-22
3.400000000000000000e+02 2.677453682980000060e-21
3.410000000000000000e+02 3.881782959080000373e-21
3.420000000000000000e+02 7.549414876840000411e-22
3.430000000000000000e+02 3.604472282749999929e-21
3.440000000000000000e+02 6.037133075520000180e-22
3.450000000000000000e+02 5.029171286529999979e-22
3.460000000000000000e+02 3.458918635320000058e-21
3.470000000000000000e+02 4.953859658200000461e-22
3.480000000000000000e+02 7.208532108489999850e-22
3.490000000000000000e+02 2.384912074899999873e-21
3.500000000000000000e+02 1.989905748119999980e-20
3.510000000000000000e+02 2.689574347099999879e-21
3.520000000000000000e+02 7.129159352130000289e-20
3.530000000000000000e+02 1.907467783500000133e-21
3.540000000000000000e+02 2.763280533960000179e-20
3.550000000000000000e+02 3.970350523650000204e-21
3.560000000000000000e+02 1.928245833479999974e-21
3.570000000000000000e+02 2.538607611990000098e-20
3.580000000000000000e+02 4.512381900040000152e-21
3.590000000000000000e+02 1.260756991689999973e-21
3.600000000000000000e+02 4.871617788820000267e-22
3.610000000000000000e+02 3.187717217340000169e-22
3.620000000000000000e+02 2.546823021990000150e-22
3.630000000000000000e+02 3.048646491110000172e-22
3.640000000000000000e+02 1.860485034299999934e-22
3.650000000000000000e+02 1.768144100229999956e-22
3.660000000000000000e+02 1.845732968070000067e-22
3.670000000000000000e+02 2.210331950499999902e-22
3.680000000000000000e+02 4.371362031660000176e-22
3.690000000000000000e+02 1.048088663620000022e-21
3.700000000000000000e+02 8.779712411239999778e-20
3.710000000000000000e+02 9.746144705449999811e-22
3.720000000000000000e+02 3.856106791500000022e-22
3.735000000000000000e+02 1.142969897429500073e-21
3.760000000000000000e+02 2.462853377539666392e-21
3.795000000000000000e+02 2.267708947395000323e-22
3.835000000000000000e+02 4.716414923771500211e-21
3.875000000000000000e+02 8.613206441259999980e-22
3.915000000000000000e+02 1.578906750372499888e-22
3.955000000000000000e+02 2.819973151452750070e-21
3.995000000000000000e+02 6.323500442656499369e-21
4.035000000000000000e+02 9.541370993744999580e-23
4.075000000000000000e+02 7.106076382837499533e-23
4.115000000000000000e+02 7.877105603619999718e-23
4.155000000000000000e+02 3.123308370734999968e-22
4.195000000000000000e+02 1.212506348794899946e-20
4.235000000000000000e+02 1.190194355419249998e-21
4.280000000000000000e+02 2.191451680398999978e-22
4.325000000000000000e+02 1.096405545537250089e-21
4.365000000000000000e+02 8.538204988847499129e-23
4.410000000000000000e+02 2.934605588133179886e-21
4.455000000000000000e+02 1.811733225763250003e-22
4.495000000000000000e+02 4.901208025197500279e-23
4.540000000000000000e+02 2.789797485805600488e-22
4.590000000000000000e+02 4.239871124535620283e-21
4.635000000000000000e+02 4.995861883774999475e-23
4.680000000000000000e+02 1.006984805810799847e-22
4.725000000000000000e+02 1.489469522837749877e-21
4.770000000000000000e+02 5.028392086502000278e-23
4.820000000000000000e+02 4.634130215220860314e-21
4.870000000000000000e+02 8.756048936241998936e-23
4.920000000000000000e+02 4.319074783540001086e-22
4.970000000000000000e+02 2.654994586460000002e-23
5.020000000000000000e+02 2.205984293219600497e-22
5.070000000000000000e+02 2.070986860582460152e-21
5.120000000000000000e+02 4.343846912025999312e-23
5.170000000000000000e+02 2.341032484592600078e-22
5.220000000000000000e+02 9.061667181447999423e-23
5.270000000000000000e+02 2.642959759357579911e-21
5.325000000000000000e+02 2.317802177903333444e-23
5.380000000000000000e+02 1.070427299225200073e-22
5.430000000000000000e+02 1.771624240339000036e-22
5.485000000000000000e+02 2.993784242314832794e-22
5.540000000000000000e+02 4.220439711092000393e-23
5.595000000000000000e+02 2.137976105453333043e-23
5.655000000000000000e+02 1.722380883777833129e-22
5.710000000000000000e+02 1.014926969028800031e-22
5.765000000000000000e+02 1.818845654794333355e-22
5.825000000000000000e+02 6.851432343483332971e-23
5.885000000000000000e+02 2.626044434496667022e-23
5.945000000000000000e+02 2.485615123648166439e-22
6.005000000000000000e+02 4.037536156154999981e-23
6.065000000000000000e+02 1.200942098780000192e-23
6.125000000000000000e+02 7.583527076366666108e-23
6.185000000000000000e+02 2.174220114015166654e-22
6.245000000000000000e+02 3.519976507043333665e-23
6.305000000000000000e+02 2.793581383070000323e-23
6.370000000000000000e+02 7.844430614764285855e-23
6.435000000000000000e+02 1.639801571135000162e-23
6.500000000000000000e+02 9.240784905197143681e-24
6.565000000000000000e+02 1.531635086917166717e-23
6.630000000000000000e+02 2.806399712839143009e-23
6.695000000000000000e+02 9.777715184463667453e-23
6.760000000000000000e+02 1.254936246245428544e-23
6.830000000000000000e+02 7.933798138305715592e-24
6.900000000000000000e+02 4.609978205362286552e-23
6.970000000000000000e+02 2.732760500631571204e-23
7.040000000000000000e+02 1.270487621183714328e-23
7.110000000000000000e+02 8.944441944632857875e-24
7.180000000000000000e+02 6.846986279414286418e-24
7.250000000000000000e+02 6.663146040608572187e-24
7.320000000000000000e+02 1.727117517790428632e-23
7.395000000000000000e+02 6.588861988497499939e-24
7.470000000000000000e+02 7.413808128925715279e-24
7.545000000000000000e+02 7.209026997705000834e-24
7.620000000000000000e+02 5.870907611398571900e-24
7.695000000000000000e+02 9.188733318488750476e-24
7.775000000000000000e+02 8.411492213613751544e-24
7.855000000000000000e+02 6.210977388915000452e-24
7.930000000000000000e+02 1.086506598087857080e-23
8.005000000000000000e+02 6.925818017046250046e-24
8.085000000000000000e+02 5.531430291240000185e-24
8.170000000000000000e+02 5.210556686401111310e-24
8.255000000000000000e+02 5.438376330401249939e-24
8.335000000000000000e+02 4.887989900654999241e-24
8.415000000000000000e+02 5.278665634407500509e-24
8.500000000000000000e+02 4.932950126497777408e-24
8.585000000000000000e+02 4.667827646347500504e-24
8.670000000000000000e+02 4.722355146627777377e-24
8.760000000000000000e+02 4.546534380161111886e-24
8.850000000000000000e+02 4.995094576381111315e-24
8.935000000000000000e+02 4.376995960451249377e-24
9.020000000000000000e+02 4.306303634851111701e-24
9.115000000000000000e+02 4.697815193775000212e-24
9.210000000000000000e+02 4.927054151735555465e-24
9.300000000000000000e+02 4.151185125508888254e-24
9.390000000000000000e+02 4.106218415042221942e-24
9.485000000000000000e+02 4.127934973754000400e-24
9.580000000000000000e+02 4.055338608095555688e-24
9.675000000000000000e+02 3.996675999655999941e-24
9.775000000000000000e+02 4.164568101228000607e-24
9.870000000000000000e+02 3.926733323008889027e-24
9.965000000000000000e+02 3.906269839686000232e-24
1.006500000000000000e+03 3.986912183563999228e-24
1.016500000000000000e+03 3.920669257949000295e-24
1.027000000000000000e+03 3.900069496156364126e-24
1.037500000000000000e+03 3.867717248428000145e-24
1.047500000000000000e+03 3.888279864372999911e-24
1.058000000000000000e+03 3.901229519877273571e-24
1.069000000000000000e+03 4.163696046018181445e-24
1.079500000000000000e+03 3.920552347265999806e-24
1.090000000000000000e+03 3.979360473595454047e-24
1.101000000000000000e+03 4.090920415237273237e-24
1.112000000000000000e+03 4.301135712476364220e-24
1.123000000000000000e+03 4.394046465266364552e-24
1.134500000000000000e+03 5.150030873332499489e-24
1.146000000000000000e+03 4.364828214509091138e-24
1.157500000000000000e+03 4.452416176231666492e-24
1.169000000000000000e+03 8.126140779121818781e-24
1.180500000000000000e+03 5.840405624315833834e-24
1.192500000000000000e+03 1.902395008288916341e-23
1.204500000000000000e+03 5.961722581745000315e-24
1.216500000000000000e+03 1.100329583548249938e-23
1.228500000000000000e+03 2.123548999746083072e-23
1.240500000000000000e+03 2.339755628449750013e-23
1.253000000000000000e+03 9.251543129403076637e-24
1.266000000000000000e+03 8.264043510306384985e-23
1.278500000000000000e+03 1.593303925420250049e-23
1.291000000000000000e+03 2.107594689363384717e-23
1.304000000000000000e+03 2.330753187784077358e-23
1.317000000000000000e+03 5.109827662264230419e-22
1.330000000000000000e+03 4.030208906736923306e-23
1.343500000000000000e+03 1.989695093385214260e-22
1.357000000000000000e+03 9.390126030864152865e-22
1.370500000000000000e+03 1.688586808774164368e-21
1.384500000000000000e+03 5.028373484800999912e-22
1.398500000000000000e+03 4.760423127687000247e-21
1.412500000000000000e+03 3.085554777877714333e-21
1.426500000000000000e+03 5.972267982076715187e-21
1.440500000000000000e+03 6.866282543041499697e-21
1.455000000000000000e+03 2.562577239483966217e-20
1.469500000000000000e+03 3.284277039387249755e-20
1.484000000000000000e+03 6.880387292589532620e-21
1.499000000000000000e+03 1.803262550151933417e-20
1.514000000000000000e+03 4.646106429505533636e-20
1.529000000000000000e+03 1.996483698990333298e-20
1.544500000000000000e+03 7.733729860512686445e-20
1.560000000000000000e+03 3.227981390519066648e-20
1.575500000000000000e+03 3.908427419493263141e-20
1.591500000000000000e+03 6.292748368824374009e-22
1.607500000000000000e+03 2.200274957579687269e-21
1.623500000000000000e+03 2.342895168572062157e-20
1.639500000000000000e+03 5.959897202955686834e-20
1.656000000000000000e+03 3.660833866452293453e-20
1.672500000000000000e+03 1.674162593903250440e-20
1.689000000000000000e+03 7.561574112757648062e-20
1.706000000000000000e+03 5.229065595084235503e-20
1.723000000000000000e+03 1.148244711258011911e-20
1.740500000000000000e+03 1.863881065824777913e-20
1.758000000000000000e+03 9.814095082062881915e-21
1.775500000000000000e+03 9.288956328519446158e-21
1.793500000000000000e+03 7.332121229708722517e-21
1.811500000000000000e+03 6.198318751401445037e-22
1.829500000000000000e+03 6.160415993701445253e-21
1.847500000000000000e+03 4.002735502674345471e-21
1.866000000000000000e+03 1.936990952146252424e-21
1.884500000000000000e+03 3.184973678019888797e-22
1.903000000000000000e+03 1.053697428679599780e-21
1.922000000000000000e+03 4.999873852082553867e-21
1.941500000000000000e+03 2.195673298231399762e-22
1.961000000000000000e+03 1.528651362962473826e-22
1.980500000000000000e+03 2.483343859860049937e-23
2.000500000000000000e+03 2.613403738719809820e-22
2.020500000000000000e+03 7.912063266727651154e-23
2.040500000000000000e+03 3.998050577532249921e-23
2.061000000000000000e+03 2.173417951819857486e-23
2.082000000000000000e+03 1.225687173620857531e-23
2.102500000000000000e+03 3.860609406744999548e-24
2.123500000000000000e+03 1.012736422696409061e-23
2.145000000000000000e+03 3.857223381375714973e-24
2.166500000000000000e+03 2.481180010928181680e-24
2.188000000000000000e+03 2.253173946475714371e-24
2.209500000000000000e+03 2.012450918459544987e-24
2.231500000000000000e+03 1.861117979110454384e-24
2.254000000000000000e+03 1.823125422444782739e-24
2.277000000000000000e+03 1.647282074813043323e-24
2.299500000000000000e+03 1.574151683789999801e-24
2.322500000000000000e+03 1.480251076881667144e-24
2.346000000000000000e+03 1.409683058917826129e-24
2.369000000000000000e+03 1.351373409978260887e-24
2.392500000000000000e+03 1.299533703777499714e-24
2.416500000000000000e+03 1.250796199583750014e-24
2.441000000000000000e+03 1.208185625128800053e-24
2.465500000000000000e+03 1.169441236666666807e-24
2.490000000000000000e+03 1.135494312973200174e-24
2.515000000000000000e+03 1.112700072345600051e-24
2.540000000000000000e+03 1.105069931049599726e-24
2.565500000000000000e+03 1.100949568161538442e-24
2.591500000000000000e+03 1.318626244106923169e-24
2.617500000000000000e+03 2.190751887228461533e-24
2.643500000000000000e+03 2.406026965923461849e-24
2.669500000000000000e+03 2.844930497017307839e-24
2.696000000000000000e+03 2.353637010725185206e-24
2.723000000000000000e+03 5.782720319606297008e-24
2.750500000000000000e+03 2.693598499791786629e-24
2.778000000000000000e+03 4.398721856366666977e-24
2.805500000000000000e+03 4.276867215603570912e-24
2.834000000000000000e+03 2.761857089393448251e-24
2.862500000000000000e+03 1.557645264013928146e-24
2.891000000000000000e+03 1.737453611911379549e-24
2.920000000000000000e+03 1.827279077623103790e-24
2.949000000000000000e+03 5.458006229874482767e-24
2.978500000000000000e+03 3.060151826301766925e-23
3.008500000000000000e+03 3.034242544070133019e-23
3.038500000000000000e+03 1.439907755033706697e-22
3.068500000000000000e+03 2.797349230164429908e-22
3.099000000000000000e+03 3.493820518125835473e-22
3.130000000000000000e+03 4.198267398340839305e-22
3.161500000000000000e+03 2.164280505634031405e-23
3.193500000000000000e+03 3.031529392731187425e-22
3.225500000000000000e+03 3.787312991863625259e-22
3.257500000000000000e+03 2.957846768243186901e-22
3.290000000000000000e+03 1.625433350322581652e-22
3.323000000000000000e+03 1.215478527940400274e-22
3.356000000000000000e+03 7.921186349656696622e-23
3.389500000000000000e+03 1.029108738394191193e-22
3.423500000000000000e+03 1.049982657056970578e-22
3.458000000000000000e+03 3.300155401624714327e-22
3.492500000000000000e+03 4.966395731066676157e-22
3.527000000000000000e+03 1.308826390249814436e-21
3.562500000000000000e+03 1.866808587212194405e-21
3.598500000000000000e+03 5.604504948259444465e-21
3.634500000000000000e+03 9.649097929065858921e-21
3.670500000000000000e+03 3.283821263709819899e-20
3.707000000000000000e+03 1.473846320603851432e-20
3.744500000000000000e+03 3.524811052331184656e-20
3.782000000000000000e+03 9.375503989564487093e-21
3.819500000000000000e+03 6.504786788819027845e-20
3.858000000000000000e+03 4.346903390820167710e-20
3.896500000000000000e+03 7.493085258360342045e-21
3.935000000000000000e+03 1.578886017079146421e-21
3.974500000000000000e+03 2.190296925830674971e-22
4.014500000000000000e+03 1.461562087229300084e-22
4.054500000000000000e+03 7.903633835320650145e-23
4.095000000000000000e+03 6.903370792442023604e-23
4.136000000000000000e+03 1.268257071482292536e-23
4.177500000000000000e+03 5.556452325995713902e-24
4.219500000000000000e+03 3.699451624754999661e-24
4.261500000000000000e+03 2.199835081885952062e-24
4.304000000000000000e+03 1.384069835614651281e-24
4.347000000000000000e+03 1.223523271584883701e-24
4.390500000000000000e+03 1.027855745708886466e-24
4.434500000000000000e+03 9.225555531764773961e-25
4.479000000000000000e+03 9.000982064742222883e-25
4.524000000000000000e+03 9.371103423349556299e-25
4.569000000000000000e+03 2.301318556152221682e-24
4.614500000000000000e+03 1.632955986581543386e-24
4.660500000000000000e+03 1.075308612311500154e-24
4.707000000000000000e+03 1.253491098694808530e-24
4.754500000000000000e+03 1.365308376465520958e-24
4.802000000000000000e+03 1.189374047359510593e-24
4.850000000000000000e+03 1.163643375696693816e-24
4.898500000000000000e+03 7.504168807624164387e-25
4.947500000000000000e+03 1.521216262124140222e-24
4.997000000000000000e+03 3.280768818212284855e-24
5.047000000000000000e+03 1.229746102076882128e-23
5.097500000000000000e+03 1.939247542971900129e-23
5.148000000000000000e+03 1.273822790691949275e-22
5.199500000000000000e+03 6.556118052102559069e-22
5.251500000000000000e+03 3.174102044483880602e-21
5.304000000000000000e+03 1.272722457735228441e-21
5.357500000000000000e+03 4.580438188624312988e-21
5.411000000000000000e+03 4.642204971475790827e-21
5.465000000000000000e+03 1.852440535313004012e-21
5.520000000000000000e+03 2.862827579441693102e-22
5.575000000000000000e+03 3.424427787488436398e-23
5.630500000000000000e+03 2.019418672640584233e-23
5.687000000000000000e+03 6.150763698941051297e-24
5.744000000000000000e+03 4.292773778053120633e-24
5.801500000000000000e+03 1.491143719479431037e-24
5.859500000000000000e+03 5.030821600917929134e-25
5.918000000000000000e+03 3.185761764449660259e-25
5.977000000000000000e+03 2.692229553396441011e-25
6.036500000000000000e+03 2.937886328064167188e-25
6.097000000000000000e+03 2.434892757647212716e-25
6.158000000000000000e+03 2.141125534952459386e-25
6.219500000000000000e+03 2.215198574450484796e-25
6.282000000000000000e+03 2.446487487202380876e-25
6.345000000000000000e+03 2.269277379534285309e-25
6.408500000000000000e+03 2.524728261125313068e-25
6.472500000000000000e+03 2.777784172131718674e-25
6.537000000000000000e+03 4.543546006864615846e-25
6.602500000000000000e+03 2.361150739779575709e-24
6.668500000000000000e+03 6.942065296203380262e-24
6.735000000000000000e+03 5.680543668237898765e-23
6.802500000000000000e+03 1.288168793724198481e-22
6.870500000000000000e+03 9.766772262688561885e-23
6.939000000000000000e+03 1.931894987496718648e-22
7.008500000000000000e+03 1.768854007372569369e-22
7.078500000000000000e+03 3.476851994121585445e-22
7.149500000000000000e+03 1.656615595139419535e-21
7.221000000000000000e+03 2.954427028014180013e-21
7.293000000000000000e+03 2.815470431968498428e-21
7.366000000000000000e+03 1.439572019431002935e-21
7.439500000000000000e+03 7.093709689777566370e-23
7.514000000000000000e+03 2.507869389237904318e-23
7.589500000000000000e+03 1.106758876814422204e-23
7.665500000000000000e+03 2.180790171930224118e-24
7.742000000000000000e+03 3.681940914090650541e-25
7.819500000000000000e+03 1.955365732340641081e-25
7.897500000000000000e+03 1.398622098768077411e-25
7.976500000000000000e+03 1.184836488470875047e-25
8.056500000000000000e+03 1.146161535404000080e-25
8.137000000000000000e+03 3.934998734458394802e-25
8.218000000000000000e+03 1.783249379546444618e-24
8.300000000000000000e+03 3.096044272303205744e-24
8.383500000000000000e+03 4.638960846632142336e-24
8.467500000000000000e+03 5.364549831526656221e-24
8.552000000000000000e+03 2.521975812271130428e-24
8.637500000000000000e+03 2.833533203862427843e-23
8.724000000000000000e+03 1.397797248897786109e-22
8.811000000000000000e+03 2.051803114720008007e-22
8.899000000000000000e+03 1.624968147613666501e-22
8.988000000000000000e+03 1.659369751428904402e-23
9.078000000000000000e+03 3.531604845059604148e-24
9.169000000000000000e+03 1.663307173244668143e-24
9.260500000000000000e+03 2.853937338854206399e-25
9.353000000000000000e+03 8.240211803441072836e-26
9.446500000000000000e+03 5.354846878111700917e-26
9.541000000000000000e+03 4.883233332086842356e-26
9.636500000000000000e+03 5.188526238389584344e-26
9.733000000000000000e+03 8.067803204467421516e-26
9.830000000000000000e+03 1.054986353118401789e-25
9.928000000000000000e+03 1.444029706053434196e-25
9.989000000000000000e+03 1.255786545987738907e-25
