1.000000000000000000e+01 1.510102603889999962e-24
1.100000000000000000e+01 2.761833178149999908e-24
1.200000000000000000e+01 2.263299541429999925e-24
1.300000000000000000e+01 5.362675562000000341e-24
1.400000000000000000e+01 2.688657379510000098e-24
1.500000000000000000e+01 7.736259717029999913e-23
1.600000000000000000e+01 5.960079566799999803e-24
1.700000000000000000e+01 1.992021461700000099e-23
1.800000000000000000e+01 5.261790210779999714e-23
1.900000000000000000e+01 9.527008311240000031e-23
2.000000000000000000e+01 3.250441736420000035e-23
2.100000000000000000e+01 7.087055059250000640e-24
2.200000000000000000e+01 8.732532599729999954e-24
2.300000000000000000e+01 5.570469915150000002e-24
2.400000000000000000e+01 1.198785287320000060e-23
2.500000000000000000e+01 1.470964007279999961e-21
2.600000000000000000e+01 1.585490253090000093e-23
2.700000000000000000e+01 6.347057700330000156e-24
2.800000000000000000e+01 5.763621852320000024e-24
2.900000000000000000e+01 5.390343141580000122e-24
3.000000000000000000e+01 4.036871310999999858e-22
3.100000000000000000e+01 1.008683247089999957e-23
3.200000000000000000e+01 1.899279036299999991e-23
3.300000000000000000e+01 3.546999916549999734e-21
3.400000000000000000e+01 2.217687149919999979e-23
3.500000000000000000e+01 3.302446713799999844e-23
3.600000000000000000e+01 1.655005611350000062e-22
3.700000000000000000e+01 1.073270980419999973e-21
3.800000000000000000e+01 1.904429175540000099e-22
3.900000000000000000e+01 1.314480953709999942e-21
4.000000000000000000e+01 1.156681072949999948e-21
4.100000000000000000e+01 1.002443382140000051e-19
4.200000000000000000e+01 4.093863639529999948e-23
4.300000000000000000e+01 2.428393105520000072e-23
4.400000000000000000e+01 1.707889656709999965e-22
4.500000000000000000e+01 2.217919891430000117e-23
4.600000000000000000e+01 4.863375709030000242e-23
4.700000000000000000e+01 1.529341162819999925e-20
4.800000000000000000e+01 1.337161683989999921e-22
4.900000000000000000e+01 2.355808012059999868e-23
5.000000000000000000e+01 2.050542288760000086e-23
5.100000000000000000e+01 2.621695635449999927e-23
5.200000000000000000e+01 3.671488162410000209e-23
5.300000000000000000e+01 1.460322927040000090e-22
5.400000000000000000e+01 1.587908497149999917e-22
5.500000000000000000e+01 2.566663618710000150e-21
5.600000000000000000e+01 1.794410439089999954e-21
5.700000000000000000e+01 1.841169552129999936e-21
5.800000000000000000e+01 3.290570147870000011e-22
5.900000000000000000e+01 3.178746466209999826e-22
6.000000000000000000e+01 5.588276991470000365e-21
6.100000000000000000e+01 7.473988481640000504e-23
6.200000000000000000e+01 5.168461023529999573e-22
6.300000000000000000e+01 1.619811901119999961e-22
6.400000000000000000e+01 2.567578598989999818e-19
6.500000000000000000e+01 9.068286045119999499e-23
6.600000000000000000e+01 3.673395218940000116e-23
6.700000000000000000e+01 8.272166970509999512e-23
6.800000000000000000e+01 5.169167665830000255e-21
6.900000000000000000e+01 4.269795444149999663e-22
7.000000000000000000e+01 8.066890162810000470e-23
7.100000000000000000e+01 9.755374730469999686e-23
7.200000000000000000e+01 2.392811337320000096e-21
7.300000000000000000e+01 1.038666043849999966e-21
7.400000000000000000e+01 5.157818414760000188e-21
7.500000000000000000e+01 4.925944600909999750e-22
7.600000000000000000e+01 5.125820768069999660e-22
7.700000000000000000e+01 1.209184677959999963e-22
7.800000000000000000e+01 6.683995620110000010e-22
7.900000000000000000e+01 3.355025039220000097e-21
8.000000000000000000e+01 1.767136550889999854e-21
8.100000000000000000e+01 4.991646204140000213e-19
8.200000000000000000e+01 3.197766500089999847e-21
8.300000000000000000e+01 1.931783064220000025e-22
8.400000000000000000e+01 6.746576915589999811e-23
8.500000000000000000e+01 1.806323158810000062e-22
8.600000000000000000e+01 1.850177624969999947e-22
8.700000000000000000e+01 3.634903803469999842e-22
8.800000000000000000e+01 5.647237436629999429e-20
8.900000000000000000e+01 1.575686928280000091e-21
9.000000000000000000e+01 3.599054306169999939e-22
9.100000000000000000e+01 2.189539261420000227e-22
9.200000000000000000e+01 1.309482577599999945e-21
9.300000000000000000e+01 1.554714154470000034e-21
9.400000000000000000e+01 2.064096864039999903e-22
9.500000000000000000e+01 1.840313578659999915e-22
9.600000000000000000e+01 1.003912239790000020e-20
9.700000000000000000e+01 2.016918691750000113e-22
9.800000000000000000e+01 4.476625359510000350e-22
9.900000000000000000e+01 1.446505823659999983e-19
1.000000000000000000e+02 1.128459151100000042e-20
1.010000000000000000e+02 1.626594321770000073e-21
1.020000000000000000e+02 4.542964874650000138e-22
1.030000000000000000e+02 1.825466473929999977e-22
1.040000000000000000e+02 1.548739085109999966e-21
1.050000000000000000e+02 1.163624187280000001e-21
1.060000000000000000e+02 1.486928188079999935e-21
1.070000000000000000e+02 1.292495578809999939e-21
1.080000000000000000e+02 5.673132021210000266e-22
1.090000000000000000e+02 8.698919885459999672e-23
1.100000000000000000e+02 3.659045670659999885e-22
1.110000000000000000e+02 9.889563179959999928e-21
1.120000000000000000e+02 1.868306712669999969e-22
1.130000000000000000e+02 6.052418235690000021e-23
1.140000000000000000e+02 4.244304548759999777e-23
1.150000000000000000e+02 4.532303890110000057e-23
1.160000000000000000e+02 6.871661224670000297e-22
1.170000000000000000e+02 6.985605342220000403e-22
1.180000000000000000e+02 3.461977561170000231e-20
1.190000000000000000e+02 2.253064645060000164e-22
1.200000000000000000e+02 2.066323262519999869e-20
1.210000000000000000e+02 6.170621705190000025e-22
1.220000000000000000e+02 3.703981421760000013e-20
1.230000000000000000e+02 1.149119237839999992e-21
1.240000000000000000e+02 3.412799924970000006e-22
1.250000000000000000e+02 1.797117078759999920e-22
1.260000000000000000e+02 5.161218877370000118e-22
1.270000000000000000e+02 2.687269662470000081e-17
1.280000000000000000e+02 4.577089730710000107e-22
1.290000000000000000e+02 2.447651125029999861e-22
1.300000000000000000e+02 1.350107996760000005e-22
1.310000000000000000e+02 5.244721973769999836e-22
1.320000000000000000e+02 6.266671539279999921e-21
1.330000000000000000e+02 4.694654465459999729e-21
1.340000000000000000e+02 3.773680526040000012e-22
1.350000000000000000e+02 1.768374127800000097e-22
1.360000000000000000e+02 1.884770029749999989e-22
1.370000000000000000e+02 1.220019985819999938e-22
1.380000000000000000e+02 3.245521898520000210e-22
1.390000000000000000e+02 2.955576177459999958e-18
1.400000000000000000e+02 7.596161817170000258e-21
1.410000000000000000e+02 1.460321621009999966e-21
1.420000000000000000e+02 1.895311432120000018e-22
1.430000000000000000e+02 8.147919652960000267e-23
1.440000000000000000e+02 6.486350712169999846e-23
1.450000000000000000e+02 4.274987362450000207e-22
1.460000000000000000e+02 9.557229386880000280e-23
1.470000000000000000e+02 1.625748554690000081e-22
1.480000000000000000e+02 4.322978879690000254e-22
1.490000000000000000e+02 6.812238280249999432e-20
1.500000000000000000e+02 2.699850807950000140e-21
1.510000000000000000e+02 4.104470591100000029e-21
1.520000000000000000e+02 7.699816540030000105e-22
1.530000000000000000e+02 1.369569196090000082e-21
1.540000000000000000e+02 1.085822164660000031e-21
1.550000000000000000e+02 1.948149185399999959e-22
1.560000000000000000e+02 2.642197381049999881e-22
1.570000000000000000e+02 5.501640860439999995e-22
1.580000000000000000e+02 2.226632011049999885e-20
1.590000000000000000e+02 1.077755706769999934e-21
1.600000000000000000e+02 2.315374097320000110e-22
1.610000000000000000e+02 6.368364397900000133e-23
1.620000000000000000e+02 1.185694857270000056e-22
1.630000000000000000e+02 4.798249453759999778e-23
1.640000000000000000e+02 1.309773422159999902e-22
1.650000000000000000e+02 6.756446173199999564e-23
1.660000000000000000e+02 4.231274391949999851e-22
1.670000000000000000e+02 6.920627246060000470e-22
1.680000000000000000e+02 1.552925814980000010e-22
1.690000000000000000e+02 3.278432212020000108e-22
1.700000000000000000e+02 4.198193072049999684e-21
1.710000000000000000e+02 1.346655111670000057e-21
1.720000000000000000e+02 2.719670125650000134e-22
1.730000000000000000e+02 7.354915632679999699e-22
1.740000000000000000e+02 4.340954128610000010e-22
1.750000000000000000e+02 2.061088941619999895e-22
1.760000000000000000e+02 2.344545101889999931e-18
1.770000000000000000e+02 7.666675243370000200e-22
1.780000000000000000e+02 9.330553366160000309e-22
1.790000000000000000e+02 3.255345739630000087e-20
1.800000000000000000e+02 1.179231019849999975e-22
1.810000000000000000e+02 6.641656726889999757e-22
1.820000000000000000e+02 2.792454396100000019e-22
1.830000000000000000e+02 1.060144485580000012e-22
1.840000000000000000e+02 7.306592538249999986e-23
1.850000000000000000e+02 4.417357805840000212e-23
1.860000000000000000e+02 7.007778473870000246e-23
1.870000000000000000e+02 1.203278129430000050e-22
1.880000000000000000e+02 3.642538252060000368e-21
1.890000000000000000e+02 2.163693693699999883e-22
1.900000000000000000e+02 6.209391461240000220e-23
1.910000000000000000e+02 4.485599946930000120e-23
1.920000000000000000e+02 6.061197425520000517e-23
1.930000000000000000e+02 2.328064982150000134e-22
1.940000000000000000e+02 5.523608819029999637e-22
1.950000000000000000e+02 2.004511046169999997e-22
1.960000000000000000e+02 5.593270106439999604e-22
1.970000000000000000e+02 1.461455684079999984e-22
1.980000000000000000e+02 1.204546962500000024e-21
1.990000000000000000e+02 1.092374587580000034e-22
2.000000000000000000e+02 2.133892922250000140e-22
2.010000000000000000e+02 4.068101474599999927e-22
2.020000000000000000e+02 2.665166398329999881e-21
2.030000000000000000e+02 3.491544371380000165e-20
2.040000000000000000e+02 6.567031171540000176e-22
2.050000000000000000e+02 2.392987762090000066e-22
2.060000000000000000e+02 1.711390157619999909e-22
2.070000000000000000e+02 3.126920473129999878e-22
2.080000000000000000e+02 1.950817244479999896e-21
2.090000000000000000e+02 1.309109469660000050e-21
2.100000000000000000e+02 2.010084931889999940e-22
2.110000000000000000e+02 4.619175362400000414e-22
2.120000000000000000e+02 2.582250820830000156e-22
2.130000000000000000e+02 2.626648455309999836e-22
2.140000000000000000e+02 8.797570405269999859e-21
2.150000000000000000e+02 5.599758723570000114e-22
2.160000000000000000e+02 6.075434641130000127e-23
2.170000000000000000e+02 1.161855510909999994e-22
2.180000000000000000e+02 4.026905508739999851e-23
2.190000000000000000e+02 4.654753731350000226e-23
2.200000000000000000e+02 8.206937817119999974e-23
2.210000000000000000e+02 3.499597429940000006e-22
2.220000000000000000e+02 2.381164060249999875e-21
2.230000000000000000e+02 3.573897744630000011e-21
2.240000000000000000e+02 1.184930458629999946e-21
2.250000000000000000e+02 4.277429378960000414e-22
2.260000000000000000e+02 2.279612293849999846e-21
2.270000000000000000e+02 8.912961877649999952e-21
2.280000000000000000e+02 1.478129122530000122e-20
2.290000000000000000e+02 3.828590126570000197e-22
2.300000000000000000e+02 1.412408814940000024e-22
2.310000000000000000e+02 3.641293116970000120e-22
2.320000000000000000e+02 3.462170922439999816e-22
2.330000000000000000e+02 1.457277058850000075e-22
2.340000000000000000e+02 5.043036947669999750e-23
2.350000000000000000e+02 2.714770089689999995e-23
2.360000000000000000e+02 2.183916050450000128e-23
2.370000000000000000e+02 1.872031714520000103e-23
2.380000000000000000e+02 1.851689882090000118e-23
2.390000000000000000e+02 1.843866858379999887e-23
2.400000000000000000e+02 2.012623463150000081e-23
2.410000000000000000e+02 1.669692278899999885e-22
2.420000000000000000e+02 3.487845671109999767e-23
2.430000000000000000e+02 8.479516478710000280e-23
2.440000000000000000e+02 4.345626495149999670e-22
2.450000000000000000e+02 8.099483858280000383e-22
2.460000000000000000e+02 8.080460161209999801e-22
2.470000000000000000e+02 5.165968097029999840e-22
2.480000000000000000e+02 3.874879137340000020e-20
2.490000000000000000e+02 4.485858714729999755e-22
2.500000000000000000e+02 4.520485185510000242e-22
2.510000000000000000e+02 7.572690221270000595e-21
2.520000000000000000e+02 1.791005855360000111e-22
2.530000000000000000e+02 6.681243836220000326e-22
2.540000000000000000e+02 3.881314311889999871e-19
2.550000000000000000e+02 5.131819938130000282e-22
2.560000000000000000e+02 3.275855750559999922e-22
2.570000000000000000e+02 2.307987140690000107e-22
2.580000000000000000e+02 4.541533971239999791e-23
2.590000000000000000e+02 3.462917587319999997e-23
2.600000000000000000e+02 2.369581904670000095e-23
2.610000000000000000e+02 2.096968575840000130e-23
2.620000000000000000e+02 1.867691468500000052e-23
2.630000000000000000e+02 3.476084669629999944e-23
2.640000000000000000e+02 2.459777781530000087e-23
2.650000000000000000e+02 7.040487935869999970e-23
2.660000000000000000e+02 1.383350435019999925e-21
2.670000000000000000e+02 1.397188240060000080e-22
2.680000000000000000e+02 4.731991524179999961e-23
2.690000000000000000e+02 1.901644419140000074e-23
2.700000000000000000e+02 1.689983928860000043e-23
2.710000000000000000e+02 1.954982175270000090e-23
2.720000000000000000e+02 9.803810142500000577e-23
2.730000000000000000e+02 4.324371279189999803e-19
2.740000000000000000e+02 3.348752019280000130e-23
2.750000000000000000e+02 6.974390176560000253e-23
2.760000000000000000e+02 1.327426922079999932e-21
2.770000000000000000e+02 2.764672320590000015e-22
2.780000000000000000e+02 3.906260578049999668e-21
2.790000000000000000e+02 8.307967719789999619e-22
2.800000000000000000e+02 7.335561874770000272e-22
2.810000000000000000e+02 3.714921600020000007e-22
2.820000000000000000e+02 4.547439705350000091e-21
2.830000000000000000e+02 3.246252692980000007e-22
2.840000000000000000e+02 8.149672843869999462e-23
2.850000000000000000e+02 5.101653708460000165e-23
2.860000000000000000e+02 4.769342314800000000e-23
2.870000000000000000e+02 1.700398174130000161e-21
2.880000000000000000e+02 7.133228500119999476e-23
2.890000000000000000e+02 5.523229270729999691e-22
2.900000000000000000e+02 3.645006685429999931e-22
2.910000000000000000e+02 1.795645202339999912e-22
2.920000000000000000e+02 3.090636324019999710e-23
2.930000000000000000e+02 1.936089570160000140e-23
2.940000000000000000e+02 1.594948663570000064e-23
2.950000000000000000e+02 1.605390478219999974e-23
2.960000000000000000e+02 1.785219896920000054e-23
2.970000000000000000e+02 2.159206351470000124e-23
2.980000000000000000e+02 7.825436129820000354e-23
2.990000000000000000e+02 6.293925411189999786e-23
3.000000000000000000e+02 6.707557366000000205e-23
3.010000000000000000e+02 3.463995802660000184e-21
3.020000000000000000e+02 2.815971890920000120e-21
3.030000000000000000e+02 6.437268523189999770e-19
3.040000000000000000e+02 3.587489834239999802e-22
3.050000000000000000e+02 1.670997295410000054e-22
3.060000000000000000e+02 7.370629473950000152e-23
3.070000000000000000e+02 2.614765034990000059e-23
3.080000000000000000e+02 5.943242355359999810e-23
3.090000000000000000e+02 2.222187590569999959e-23
3.100000000000000000e+02 1.531260304309999973e-23
3.110000000000000000e+02 1.267159987869999934e-23
3.120000000000000000e+02 2.427473888239999857e-23
3.130000000000000000e+02 1.472927212799999974e-23
3.140000000000000000e+02 3.352284266249999798e-23
3.150000000000000000e+02 3.597334170960000214e-21
3.160000000000000000e+02 3.657010069030000121e-23
3.170000000000000000e+02 1.452669919100000018e-23
3.180000000000000000e+02 1.102103299970000004e-23
3.190000000000000000e+02 1.136882083909999940e-23
3.200000000000000000e+02 1.534469000240000026e-23
3.210000000000000000e+02 1.179945857929999918e-22
3.220000000000000000e+02 4.212203160489999924e-23
3.230000000000000000e+02 1.926282230459999924e-22
3.240000000000000000e+02 1.361298598840000148e-20
3.250000000000000000e+02 1.032848356629999985e-22
3.260000000000000000e+02 7.961697437270000043e-23
3.270000000000000000e+02 3.466770459119999830e-22
3.280000000000000000e+02 1.372842929089999939e-21
3.290000000000000000e+02 9.867689035830000140e-23
3.300000000000000000e+02 3.200743242809999846e-23
3.310000000000000000e+02 2.327064063369999893e-23
3.320000000000000000e+02 1.722596940100000130e-23
3.330000000000000000e+02 1.783830537280000122e-23
3.340000000000000000e+02 4.548456816319999869e-23
3.350000000000000000e+02 2.056341891829999871e-21
3.360000000000000000e+02 6.595870335649999882e-23
3.370000000000000000e+02 1.794291869230000014e-23
3.380000000000000000e+02 1.227915331100000027e-23
3.390000000000000000e+02 1.522564615570000129e-23
3.400000000000000000e+02 5.289270043889999792e-23
3.410000000000000000e+02 7.921342254359999471e-23
3.420000000000000000e+02 1.827838952379999920e-23
3.430000000000000000e+02 2.245207704119999997e-22
3.440000000000000000e+02 2.163072255760000095e-23
3.450000000000000000e+02 1.440615189830000067e-23
3.460000000000000000e+02 3.950857761380000290e-23
3.470000000000000000e+02 1.446291239410000071e-23
3.480000000000000000e+02 2.838348457309999816e-23
3.490000000000000000e+02 1.086105312120000020e-22
3.500000000000000000e+02 1.057793097440000056e-21
3.510000000000000000e+02 1.358126858970000042e-22
3.520000000000000000e+02 6.078505569230000347e-19
3.530000000000000000e+02 8.140054227979999900e-23
3.540000000000000000e+02 1.965897756229999991e-21
3.550000000000000000e+02 1.959672602329999918e-22
3.560000000000000000e+02 4.770707054670000077e-23
3.570000000000000000e+02 2.927281810470000045e-22
3.580000000000000000e+02 8.612390545009999974e-23
3.590000000000000000e+02 4.869533072859999728e-23
3.600000000000000000e+02 1.127622434609999972e-23
3.610000000000000000e+02 7.674036366980000191e-24
3.620000000000000000e+02 7.544449563889999551e-24
3.630000000000000000e+02 8.117953567909999529e-24
3.640000000000000000e+02 3.873748594729999677e-24
3.650000000000000000e+02 3.503041368859999828e-24
3.660000000000000000e+02 3.551046705300000040e-24
3.670000000000000000e+02 4.112457744399999951e-24
3.680000000000000000e+02 8.685383411890000336e-24
3.690000000000000000e+02 2.284257818290000119e-23
3.700000000000000000e+02 1.714193159860000080e-18
3.710000000000000000e+02 1.489500607739999959e-23
3.720000000000000000e+02 1.034740736269999975e-23
3.735000000000000000e+02 7.454383422895000044e-23
3.760000000000000000e+02 2.175854716279333325e-22
3.795000000000000000e+02 9.218025510315000426e-24
3.835000000000000000e+02 1.041647662861699986e-22
3.875000000000000000e+02 8.333750156097499441e-24
3.915000000000000000e+02 6.009885528839999471e-24
3.955000000000000000e+02 5.248096582745000183e-22
3.995000000000000000e+02 4.527701352887749208e-21
4.035000000000000000e+02 3.160506580624999756e-24
4.075000000000000000e+02 1.563005566150000131e-24
4.115000000000000000e+02 1.547210613714999956e-24
4.155000000000000000e+02 3.997038883140499712e-23
4.195000000000000000e+02 3.480082695245500174e-22
4.235000000000000000e+02 4.645211429241975953e-22
4.280000000000000000e+02 4.385081977535999739e-24
4.325000000000000000e+02 1.370879983243250091e-23
4.365000000000000000e+02 7.814869501727499417e-24
4.410000000000000000e+02 6.100416663800199541e-23
4.455000000000000000e+02 5.285264586620749994e-23
4.495000000000000000e+02 1.554156862337500005e-24
4.540000000000000000e+02 3.894195733941199775e-23
4.590000000000000000e+02 1.948160690961120895e-20
4.635000000000000000e+02 1.513663467243500115e-24
4.680000000000000000e+02 3.661872710633600016e-23
4.725000000000000000e+02 7.087081293064250774e-23
4.770000000000000000e+02 1.093918248589600134e-24
4.820000000000000000e+02 2.011847649263369108e-21
4.870000000000000000e+02 3.583316794632200356e-24
4.920000000000000000e+02 4.748214388526739399e-23
4.970000000000000000e+02 5.288194235964000191e-25
5.020000000000000000e+02 1.229510855926000031e-23
5.070000000000000000e+02 6.789502477597519763e-23
5.120000000000000000e+02 7.873519583382601650e-24
5.170000000000000000e+02 1.732592021177000004e-23
5.220000000000000000e+02 1.224356739485960126e-23
5.270000000000000000e+02 2.846795996093265878e-22
5.325000000000000000e+02 4.298955565656666931e-25
5.380000000000000000e+02 2.428157928790780090e-23
5.430000000000000000e+02 4.152988674085200000e-24
5.485000000000000000e+02 4.203533468476196579e-22
5.540000000000000000e+02 5.667357905420199231e-24
5.595000000000000000e+02 8.120373125913332813e-25
5.655000000000000000e+02 3.222619717293166829e-24
5.710000000000000000e+02 3.453597921092400472e-24
5.765000000000000000e+02 1.274527291304166919e-23
5.825000000000000000e+02 1.636258921791338146e-22
5.885000000000000000e+02 7.834345921781667323e-25
5.945000000000000000e+02 4.084937222704516492e-23
6.005000000000000000e+02 3.747911694308082844e-23
6.065000000000000000e+02 3.313280960796666449e-25
6.125000000000000000e+02 4.291505007122666982e-24
6.185000000000000000e+02 1.570076004895200231e-23
6.245000000000000000e+02 1.439668718141333293e-24
6.305000000000000000e+02 2.613754030075999823e-24
6.370000000000000000e+02 3.111083373387086001e-23
6.435000000000000000e+02 5.160514484744999524e-25
6.500000000000000000e+02 2.367783663236999809e-25
6.565000000000000000e+02 4.987633461128666939e-25
6.630000000000000000e+02 2.552514444363156904e-24
6.695000000000000000e+02 4.020432928669499953e-24
6.760000000000000000e+02 3.117250055437714204e-25
6.830000000000000000e+02 2.396388269747142492e-25
6.900000000000000000e+02 1.148538517704614327e-23
6.970000000000000000e+02 4.298917711636429106e-24
7.040000000000000000e+02 4.491382148523713980e-25
7.110000000000000000e+02 2.610134701872571548e-25
7.180000000000000000e+02 7.012608813462857533e-26
7.250000000000000000e+02 6.538006938524285551e-26
7.320000000000000000e+02 7.152346307091570848e-25
7.395000000000000000e+02 7.348099130231251103e-25
7.470000000000000000e+02 2.399259751504142753e-25
7.545000000000000000e+02 8.153768119431625585e-25
7.620000000000000000e+02 1.165043641602857153e-25
7.695000000000000000e+02 3.233756912407875212e-25
7.775000000000000000e+02 1.344701406550178838e-23
7.855000000000000000e+02 8.811564458401251062e-26
7.930000000000000000e+02 7.285465963714571334e-25
8.005000000000000000e+02 6.371565410368200188e-24
8.085000000000000000e+02 1.462479019737774756e-24
8.170000000000000000e+02 6.693395171167778051e-26
8.255000000000000000e+02 6.258324390282500597e-26
8.335000000000000000e+02 5.218057949357500358e-26
8.415000000000000000e+02 1.446621712856637523e-24
8.500000000000000000e+02 1.382586574544666488e-25
8.585000000000000000e+02 7.359319931727875182e-25
8.670000000000000000e+02 9.608929792017778055e-26
8.760000000000000000e+02 4.367416917914444390e-26
8.850000000000000000e+02 7.087989542060001251e-26
8.935000000000000000e+02 4.058836108292500497e-26
9.020000000000000000e+02 3.465851396173333052e-26
9.115000000000000000e+02 4.344818558646299637e-25
9.210000000000000000e+02 1.389411459454066620e-24
9.300000000000000000e+02 4.587797758284111927e-25
9.390000000000000000e+02 3.262255530073666908e-25
9.485000000000000000e+02 4.521966365880999489e-26
9.580000000000000000e+02 3.534539343907777751e-26
9.675000000000000000e+02 4.324211882304000750e-26
9.775000000000000000e+02 2.602989052722100427e-25
9.870000000000000000e+02 3.248284831083333133e-26
9.965000000000000000e+02 3.508363226640999196e-26
1.006500000000000000e+03 1.486468180997800035e-25
1.016500000000000000e+03 6.776081331927999442e-26
1.027000000000000000e+03 3.589849776383636211e-26
1.037500000000000000e+03 3.616194265428999358e-26
1.047500000000000000e+03 3.317764675094999724e-26
1.058000000000000000e+03 4.010683545386363824e-26
1.069000000000000000e+03 8.438792611376361153e-26
1.079500000000000000e+03 3.429158818263000261e-26
1.090000000000000000e+03 5.504536523539090854e-26
1.101000000000000000e+03 5.114544972204545148e-26
1.112000000000000000e+03 8.640871661746363205e-26
1.123000000000000000e+03 7.643806379870000909e-26
1.134500000000000000e+03 1.385899360943091662e-24
1.146000000000000000e+03 1.114801338884545498e-25
1.157500000000000000e+03 2.728441735289500164e-25
1.169000000000000000e+03 6.313761388035909422e-25
1.180500000000000000e+03 7.847978874787416126e-25
1.192500000000000000e+03 1.663615946598616534e-23
1.204500000000000000e+03 2.439509822360666652e-25
1.216500000000000000e+03 1.953676468589166680e-24
1.228500000000000000e+03 4.519090736966192131e-24
1.240500000000000000e+03 1.185772183864952635e-22
1.253000000000000000e+03 1.927332946224769545e-25
1.266000000000000000e+03 1.783024116213322997e-23
1.278500000000000000e+03 2.428443196657299761e-23
1.291000000000000000e+03 4.019389291457616413e-24
1.304000000000000000e+03 1.481369493499846036e-24
1.317000000000000000e+03 1.156360788355049325e-22
1.330000000000000000e+03 3.802906834557307248e-24
1.343500000000000000e+03 1.454986351104036656e-22
1.357000000000000000e+03 7.392099019948862372e-23
1.370500000000000000e+03 6.248584397068785770e-23
1.384500000000000000e+03 6.272965617377643022e-23
1.398500000000000000e+03 6.397701069875760388e-21
1.412500000000000000e+03 1.750045859950750004e-22
1.426500000000000000e+03 2.676840618325039347e-21
1.440500000000000000e+03 2.575789706276485528e-22
1.455000000000000000e+03 8.366871933670333706e-22
1.469500000000000000e+03 1.195459912409896460e-21
1.484000000000000000e+03 1.563042182968233193e-22
1.499000000000000000e+03 1.773539895941666320e-22
1.514000000000000000e+03 3.812291159143620171e-21
1.529000000000000000e+03 3.341416457494266106e-22
1.544500000000000000e+03 2.308253764410905656e-21
1.560000000000000000e+03 4.472022130034865724e-22
1.575500000000000000e+03 4.169302427885749649e-22
1.591500000000000000e+03 4.537517004921374214e-23
1.607500000000000000e+03 3.356053679409749024e-23
1.623500000000000000e+03 1.361620548071262396e-22
1.639500000000000000e+03 4.665188418206368397e-21
1.656000000000000000e+03 4.692035572826530450e-22
1.672500000000000000e+03 1.368803447092125181e-22
1.689000000000000000e+03 4.346995995697665729e-21
1.706000000000000000e+03 1.206388097142823556e-21
1.723000000000000000e+03 2.904201235071670852e-22
1.740500000000000000e+03 3.208972596310888787e-22
1.758000000000000000e+03 1.953329477789054757e-20
1.775500000000000000e+03 9.961974636267555473e-23
1.793500000000000000e+03 4.175281184991250710e-22
1.811500000000000000e+03 1.565939474719344658e-22
1.829500000000000000e+03 9.406067005806833682e-23
1.847500000000000000e+03 4.950523387196837577e-23
1.866000000000000000e+03 3.504498533038552770e-23
1.884500000000000000e+03 5.871477847326332546e-24
1.903000000000000000e+03 1.302692168071881916e-22
1.922000000000000000e+03 5.059112785240279319e-21
1.941500000000000000e+03 4.558534085278950728e-24
1.961000000000000000e+03 3.638890713265416833e-21
1.980500000000000000e+03 2.357138905583679638e-23
2.000500000000000000e+03 2.322742142559613331e-23
2.020500000000000000e+03 3.139918238682955207e-23
2.040500000000000000e+03 2.845627798374854760e-24
2.061000000000000000e+03 9.786399457597633257e-24
2.082000000000000000e+03 3.827648029192281023e-24
2.102500000000000000e+03 3.247783666214915544e-24
2.123500000000000000e+03 1.019728355895272236e-23
2.145000000000000000e+03 3.740994275729980759e-24
2.166500000000000000e+03 1.850098442851664132e-24
2.188000000000000000e+03 8.733343370197145297e-26
2.209500000000000000e+03 4.054040121719090783e-26
2.231500000000000000e+03 2.184757894979044631e-25
2.254000000000000000e+03 8.796495567967870433e-25
2.277000000000000000e+03 2.804336141330304736e-25
2.299500000000000000e+03 1.052924505483118059e-24
2.322500000000000000e+03 1.527510469822499695e-26
2.346000000000000000e+03 4.478020661304347764e-26
2.369000000000000000e+03 2.194027063240608399e-26
2.392500000000000000e+03 4.100599377369666204e-26
2.416500000000000000e+03 9.514175142382081330e-27
2.441000000000000000e+03 7.522823204835400600e-26
2.465500000000000000e+03 1.063689871376500032e-26
2.490000000000000000e+03 1.180521288332799796e-26
2.515000000000000000e+03 6.497121205119680231e-26
2.540000000000000000e+03 3.881001522001652288e-25
2.565500000000000000e+03 7.599566841613886322e-26
2.591500000000000000e+03 2.055563120074359388e-24
2.617500000000000000e+03 2.732302139695303876e-25
2.643500000000000000e+03 3.234073653308097235e-24
2.669500000000000000e+03 8.663219453888149357e-25
2.696000000000000000e+03 2.634582559608370443e-26
2.723000000000000000e+03 5.643289959570640529e-25
2.750500000000000000e+03 1.045484202150946011e-24
2.778000000000000000e+03 1.031037976030244312e-25
2.805500000000000000e+03 1.567687408551825653e-24
2.834000000000000000e+03 3.730387685283771793e-24
2.862500000000000000e+03 1.002443669994413862e-25
2.891000000000000000e+03 1.597749536206027268e-24
2.920000000000000000e+03 1.549663498157441522e-24
2.949000000000000000e+03 1.033295247243637105e-23
2.978500000000000000e+03 1.690280398061097787e-22
3.008500000000000000e+03 2.696689154053232982e-24
3.038500000000000000e+03 1.401261978218246980e-22
3.068500000000000000e+03 1.666228401515819765e-22
3.099000000000000000e+03 4.006195953616304802e-23
3.130000000000000000e+03 6.044646303211450697e-22
3.161500000000000000e+03 4.094661281104076317e-24
3.193500000000000000e+03 8.336392254054937501e-24
3.225500000000000000e+03 3.632284181116446649e-23
3.257500000000000000e+03 8.863596229084935327e-24
3.290000000000000000e+03 4.022922891197515283e-24
3.323000000000000000e+03 1.820944581827670773e-22
3.356000000000000000e+03 7.542049960234946757e-24
3.389500000000000000e+03 2.525666606763941673e-23
3.423500000000000000e+03 1.261527693616370718e-23
3.458000000000000000e+03 4.396707948670320276e-23
3.492500000000000000e+03 1.205272920449460988e-22
3.527000000000000000e+03 1.567748562756786144e-21
3.562500000000000000e+03 1.221645420636634928e-21
3.598500000000000000e+03 2.513542593582071916e-20
3.634500000000000000e+03 6.338369663684332079e-21
3.670500000000000000e+03 5.437907369085679835e-21
3.707000000000000000e+03 8.608388986184233461e-22
3.744500000000000000e+03 1.766160809382118714e-21
3.782000000000000000e+03 2.598148588891580208e-21
3.819500000000000000e+03 2.664004862911241873e-20
3.858000000000000000e+03 1.656077299218975892e-21
3.896500000000000000e+03 9.453724726212414300e-21
3.935000000000000000e+03 6.927085652568392165e-22
3.974500000000000000e+03 5.512568084440866791e-22
4.014500000000000000e+03 1.068533185364370724e-21
4.054500000000000000e+03 6.134949889448189259e-23
4.095000000000000000e+03 1.125701879094888188e-23
4.136000000000000000e+03 7.121596436464193631e-25
4.177500000000000000e+03 7.445124942871861379e-25
4.219500000000000000e+03 5.388005930260523249e-25
4.261500000000000000e+03 6.956264973468599895e-25
4.304000000000000000e+03 5.334926342711396160e-26
4.347000000000000000e+03 3.705615089383285611e-25
4.390500000000000000e+03 1.626114905826726957e-26
4.434500000000000000e+03 7.851720559427041949e-27
4.479000000000000000e+03 3.310786403672466449e-26
4.524000000000000000e+03 4.690547455573621974e-26
4.569000000000000000e+03 1.159113980548383682e-24
4.614500000000000000e+03 3.153639152699499907e-26
4.660500000000000000e+03 3.198544707196086576e-26
4.707000000000000000e+03 2.918880384758021705e-26
4.754500000000000000e+03 4.875770826995395330e-26
4.802000000000000000e+03 1.116963380079812778e-24
4.850000000000000000e+03 3.903751154560645555e-24
4.898500000000000000e+03 8.426521120301626832e-25
4.947500000000000000e+03 4.241325185588845649e-24
4.997000000000000000e+03 4.675123854500055466e-25
5.047000000000000000e+03 3.600824429665444616e-23
5.097500000000000000e+03 1.028601578437502350e-22
5.148000000000000000e+03 1.522763425924517377e-22
5.199500000000000000e+03 8.388802204474051493e-22
5.251500000000000000e+03 3.380001970746076035e-22
5.304000000000000000e+03 4.356761714315334463e-22
5.357500000000000000e+03 1.395508856190964401e-21
5.411000000000000000e+03 6.615345282515631974e-23
5.465000000000000000e+03 5.208769657018068610e-21
5.520000000000000000e+03 1.806889107439078244e-21
5.575000000000000000e+03 1.710743673985111969e-23
5.630500000000000000e+03 5.920254054355241928e-23
5.687000000000000000e+03 6.511704358308698492e-25
5.744000000000000000e+03 5.774690060054216295e-24
5.801500000000000000e+03 1.882760574352729226e-24
5.859500000000000000e+03 3.783180193182705976e-26
5.918000000000000000e+03 7.644235367097778102e-26
5.977000000000000000e+03 2.421250104899271441e-26
6.036500000000000000e+03 1.010067023962516603e-26
6.097000000000000000e+03 1.013173373144541013e-26
6.158000000000000000e+03 7.173948844361312303e-27
6.219500000000000000e+03 1.200215373735790134e-26
6.282000000000000000e+03 5.026199690854714537e-26
6.345000000000000000e+03 5.074897853681521202e-26
6.408500000000000000e+03 6.265877662438575498e-26
6.472500000000000000e+03 3.565720212833126522e-25
6.537000000000000000e+03 2.618843470727152683e-25
6.602500000000000000e+03 6.463410993651637566e-24
6.668500000000000000e+03 4.856719306464217380e-23
6.735000000000000000e+03 5.523650346436210971e-23
6.802500000000000000e+03 1.542417403075015903e-22
6.870500000000000000e+03 1.655891442838490135e-23
6.939000000000000000e+03 5.116791513364998426e-23
7.008500000000000000e+03 1.570011091006547892e-22
7.078500000000000000e+03 7.926739645839669312e-22
7.149500000000000000e+03 6.084756505736511580e-22
7.221000000000000000e+03 1.503285871486341444e-21
7.293000000000000000e+03 3.302947971739996124e-21
7.366000000000000000e+03 1.866050873636519783e-21
7.439500000000000000e+03 9.372213978463932684e-23
7.514000000000000000e+03 6.287266722227713808e-24
7.589500000000000000e+03 1.178854516158947782e-23
7.665500000000000000e+03 7.532010241607205224e-25
7.742000000000000000e+03 3.114388918727391584e-25
7.819500000000000000e+03 2.944702742505678118e-25
7.897500000000000000e+03 2.765119577569267072e-26
7.976500000000000000e+03 3.941789747068541056e-26
8.056500000000000000e+03 6.561156893453223442e-27
8.137000000000000000e+03 7.651552668100379857e-26
8.218000000000000000e+03 9.275233211075142749e-24
8.300000000000000000e+03 2.772319085565104544e-24
8.383500000000000000e+03 2.060705125590334405e-24
8.467500000000000000e+03 7.671736086179781556e-25
8.552000000000000000e+03 5.359124023253490622e-24
8.637500000000000000e+03 1.307034418938806751e-22
8.724000000000000000e+03 1.661140051956544092e-22
8.811000000000000000e+03 3.053891566495476504e-22
8.899000000000000000e+03 1.016169393358182540e-22
8.988000000000000000e+03 1.848992649029662474e-23
9.078000000000000000e+03 3.243775520395750118e-24
9.169000000000000000e+03 1.894618197632537556e-24
9.260500000000000000e+03 5.620334924295627703e-26
9.353000000000000000e+03 1.365349085182173784e-25
9.446500000000000000e+03 1.172287553076553845e-26
9.541000000000000000e+03 2.072540147011589125e-27
9.636500000000000000e+03 2.179280564193047846e-26
9.733000000000000000e+03 1.064674048246794596e-26
9.830000000000000000e+03 3.945162441988165848e-26
9.928000000000000000e+03 2.115139903424652411e-26
9.989000000000000000e+03 2.311375112848596668e-25
