1.000000000000000000e+01 3.444984423219999706e-24
1.100000000000000000e+01 5.749205504319999840e-24
1.200000000000000000e+01 5.300369250280000072e-24
1.300000000000000000e+01 1.138118471129999942e-23
1.400000000000000000e+01 6.625047628210000506e-24
1.500000000000000000e+01 1.400250196370000013e-22
1.600000000000000000e+01 1.483059506320000011e-23
1.700000000000000000e+01 6.746093610530000006e-23
1.800000000000000000e+01 1.783351095539999925e-22
1.900000000000000000e+01 3.264945240359999927e-22
2.000000000000000000e+01 1.053872716340000057e-22
2.100000000000000000e+01 1.784121242470000118e-23
2.200000000000000000e+01 1.328207182229999889e-23
2.300000000000000000e+01 1.542409725330000079e-23
2.400000000000000000e+01 3.520046436780000064e-23
2.500000000000000000e+01 4.546157918269999639e-21
2.600000000000000000e+01 4.680967952319999933e-23
2.700000000000000000e+01 1.719363349989999947e-23
2.800000000000000000e+01 1.374679067749999927e-23
2.900000000000000000e+01 1.333120602229999955e-23
3.000000000000000000e+01 4.316603155019999840e-23
3.100000000000000000e+01 2.458971535909999909e-23
3.200000000000000000e+01 4.974823167999999729e-23
3.300000000000000000e+01 1.160885618429999927e-20
3.400000000000000000e+01 6.101324867800000107e-23
3.500000000000000000e+01 8.627983915039999900e-23
3.600000000000000000e+01 4.314012277650000358e-22
3.700000000000000000e+01 3.499512278249999742e-21
3.800000000000000000e+01 4.728796952250000168e-22
3.900000000000000000e+01 2.937738535039999961e-21
4.000000000000000000e+01 2.967634325220000135e-21
4.100000000000000000e+01 2.827900194599999957e-19
4.200000000000000000e+01 8.690750062049999945e-23
4.300000000000000000e+01 4.575886415569999873e-23
4.400000000000000000e+01 1.944942738310000063e-22
4.500000000000000000e+01 3.945155967500000059e-23
4.600000000000000000e+01 7.690042414860000575e-23
4.700000000000000000e+01 2.137344137119999990e-20
4.800000000000000000e+01 1.471012135779999907e-22
4.900000000000000000e+01 4.577257294770000218e-23
5.000000000000000000e+01 4.562564427369999910e-23
5.100000000000000000e+01 5.803696701730000540e-23
5.200000000000000000e+01 8.975706099590000547e-23
5.300000000000000000e+01 3.283655840839999788e-22
5.400000000000000000e+01 4.086602895359999844e-22
5.500000000000000000e+01 6.467793831930000059e-21
5.600000000000000000e+01 5.628464752879999849e-21
5.700000000000000000e+01 5.200318138239999790e-21
5.800000000000000000e+01 7.772077697330000073e-22
5.900000000000000000e+01 3.719647916420000098e-22
6.000000000000000000e+01 3.395302048789999739e-21
6.100000000000000000e+01 1.143981029239999903e-22
6.200000000000000000e+01 6.444626103119999874e-22
6.300000000000000000e+01 2.380475623560000159e-22
6.400000000000000000e+01 4.419750442820000133e-19
6.500000000000000000e+01 1.853703971620000058e-22
6.600000000000000000e+01 7.102390972640000307e-23
6.700000000000000000e+01 9.766704968339999532e-23
6.800000000000000000e+01 8.820641187679999715e-21
6.900000000000000000e+01 9.147415607419999677e-22
7.000000000000000000e+01 1.757584517800000059e-22
7.100000000000000000e+01 2.315755917800000084e-22
7.200000000000000000e+01 6.310220581489999918e-21
7.300000000000000000e+01 2.209823676720000033e-21
7.400000000000000000e+01 8.230471427020000685e-21
7.500000000000000000e+01 8.128198135850000109e-22
7.600000000000000000e+01 9.019404338520000379e-22
7.700000000000000000e+01 1.777848791040000075e-22
7.800000000000000000e+01 5.235291957750000212e-22
7.900000000000000000e+01 7.177925322499999317e-21
8.000000000000000000e+01 4.148029621459999952e-21
8.100000000000000000e+01 8.550542656249999420e-20
8.200000000000000000e+01 5.126423228269999713e-21
8.300000000000000000e+01 2.551782295609999883e-22
8.400000000000000000e+01 1.316034937319999964e-22
8.500000000000000000e+01 1.691065481949999940e-22
8.600000000000000000e+01 2.961842121010000230e-22
8.700000000000000000e+01 8.123863205749999699e-22
8.800000000000000000e+01 1.364350324570000058e-19
8.900000000000000000e+01 1.657205054050000052e-21
9.000000000000000000e+01 6.029987707529999912e-22
9.100000000000000000e+01 5.754403543300000103e-22
9.200000000000000000e+01 3.819926707790000235e-21
9.300000000000000000e+01 4.540429881160000333e-21
9.400000000000000000e+01 5.430002964899999705e-22
9.500000000000000000e+01 3.083034169349999786e-22
9.600000000000000000e+01 8.620661201599999546e-21
9.700000000000000000e+01 3.239186250559999902e-22
9.800000000000000000e+01 1.102607892599999982e-21
9.900000000000000000e+01 4.288040729750000042e-19
1.000000000000000000e+02 6.320091138829999700e-21
1.010000000000000000e+02 3.087858668480000090e-21
1.020000000000000000e+02 6.723200435550000029e-22
1.030000000000000000e+02 3.174341176459999795e-22
1.040000000000000000e+02 2.611196951700000168e-21
1.050000000000000000e+02 1.797433845729999949e-21
1.060000000000000000e+02 1.632005284100000014e-21
1.070000000000000000e+02 8.394824227000000451e-22
1.080000000000000000e+02 4.428174586939999882e-22
1.090000000000000000e+02 1.427715309449999935e-22
1.100000000000000000e+02 8.908084999599999161e-22
1.110000000000000000e+02 2.094586344500000040e-20
1.120000000000000000e+02 4.514607710240000248e-22
1.130000000000000000e+02 1.276295462339999887e-22
1.140000000000000000e+02 7.726213814710000345e-23
1.150000000000000000e+02 6.549449402400000154e-23
1.160000000000000000e+02 7.246013665359999609e-23
1.170000000000000000e+02 1.754260067639999978e-22
1.180000000000000000e+02 2.492306761909999994e-20
1.190000000000000000e+02 2.285333235780000194e-22
1.200000000000000000e+02 2.648926097840000022e-20
1.210000000000000000e+02 7.504336394109999729e-22
1.220000000000000000e+02 4.658333193939999988e-20
1.230000000000000000e+02 9.101610326079999606e-22
1.240000000000000000e+02 2.662812036139999964e-22
1.250000000000000000e+02 2.815478351209999796e-22
1.260000000000000000e+02 9.020532783829999109e-22
1.270000000000000000e+02 5.145634057299999764e-17
1.280000000000000000e+02 8.171988262239999843e-22
1.290000000000000000e+02 3.139469916610000175e-22
1.300000000000000000e+02 2.375115639530000013e-22
1.310000000000000000e+02 5.550643485879999897e-22
1.320000000000000000e+02 5.550891052800000277e-21
1.330000000000000000e+02 7.496368800639999415e-21
1.340000000000000000e+02 5.636156454149999931e-22
1.350000000000000000e+02 2.194629495229999914e-22
1.360000000000000000e+02 1.793342935829999937e-22
1.370000000000000000e+02 1.502333720229999964e-22
1.380000000000000000e+02 3.256366459769999824e-22
1.390000000000000000e+02 2.668099312960000018e-18
1.400000000000000000e+02 1.050314321000000017e-20
1.410000000000000000e+02 2.240733695379999919e-21
1.420000000000000000e+02 2.208386003290000127e-22
1.430000000000000000e+02 1.173108771179999997e-22
1.440000000000000000e+02 1.046548975049999961e-22
1.450000000000000000e+02 1.578736026630000067e-22
1.460000000000000000e+02 1.855102909360000092e-22
1.470000000000000000e+02 2.917109356119999800e-22
1.480000000000000000e+02 7.438497920849999598e-22
1.490000000000000000e+02 1.569363020530000058e-19
1.500000000000000000e+02 6.043149395000000070e-21
1.510000000000000000e+02 7.384886130340000593e-21
1.520000000000000000e+02 1.135099140450000015e-21
1.530000000000000000e+02 1.737114801320000050e-21
1.540000000000000000e+02 1.166153032460000005e-21
1.550000000000000000e+02 2.463954724320000179e-22
1.560000000000000000e+02 1.878324000730000040e-22
1.570000000000000000e+02 3.047821472270000075e-22
1.580000000000000000e+02 1.355578008719999991e-20
1.590000000000000000e+02 4.118388338100000198e-22
1.600000000000000000e+02 1.152539563049999910e-22
1.610000000000000000e+02 6.935389232930000541e-23
1.620000000000000000e+02 1.921363277050000105e-22
1.630000000000000000e+02 6.281381699720000151e-23
1.640000000000000000e+02 6.515394903660000497e-23
1.650000000000000000e+02 7.999406652379999994e-23
1.660000000000000000e+02 2.976115624280000010e-22
1.670000000000000000e+02 6.266790054230000260e-22
1.680000000000000000e+02 2.446508242910000155e-22
1.690000000000000000e+02 6.008236455480000132e-22
1.700000000000000000e+02 7.875535493380000008e-21
1.710000000000000000e+02 2.543674143410000020e-21
1.720000000000000000e+02 4.887682900270000415e-22
1.730000000000000000e+02 1.034284971159999951e-21
1.740000000000000000e+02 8.218793971820000417e-22
1.750000000000000000e+02 2.314650115400000008e-22
1.760000000000000000e+02 9.362731192069999454e-19
1.770000000000000000e+02 1.254006886349999979e-21
1.780000000000000000e+02 1.661306929560000029e-21
1.790000000000000000e+02 5.296105667839999749e-22
1.800000000000000000e+02 1.159312377330000111e-22
1.810000000000000000e+02 3.831384797069999837e-22
1.820000000000000000e+02 1.782982474700000115e-22
1.830000000000000000e+02 1.190295878950000078e-22
1.840000000000000000e+02 9.174442142079999968e-23
1.850000000000000000e+02 5.451180434540000426e-23
1.860000000000000000e+02 8.924070989210000307e-23
1.870000000000000000e+02 1.677799964160000107e-22
1.880000000000000000e+02 5.363168309319999738e-21
1.890000000000000000e+02 3.117765148620000117e-22
1.900000000000000000e+02 8.175349772669999427e-23
1.910000000000000000e+02 5.029256524590000129e-23
1.920000000000000000e+02 4.600121653510000082e-23
1.930000000000000000e+02 9.591096906829999976e-23
1.940000000000000000e+02 1.778633535660000097e-22
1.950000000000000000e+02 8.514359831760000573e-23
1.960000000000000000e+02 1.854233212399999930e-22
1.970000000000000000e+02 9.152562821729999545e-23
1.980000000000000000e+02 2.223081745169999769e-22
1.990000000000000000e+02 1.301050580229999922e-22
2.000000000000000000e+02 2.542046714950000213e-22
2.010000000000000000e+02 5.584617558489999704e-22
2.020000000000000000e+02 3.523527516030000048e-21
2.030000000000000000e+02 5.217059506149999785e-20
2.040000000000000000e+02 9.429719869010000574e-22
2.050000000000000000e+02 3.398651249329999958e-22
2.060000000000000000e+02 2.416337682660000099e-22
2.070000000000000000e+02 4.564935135170000466e-22
2.080000000000000000e+02 2.886831124789999949e-21
2.090000000000000000e+02 1.933585084599999999e-21
2.100000000000000000e+02 2.836291095890000119e-22
2.110000000000000000e+02 5.268062854719999593e-22
2.120000000000000000e+02 1.095565911829999949e-22
2.130000000000000000e+02 1.281357459989999922e-22
2.140000000000000000e+02 5.506366602639999658e-21
2.150000000000000000e+02 7.749350107259999889e-22
2.160000000000000000e+02 6.268908725400000395e-23
2.170000000000000000e+02 4.787304983569999934e-23
2.180000000000000000e+02 4.743971968590000178e-23
2.190000000000000000e+02 6.278074099319999690e-23
2.200000000000000000e+02 1.181611906209999923e-22
2.210000000000000000e+02 5.841260763319999861e-22
2.220000000000000000e+02 2.369783828529999895e-21
2.230000000000000000e+02 2.819672135360000042e-22
2.240000000000000000e+02 6.525083504779999864e-22
2.250000000000000000e+02 4.836021428900000349e-22
2.260000000000000000e+02 2.707116310339999977e-21
2.270000000000000000e+02 5.558732491430000039e-21
2.280000000000000000e+02 1.692062746540000079e-20
2.290000000000000000e+02 4.256053397289999811e-22
2.300000000000000000e+02 1.379847140299999956e-22
2.310000000000000000e+02 1.045508394809999956e-22
2.320000000000000000e+02 7.516387160520000492e-23
2.330000000000000000e+02 6.375596329490000409e-23
2.340000000000000000e+02 3.349802081529999759e-23
2.350000000000000000e+02 2.452201500699999887e-23
2.360000000000000000e+02 2.073222615490000002e-23
2.370000000000000000e+02 1.913297303659999887e-23
2.380000000000000000e+02 1.873859691999999890e-23
2.390000000000000000e+02 1.902578816399999958e-23
2.400000000000000000e+02 2.060913081250000106e-23
2.410000000000000000e+02 2.462984879750000002e-23
2.420000000000000000e+02 3.153152132529999865e-23
2.430000000000000000e+02 1.170739791909999988e-22
2.440000000000000000e+02 1.636346091460000090e-22
2.450000000000000000e+02 8.681663207160000603e-22
2.460000000000000000e+02 1.426444931090000088e-21
2.470000000000000000e+02 4.051556182050000190e-22
2.480000000000000000e+02 3.422740079190000044e-20
2.490000000000000000e+02 2.841882099310000055e-22
2.500000000000000000e+02 1.482176832339999968e-22
2.510000000000000000e+02 5.089991581929999762e-21
2.520000000000000000e+02 1.557126388030000052e-22
2.530000000000000000e+02 5.758712368069999726e-22
2.540000000000000000e+02 3.362614430159999993e-19
2.550000000000000000e+02 4.432116041999999795e-22
2.560000000000000000e+02 2.568659846189999831e-22
2.570000000000000000e+02 7.577117889769999698e-23
2.580000000000000000e+02 3.771605499650000160e-23
2.590000000000000000e+02 2.832650139219999820e-23
2.600000000000000000e+02 2.043581286240000136e-23
2.610000000000000000e+02 1.708528563929999915e-23
2.620000000000000000e+02 1.558820193419999984e-23
2.630000000000000000e+02 2.809882114050000121e-23
2.640000000000000000e+02 1.877607135860000072e-23
2.650000000000000000e+02 3.311921372389999840e-23
2.660000000000000000e+02 8.454524708110000052e-22
2.670000000000000000e+02 6.013038908249999611e-23
2.680000000000000000e+02 1.908847934209999928e-23
2.690000000000000000e+02 1.318087752619999975e-23
2.700000000000000000e+02 1.216539525670000068e-23
2.710000000000000000e+02 1.242455717810000005e-23
2.720000000000000000e+02 2.638976739720000114e-23
2.730000000000000000e+02 7.158227878900000234e-20
2.740000000000000000e+02 2.533534776990000050e-23
2.750000000000000000e+02 5.597470860509999470e-23
2.760000000000000000e+02 1.714034970169999877e-21
2.770000000000000000e+02 1.920665444039999996e-22
2.780000000000000000e+02 2.458661402509999903e-21
2.790000000000000000e+02 5.155833496570000168e-22
2.800000000000000000e+02 3.302488590420000171e-22
2.810000000000000000e+02 1.973394095760000075e-22
2.820000000000000000e+02 5.103550854439999909e-21
2.830000000000000000e+02 2.067349917619999925e-22
2.840000000000000000e+02 5.187554466140000216e-23
2.850000000000000000e+02 2.836486996620000061e-23
2.860000000000000000e+02 3.115623781210000233e-23
2.870000000000000000e+02 6.220867120610000321e-22
2.880000000000000000e+02 4.766225088810000193e-23
2.890000000000000000e+02 4.245672544339999948e-22
2.900000000000000000e+02 2.687198348699999816e-22
2.910000000000000000e+02 6.883473524900000456e-23
2.920000000000000000e+02 1.937323108439999895e-23
2.930000000000000000e+02 1.242949301179999966e-23
2.940000000000000000e+02 9.901669116039999436e-24
2.950000000000000000e+02 9.749436401599999515e-24
2.960000000000000000e+02 1.034399671380000062e-23
2.970000000000000000e+02 9.865820496070000382e-24
2.980000000000000000e+02 1.811554888340000036e-23
2.990000000000000000e+02 2.003037184490000029e-23
3.000000000000000000e+02 2.936109023469999816e-23
3.010000000000000000e+02 1.055570218180000033e-22
3.020000000000000000e+02 1.242094588190000085e-21
3.030000000000000000e+02 2.871838634290000153e-19
3.040000000000000000e+02 1.574044514620000095e-22
3.050000000000000000e+02 4.582680883610000256e-23
3.060000000000000000e+02 3.455190823180000084e-23
3.070000000000000000e+02 1.247859778799999976e-23
3.080000000000000000e+02 1.056297213119999928e-23
3.090000000000000000e+02 1.124574964169999954e-23
3.100000000000000000e+02 9.569354650619999309e-24
3.110000000000000000e+02 6.200811352349999738e-24
3.120000000000000000e+02 6.938023580290000171e-24
3.130000000000000000e+02 8.362559793459999726e-24
3.140000000000000000e+02 2.359177567639999999e-23
3.150000000000000000e+02 1.501684012390000018e-21
3.160000000000000000e+02 1.899187444359999934e-23
3.170000000000000000e+02 8.109407480940000385e-24
3.180000000000000000e+02 6.535280347360000161e-24
3.190000000000000000e+02 6.877509797540000044e-24
3.200000000000000000e+02 8.761155199560000686e-24
3.210000000000000000e+02 1.462652230449999875e-23
3.220000000000000000e+02 2.937134634129999975e-23
3.230000000000000000e+02 1.613646834680000090e-22
3.240000000000000000e+02 4.315931805819999766e-21
3.250000000000000000e+02 5.340166112649999693e-23
3.260000000000000000e+02 3.525553228589999950e-23
3.270000000000000000e+02 1.094774814169999996e-22
3.280000000000000000e+02 4.006261698900000204e-22
3.290000000000000000e+02 2.995980277990000006e-23
3.300000000000000000e+02 1.263398689139999992e-23
3.310000000000000000e+02 9.216659227100000572e-24
3.320000000000000000e+02 1.149867266760000006e-23
3.330000000000000000e+02 1.346146429700000015e-23
3.340000000000000000e+02 4.430926966140000120e-23
3.350000000000000000e+02 1.613111645930000003e-21
3.360000000000000000e+02 5.955068468359999574e-23
3.370000000000000000e+02 1.445471689109999969e-23
3.380000000000000000e+02 8.161562137500000531e-24
3.390000000000000000e+02 7.795395687390000614e-24
3.400000000000000000e+02 2.777489191319999732e-23
3.410000000000000000e+02 4.138327282910000193e-23
3.420000000000000000e+02 7.583709387429999324e-24
3.430000000000000000e+02 4.370074654980000233e-23
3.440000000000000000e+02 6.082285184079999838e-24
3.450000000000000000e+02 5.329010991960000082e-24
3.460000000000000000e+02 5.794862968639999998e-23
3.470000000000000000e+02 4.982561883719999657e-24
3.480000000000000000e+02 7.249226947830000316e-24
3.490000000000000000e+02 2.395325638469999903e-23
3.500000000000000000e+02 2.521583976380000153e-22
3.510000000000000000e+02 2.932714999130000039e-23
3.520000000000000000e+02 1.198201181559999926e-19
3.530000000000000000e+02 1.921670002130000122e-23
3.540000000000000000e+02 4.904301390910000352e-22
3.550000000000000000e+02 4.081849830339999720e-23
3.560000000000000000e+02 2.036655396520000124e-23
3.570000000000000000e+02 3.011023497249999981e-22
3.580000000000000000e+02 4.629911223789999954e-23
3.590000000000000000e+02 1.279360951490000046e-23
3.600000000000000000e+02 4.879088081889999756e-24
3.610000000000000000e+02 3.596886616519999941e-24
3.620000000000000000e+02 2.559724073020000088e-24
3.630000000000000000e+02 3.243999792290000169e-24
3.640000000000000000e+02 1.861475657440000045e-24
3.650000000000000000e+02 1.768568945860000008e-24
3.660000000000000000e+02 1.846164281319999928e-24
3.670000000000000000e+02 2.212342925849999983e-24
3.680000000000000000e+02 5.727380066230000153e-24
3.690000000000000000e+02 1.074103093219999968e-23
3.700000000000000000e+02 1.389280128559999911e-18
3.710000000000000000e+02 9.827087507329999671e-24
3.720000000000000000e+02 3.862752793169999670e-24
3.735000000000000000e+02 1.187923558477499987e-23
3.760000000000000000e+02 2.854867494973333164e-23
3.795000000000000000e+02 4.329202035852500153e-24
3.835000000000000000e+02 6.431010302234249934e-23
3.875000000000000000e+02 8.929214317752500246e-24
3.915000000000000000e+02 1.582253053977500053e-24
3.955000000000000000e+02 5.487133499110000036e-23
3.995000000000000000e+02 3.908312279309075025e-22
4.035000000000000000e+02 9.555090988767499596e-25
4.075000000000000000e+02 7.114382759619999925e-25
4.115000000000000000e+02 7.893426283499999790e-25
4.155000000000000000e+02 8.095951911937501005e-24
4.195000000000000000e+02 1.608373592505525059e-22
4.235000000000000000e+02 2.477721985400999950e-23
4.280000000000000000e+02 2.969003657683800116e-24
4.325000000000000000e+02 1.472506569444624593e-23
4.365000000000000000e+02 1.082941237843749881e-24
4.410000000000000000e+02 5.795615678605840545e-23
4.455000000000000000e+02 2.156512595786250215e-24
4.495000000000000000e+02 4.916980587740000102e-25
4.540000000000000000e+02 5.049535273680599699e-24
4.590000000000000000e+02 5.859416656133629551e-21
4.635000000000000000e+02 5.001116589789999571e-25
4.680000000000000000e+02 3.574272104001600220e-24
4.725000000000000000e+02 1.841666814929249943e-23
4.770000000000000000e+02 5.032638231992000665e-25
4.820000000000000000e+02 1.779801394909289534e-21
4.870000000000000000e+02 8.958799097407999610e-25
4.920000000000000000e+02 1.174855433692799826e-23
4.970000000000000000e+02 2.657651608009999993e-25
5.020000000000000000e+02 2.314378869688599967e-24
5.070000000000000000e+02 4.527820850370080074e-23
5.120000000000000000e+02 3.559093833613000368e-24
5.170000000000000000e+02 3.663068089090600136e-24
5.220000000000000000e+02 1.422023570364940092e-23
5.270000000000000000e+02 7.558926528749700233e-23
5.325000000000000000e+02 2.333479080213333363e-25
5.380000000000000000e+02 1.268095387991600134e-24
5.430000000000000000e+02 3.072800866821000258e-24
5.485000000000000000e+02 4.405381871308133518e-23
5.540000000000000000e+02 8.359178478858001243e-25
5.595000000000000000e+02 2.312164168303333385e-25
5.655000000000000000e+02 1.996042488706666694e-24
5.710000000000000000e+02 1.157577782026199959e-24
5.765000000000000000e+02 2.195804814149833181e-24
5.825000000000000000e+02 6.508932118204000046e-24
5.885000000000000000e+02 2.796474971669999824e-25
5.945000000000000000e+02 8.174296489877834136e-24
6.005000000000000000e+02 1.939260721619999656e-24
6.065000000000000000e+02 1.220114972810000013e-25
6.125000000000000000e+02 3.628395655375000038e-24
6.185000000000000000e+02 6.839947356772999489e-24
6.245000000000000000e+02 3.780848894289999875e-25
6.305000000000000000e+02 3.472083243506666605e-25
6.370000000000000000e+02 3.152747983336857269e-24
6.435000000000000000e+02 1.688835405205000033e-25
6.500000000000000000e+02 1.171379827000571314e-25
6.565000000000000000e+02 1.580117803282833252e-25
6.630000000000000000e+02 7.608868599274999585e-25
6.695000000000000000e+02 2.285914698509833242e-24
6.760000000000000000e+02 1.361010753917857214e-25
6.830000000000000000e+02 1.123884028706285689e-25
6.900000000000000000e+02 8.541081181412857346e-25
6.970000000000000000e+02 4.183525104746285745e-25
7.040000000000000000e+02 1.310187593397571477e-25
7.110000000000000000e+02 9.672129662202857844e-26
7.180000000000000000e+02 6.853017534770000483e-26
7.250000000000000000e+02 6.685341282641428331e-26
7.320000000000000000e+02 2.961654262028856829e-25
7.395000000000000000e+02 6.962553311420000167e-26
7.470000000000000000e+02 7.473121222227143126e-26
7.545000000000000000e+02 7.964415041309999809e-26
7.620000000000000000e+02 6.343230802917141968e-26
7.695000000000000000e+02 1.975471357874499795e-25
7.775000000000000000e+02 1.004613855963874966e-24
7.855000000000000000e+02 6.249912550685000861e-26
7.930000000000000000e+02 1.594862450422714429e-25
8.005000000000000000e+02 1.475767718806749775e-25
8.085000000000000000e+02 6.093912617577500997e-26
8.170000000000000000e+02 5.250050792724444990e-26
8.255000000000000000e+02 5.573615762173750840e-26
8.335000000000000000e+02 4.914200861813750413e-26
8.415000000000000000e+02 1.205780976156250066e-25
8.500000000000000000e+02 5.064423526622221949e-26
8.585000000000000000e+02 4.998968634776250007e-26
8.670000000000000000e+02 4.824875872671110818e-26
8.760000000000000000e+02 4.574106457384443986e-26
8.850000000000000000e+02 5.286397107871111714e-26
8.935000000000000000e+02 4.381753676081249780e-26
9.020000000000000000e+02 4.306793462149999985e-26
9.115000000000000000e+02 5.908130066480999460e-26
9.210000000000000000e+02 4.375450211114221514e-25
9.300000000000000000e+02 4.274064171094444529e-26
9.390000000000000000e+02 4.737829904307777483e-26
9.485000000000000000e+02 4.171943232777999618e-26
9.580000000000000000e+02 4.061348069288888717e-26
9.675000000000000000e+02 4.013804865533000179e-26
9.775000000000000000e+02 7.227833004292998826e-26
9.870000000000000000e+02 3.932005653662222181e-26
9.965000000000000000e+02 3.907711268423999379e-26
1.006500000000000000e+03 4.342460366554000481e-26
1.016500000000000000e+03 3.945890346834000362e-26
1.027000000000000000e+03 3.908198233106362672e-26
1.037500000000000000e+03 3.914352861350000318e-26
1.047500000000000000e+03 3.891766201638000473e-26
1.058000000000000000e+03 3.907848918168181769e-26
1.069000000000000000e+03 4.336153017558181316e-26
1.079500000000000000e+03 3.927931222762000619e-26
1.090000000000000000e+03 4.037525500283636160e-26
1.101000000000000000e+03 4.139175449497272540e-26
1.112000000000000000e+03 4.396825032603635907e-26
1.123000000000000000e+03 4.466249003743635317e-26
1.134500000000000000e+03 1.324054725765666945e-25
1.146000000000000000e+03 4.525943940123637074e-26
1.157500000000000000e+03 7.786322741182500289e-26
1.169000000000000000e+03 2.055177842392818495e-25
1.180500000000000000e+03 9.024058167850834538e-26
1.192500000000000000e+03 2.652513743935883437e-24
1.204500000000000000e+03 1.297978290147916660e-25
1.216500000000000000e+03 1.611384740849749911e-25
1.228500000000000000e+03 5.580387049049749835e-25
1.240500000000000000e+03 1.383791304404824969e-23
1.253000000000000000e+03 1.062494629242922995e-25
1.266000000000000000e+03 1.996948722784738312e-24
1.278500000000000000e+03 2.816565629804000137e-25
1.291000000000000000e+03 2.061619659996730945e-24
1.304000000000000000e+03 5.699581493840846690e-25
1.317000000000000000e+03 2.610813677434345991e-23
1.330000000000000000e+03 3.322470474658768818e-24
1.343500000000000000e+03 3.335384199350429021e-24
1.357000000000000000e+03 1.645343122431669389e-23
1.370500000000000000e+03 5.063510017372621257e-23
1.384500000000000000e+03 7.974595131844356615e-24
1.398500000000000000e+03 3.202660538765234859e-21
1.412500000000000000e+03 1.095853469710592730e-22
1.426500000000000000e+03 1.907734194303310735e-21
1.440500000000000000e+03 1.354146636566685554e-22
1.455000000000000000e+03 7.178058941200780495e-22
1.469500000000000000e+03 1.448011837342066945e-21
1.484000000000000000e+03 1.063280556741506722e-22
1.499000000000000000e+03 2.157980115875866656e-22
1.514000000000000000e+03 2.667859368725613423e-21
1.529000000000000000e+03 4.053185937155266785e-22
1.544500000000000000e+03 3.550276818368212574e-21
1.560000000000000000e+03 4.598710182287467082e-22
1.575500000000000000e+03 7.668996111673055737e-22
1.591500000000000000e+03 1.245812789920124993e-23
1.607500000000000000e+03 4.433185430258124576e-23
1.623500000000000000e+03 3.011259847831687707e-22
1.639500000000000000e+03 8.407503056752286803e-21
1.656000000000000000e+03 5.751238312577707378e-22
1.672500000000000000e+03 2.117874321530124769e-22
1.689000000000000000e+03 4.391971396403805005e-21
1.706000000000000000e+03 2.119616368346440799e-21
1.723000000000000000e+03 2.295603118109488376e-22
1.740500000000000000e+03 3.353475524390777168e-22
1.758000000000000000e+03 5.530159098549231461e-21
1.775500000000000000e+03 1.059590060420127553e-22
1.793500000000000000e+03 1.673198943908961111e-22
1.811500000000000000e+03 9.304275912655833707e-24
1.829500000000000000e+03 9.746848797350056174e-23
1.847500000000000000e+03 4.834645213132064757e-23
1.866000000000000000e+03 4.253300766409389335e-23
1.884500000000000000e+03 3.338822413118000852e-24
1.903000000000000000e+03 7.626112021829968446e-23
1.922000000000000000e+03 2.496047850127144232e-21
1.941500000000000000e+03 2.548911520749850113e-24
1.961000000000000000e+03 7.898713838504509441e-22
1.980500000000000000e+03 7.683137890235088752e-24
2.000500000000000000e+03 4.383275003746360613e-24
2.020500000000000000e+03 6.516364834132124796e-24
2.040500000000000000e+03 1.267435270737865084e-24
2.061000000000000000e+03 1.123804903143480925e-24
2.082000000000000000e+03 2.538500838249190603e-25
2.102500000000000000e+03 2.702477237232650055e-25
2.123500000000000000e+03 8.034546443471866042e-25
2.145000000000000000e+03 1.693284762213428936e-25
2.166500000000000000e+03 6.427023264327275057e-26
2.188000000000000000e+03 2.377381654182380918e-26
2.209500000000000000e+03 2.039849688388181428e-26
2.231500000000000000e+03 9.958715150059545740e-26
2.254000000000000000e+03 2.839643716508260808e-26
2.277000000000000000e+03 2.162350931284783058e-26
2.299500000000000000e+03 2.807866211657273553e-26
2.322500000000000000e+03 1.484921292355833283e-26
2.346000000000000000e+03 1.497282006140869209e-26
2.369000000000000000e+03 1.353161699764782555e-26
2.392500000000000000e+03 1.309078062854166623e-26
2.416500000000000000e+03 1.251794344989583041e-26
2.441000000000000000e+03 2.726003079397599872e-26
2.465500000000000000e+03 1.176856108696249896e-26
2.490000000000000000e+03 1.204077431236800191e-26
2.515000000000000000e+03 1.402778937781200160e-26
2.540000000000000000e+03 4.992667933104400203e-26
2.565500000000000000e+03 5.498372978385383158e-26
2.591500000000000000e+03 5.434256804696115816e-25
2.617500000000000000e+03 1.616547424300615157e-25
2.643500000000000000e+03 1.973323413400687924e-24
2.669500000000000000e+03 8.408651219551769371e-25
2.696000000000000000e+03 3.811270919284074206e-26
2.723000000000000000e+03 4.636836568277962810e-25
2.750500000000000000e+03 1.241982910633853318e-24
2.778000000000000000e+03 1.893460842093110734e-25
2.805500000000000000e+03 1.475720715177110719e-24
2.834000000000000000e+03 1.103738119465606505e-24
2.862500000000000000e+03 8.654218166176070883e-26
2.891000000000000000e+03 1.159407125524471993e-24
2.920000000000000000e+03 1.014346504884137988e-25
2.949000000000000000e+03 1.007556173258230977e-24
2.978500000000000000e+03 4.071046194886650614e-23
3.008500000000000000e+03 1.801260378141140320e-24
3.038500000000000000e+03 9.496349844139879308e-23
3.068500000000000000e+03 2.085447679858127171e-22
3.099000000000000000e+03 6.268961783875506400e-23
3.130000000000000000e+03 9.718545338099583889e-22
3.161500000000000000e+03 6.153881266380780086e-25
3.193500000000000000e+03 8.875400295453524880e-24
3.225500000000000000e+03 3.849625301386982216e-23
3.257500000000000000e+03 1.161721698625090240e-23
3.290000000000000000e+03 3.875689127636365118e-24
3.323000000000000000e+03 5.486918633140720506e-23
3.356000000000000000e+03 2.433319421830497310e-24
3.389500000000000000e+03 3.230728810652570513e-24
3.423500000000000000e+03 3.460216102711438768e-24
3.458000000000000000e+03 2.640868538690891158e-23
3.492500000000000000e+03 1.732558075541985117e-23
3.527000000000000000e+03 6.126019755096236223e-22
3.562500000000000000e+03 3.123844542870702523e-22
3.598500000000000000e+03 1.412742824545090726e-20
3.634500000000000000e+03 6.675340609141896081e-21
3.670500000000000000e+03 7.815686072743281294e-21
3.707000000000000000e+03 1.031071862962998931e-21
3.744500000000000000e+03 1.398934022204065700e-21
3.782000000000000000e+03 1.064387750055174252e-21
3.819500000000000000e+03 3.602575373639379756e-20
3.858000000000000000e+03 2.257820817370161619e-21
3.896500000000000000e+03 5.867015210210005120e-21
3.935000000000000000e+03 1.855013397674003982e-22
3.974500000000000000e+03 4.789650196105231347e-23
4.014500000000000000e+03 6.435126138178759055e-22
4.054500000000000000e+03 5.422644239909713969e-24
4.095000000000000000e+03 6.861738803907307995e-24
4.136000000000000000e+03 3.784045520002510931e-25
4.177500000000000000e+03 7.976822172049810489e-25
4.219500000000000000e+03 2.530676846927476152e-25
4.261500000000000000e+03 1.250578947039143008e-25
4.304000000000000000e+03 2.040243620052093414e-26
4.347000000000000000e+03 3.063672298762093007e-26
4.390500000000000000e+03 1.056529534950908818e-26
4.434500000000000000e+03 9.401439098075909008e-27
4.479000000000000000e+03 1.165134151520244425e-26
4.524000000000000000e+03 3.158670413160933349e-26
4.569000000000000000e+03 1.098921767769234553e-24
4.614500000000000000e+03 3.423947970384238510e-26
4.660500000000000000e+03 4.619032351899086639e-26
4.707000000000000000e+03 2.305290877245489584e-26
4.754500000000000000e+03 3.392735959263291691e-26
4.802000000000000000e+03 4.077698587670811278e-25
4.850000000000000000e+03 6.249446291502652491e-25
4.898500000000000000e+03 1.844241012228948415e-25
4.947500000000000000e+03 7.295204773190201143e-25
4.997000000000000000e+03 1.388498161143470992e-25
5.047000000000000000e+03 2.360869220646929226e-23
5.097500000000000000e+03 1.133010533497807142e-23
5.148000000000000000e+03 1.452464303867388285e-22
5.199500000000000000e+03 3.363051622833603802e-22
5.251500000000000000e+03 4.939080561315950933e-22
5.304000000000000000e+03 5.035457126498608897e-22
5.357500000000000000e+03 4.192569788634663781e-22
5.411000000000000000e+03 1.060447488922235832e-22
5.465000000000000000e+03 3.988209001830405663e-21
5.520000000000000000e+03 8.080575201682000206e-22
5.575000000000000000e+03 6.168502639313462566e-24
5.630500000000000000e+03 3.505272852535230125e-23
5.687000000000000000e+03 2.420325328808718939e-25
5.744000000000000000e+03 1.902749304372554834e-24
5.801500000000000000e+03 1.133862769970365509e-24
5.859500000000000000e+03 2.066057429929414600e-26
5.918000000000000000e+03 5.978831481351188059e-27
5.977000000000000000e+03 4.382717154269152547e-27
6.036500000000000000e+03 4.170048167099833609e-27
6.097000000000000000e+03 2.624490156614590130e-27
6.158000000000000000e+03 2.481563265577705252e-27
6.219500000000000000e+03 9.503894676486934387e-27
6.282000000000000000e+03 2.276994046526539174e-26
6.345000000000000000e+03 2.891478431932459849e-26
6.408500000000000000e+03 2.672932661523765035e-26
6.472500000000000000e+03 1.560473491028753236e-25
6.537000000000000000e+03 3.437589340596276497e-26
6.602500000000000000e+03 1.400969107326615517e-24
6.668500000000000000e+03 1.091609765728151131e-23
6.735000000000000000e+03 3.912470867421044942e-23
6.802500000000000000e+03 1.375925986488019765e-22
6.870500000000000000e+03 9.014070783812989307e-24
6.939000000000000000e+03 1.706790531148672720e-23
7.008500000000000000e+03 4.953154646392372770e-23
7.078500000000000000e+03 7.374500357187615218e-22
7.149500000000000000e+03 4.089101984192408201e-22
7.221000000000000000e+03 1.554036133319456322e-21
7.293000000000000000e+03 4.965059605517822325e-21
7.366000000000000000e+03 9.485895979738263169e-22
7.439500000000000000e+03 6.939541919929299325e-23
7.514000000000000000e+03 5.086628279492960467e-24
7.589500000000000000e+03 5.851888018828108300e-24
7.665500000000000000e+03 2.071534459552428696e-25
7.742000000000000000e+03 2.118445002928869465e-26
7.819500000000000000e+03 6.092872500370730905e-26
7.897500000000000000e+03 5.534685303585257882e-27
7.976500000000000000e+03 9.094841712967748089e-27
8.056500000000000000e+03 1.571558773467500633e-27
8.137000000000000000e+03 2.558419364187370842e-26
8.218000000000000000e+03 8.700920159044787111e-24
8.300000000000000000e+03 3.677293818309425506e-24
8.383500000000000000e+03 1.474740529069917439e-24
8.467500000000000000e+03 4.020544595285375148e-25
8.552000000000000000e+03 1.297298238573071631e-24
8.637500000000000000e+03 7.943827998447942051e-23
8.724000000000000000e+03 1.229863937663169401e-22
8.811000000000000000e+03 3.103407321578814783e-22
8.899000000000000000e+03 1.029584996935396925e-22
8.988000000000000000e+03 1.752109368297585807e-23
9.078000000000000000e+03 1.798326726580005538e-24
9.169000000000000000e+03 1.777353500981726740e-24
9.260500000000000000e+03 2.230776998907226441e-26
9.353000000000000000e+03 4.750931097737045568e-26
9.446500000000000000e+03 2.786538657246500059e-27
9.541000000000000000e+03 5.551189639990314296e-28
9.636500000000000000e+03 1.843242643387905391e-26
9.733000000000000000e+03 1.254329341278368586e-26
9.830000000000000000e+03 2.206274305189401061e-26
9.928000000000000000e+03 1.617252412115812868e-26
9.989000000000000000e+03 9.424770153783831258e-26
