1.000000000000000000e+01 2.186788176640000078e-24
1.100000000000000000e+01 3.881331895610000307e-24
1.200000000000000000e+01 3.331331731940000010e-24
1.300000000000000000e+01 7.463898326400000533e-24
1.400000000000000000e+01 4.025769965749999644e-24
1.500000000000000000e+01 1.043143126340000034e-22
1.600000000000000000e+01 8.931241603190000686e-24
1.700000000000000000e+01 3.452135892799999737e-23
1.800000000000000000e+01 9.130693887490000586e-23
1.900000000000000000e+01 1.663669486920000018e-22
2.000000000000000000e+01 5.542638920620000123e-23
2.100000000000000000e+01 1.066661556180000069e-23
2.200000000000000000e+01 8.947187966939999945e-24
2.300000000000000000e+01 8.825602028199999729e-24
2.400000000000000000e+01 1.958714767030000115e-23
2.500000000000000000e+01 2.467511770410000163e-21
2.600000000000000000e+01 2.599122841580000075e-23
2.700000000000000000e+01 9.982825224399999549e-24
2.800000000000000000e+01 8.455624372329999853e-24
2.900000000000000000e+01 8.106866988399999465e-24
3.000000000000000000e+01 1.521806613280000045e-22
3.100000000000000000e+01 1.517057971559999858e-23
3.200000000000000000e+01 2.937416823680000109e-23
3.300000000000000000e+01 6.084068342450000225e-21
3.400000000000000000e+01 3.523915286959999773e-23
3.500000000000000000e+01 5.150114955239999849e-23
3.600000000000000000e+01 2.586530011289999981e-22
3.700000000000000000e+01 1.830775969419999977e-21
3.800000000000000000e+01 2.910198628199999958e-22
3.900000000000000000e+01 1.920855981190000178e-21
4.000000000000000000e+01 1.792758283030000107e-21
4.100000000000000000e+01 1.620809014989999934e-19
4.200000000000000000e+01 5.760319218760000245e-23
4.300000000000000000e+01 3.203634422029999750e-23
4.400000000000000000e+01 1.904424236140000009e-22
4.500000000000000000e+01 2.920011822230000009e-23
4.600000000000000000e+01 6.178794429899999437e-23
4.700000000000000000e+01 1.869125268560000129e-20
4.800000000000000000e+01 1.449295993769999984e-22
4.900000000000000000e+01 3.213712574390000214e-23
5.000000000000000000e+01 2.941587352160000156e-23
5.100000000000000000e+01 3.687491812069999997e-23
5.200000000000000000e+01 5.521666528939999527e-23
5.300000000000000000e+01 2.130545846469999864e-22
5.400000000000000000e+01 2.456512997229999908e-22
5.500000000000000000e+01 3.961323427800000077e-21
5.600000000000000000e+01 3.019822971490000116e-21
5.700000000000000000e+01 2.971761554309999832e-21
5.800000000000000000e+01 4.674868025019999961e-22
5.900000000000000000e+01 3.439819311259999905e-22
6.000000000000000000e+01 4.853285602380000351e-21
6.100000000000000000e+01 9.099008114690000268e-23
6.200000000000000000e+01 5.993518558420000136e-22
6.300000000000000000e+01 1.948910291560000117e-22
6.400000000000000000e+01 3.402677742070000196e-19
6.500000000000000000e+01 1.263590160489999941e-22
6.600000000000000000e+01 4.974882071109999716e-23
6.700000000000000000e+01 8.711411085599999796e-23
6.800000000000000000e+01 6.848234443920000409e-21
6.900000000000000000e+01 6.180583535990000067e-22
7.000000000000000000e+01 1.167599469329999953e-22
7.100000000000000000e+01 1.457864898159999924e-22
7.200000000000000000e+01 3.743906584759999954e-21
7.300000000000000000e+01 1.496623587199999982e-21
7.400000000000000000e+01 6.633414523269999778e-21
7.500000000000000000e+01 6.254490699279999909e-22
7.600000000000000000e+01 6.714288474449999942e-22
7.700000000000000000e+01 1.403400080400000059e-22
7.800000000000000000e+01 6.137388101919999556e-22
7.900000000000000000e+01 4.853445929079999742e-21
8.000000000000000000e+01 2.644532853559999830e-21
8.100000000000000000e+01 2.624152194710000228e-19
8.200000000000000000e+01 4.109667448929999994e-21
8.300000000000000000e+01 2.052775226719999992e-22
8.400000000000000000e+01 9.220412293820000269e-23
8.500000000000000000e+01 1.584077642450000039e-22
8.600000000000000000e+01 2.228099968700000159e-22
8.700000000000000000e+01 5.299177976550000057e-22
8.800000000000000000e+01 8.571396515459999789e-20
8.900000000000000000e+01 1.583679672230000082e-21
9.000000000000000000e+01 4.334316359370000360e-22
9.100000000000000000e+01 3.402337109090000187e-22
9.200000000000000000e+01 2.138618100209999871e-21
9.300000000000000000e+01 2.539457595499999926e-21
9.400000000000000000e+01 3.198371908370000134e-22
9.500000000000000000e+01 2.235301629139999903e-22
9.600000000000000000e+01 1.002946373480000075e-20
9.700000000000000000e+01 2.508230900660000020e-22
9.800000000000000000e+01 6.749164107949999551e-22
9.900000000000000000e+01 2.377878905810000235e-19
1.000000000000000000e+02 8.593299506700000564e-21
1.010000000000000000e+02 2.232631691420000108e-21
1.020000000000000000e+02 5.565987665990000408e-22
1.030000000000000000e+02 2.398848788479999821e-22
1.040000000000000000e+02 1.988885264540000067e-21
1.050000000000000000e+02 1.434725712369999975e-21
1.060000000000000000e+02 1.632772116360000001e-21
1.070000000000000000e+02 1.137743703069999973e-21
1.080000000000000000e+02 5.346128511300000022e-22
1.090000000000000000e+02 1.082785115989999961e-22
1.100000000000000000e+02 5.509910247730000216e-22
1.110000000000000000e+02 1.364614731669999951e-20
1.120000000000000000e+02 2.798469047149999820e-22
1.130000000000000000e+02 8.485820768040000229e-23
1.140000000000000000e+02 5.551300694209999905e-23
1.150000000000000000e+02 5.277332914410000119e-23
1.160000000000000000e+02 1.095265952860000087e-22
1.170000000000000000e+02 3.809883191110000064e-22
1.180000000000000000e+02 3.219335424979999857e-20
1.190000000000000000e+02 2.229716732030000105e-22
1.200000000000000000e+02 2.415048088100000047e-20
1.210000000000000000e+02 6.975772788960000020e-22
1.220000000000000000e+02 4.259654510279999905e-20
1.230000000000000000e+02 1.067617878729999988e-21
1.240000000000000000e+02 2.813004335580000139e-22
1.250000000000000000e+02 2.212768049129999974e-22
1.260000000000000000e+02 6.747561917420000470e-22
1.270000000000000000e+02 3.702045049070000001e-17
1.280000000000000000e+02 6.025854936410000199e-22
1.290000000000000000e+02 2.680794740960000174e-22
1.300000000000000000e+02 1.729625523919999920e-22
1.310000000000000000e+02 5.287962098980000126e-22
1.320000000000000000e+02 6.086600694960000073e-21
1.330000000000000000e+02 5.379378443160000158e-21
1.340000000000000000e+02 4.238789853940000009e-22
1.350000000000000000e+02 1.731598777580000024e-22
1.360000000000000000e+02 1.760730094780000007e-22
1.370000000000000000e+02 1.339236074359999917e-22
1.380000000000000000e+02 3.349105526829999948e-22
1.390000000000000000e+02 2.995697774630000183e-18
1.400000000000000000e+02 9.173930075890000095e-21
1.410000000000000000e+02 1.829716358139999969e-21
1.420000000000000000e+02 2.051726414860000086e-22
1.430000000000000000e+02 9.669004637079999985e-23
1.440000000000000000e+02 8.104922380210000176e-23
1.450000000000000000e+02 2.413914550459999925e-22
1.460000000000000000e+02 1.299625081110000025e-22
1.470000000000000000e+02 2.113239050629999898e-22
1.480000000000000000e+02 5.194357693909999576e-22
1.490000000000000000e+02 1.014181016139999987e-19
1.500000000000000000e+02 3.959892674999999819e-21
1.510000000000000000e+02 5.395692614280000341e-21
1.520000000000000000e+02 9.230740598970000391e-22
1.530000000000000000e+02 1.588844218160000048e-21
1.540000000000000000e+02 1.128212494969999939e-21
1.550000000000000000e+02 2.198731982879999918e-22
1.560000000000000000e+02 2.222136399999999995e-22
1.570000000000000000e+02 4.118086692749999889e-22
1.580000000000000000e+02 1.921927686189999973e-20
1.590000000000000000e+02 7.544098560000000070e-22
1.600000000000000000e+02 1.713236764540000073e-22
1.610000000000000000e+02 6.554545573280000266e-23
1.620000000000000000e+02 1.493982843609999983e-22
1.630000000000000000e+02 5.452120195489999633e-23
1.640000000000000000e+02 7.933800188479999710e-23
1.650000000000000000e+02 7.259210375879999466e-23
1.660000000000000000e+02 3.742723432120000110e-22
1.670000000000000000e+02 7.002468893110000114e-22
1.680000000000000000e+02 1.939230979780000005e-22
1.690000000000000000e+02 4.428279193249999690e-22
1.700000000000000000e+02 5.730094588099999959e-21
1.710000000000000000e+02 1.848960700479999970e-21
1.720000000000000000e+02 3.611657237010000141e-22
1.730000000000000000e+02 8.478702141209999574e-22
1.740000000000000000e+02 5.812272361920000350e-22
1.750000000000000000e+02 2.126096339920000038e-22
1.760000000000000000e+02 1.707330271400000065e-18
1.770000000000000000e+02 9.698741481509999617e-22
1.780000000000000000e+02 1.236802950679999959e-21
1.790000000000000000e+02 4.995056476570000232e-21
1.800000000000000000e+02 1.156892324709999930e-22
1.810000000000000000e+02 5.556254333579999592e-22
1.820000000000000000e+02 2.417034629380000027e-22
1.830000000000000000e+02 1.143295991259999957e-22
1.840000000000000000e+02 8.302053207010000265e-23
1.850000000000000000e+02 4.896908960740000221e-23
1.860000000000000000e+02 7.950262708360000286e-23
1.870000000000000000e+02 1.447215326810000083e-22
1.880000000000000000e+02 4.531436884669999944e-21
1.890000000000000000e+02 2.654671336490000126e-22
1.900000000000000000e+02 7.200007578079999844e-23
1.910000000000000000e+02 4.751263085490000015e-23
1.920000000000000000e+02 5.193672479239999898e-23
1.930000000000000000e+02 1.633432802719999968e-22
1.940000000000000000e+02 3.583814074289999774e-22
1.950000000000000000e+02 1.401651318240000096e-22
1.960000000000000000e+02 3.675497753609999839e-22
1.970000000000000000e+02 1.178823078740000077e-22
1.980000000000000000e+02 5.881591887070000109e-22
1.990000000000000000e+02 1.193384792070000017e-22
2.000000000000000000e+02 2.293447210840000124e-22
2.010000000000000000e+02 4.890825500310000192e-22
2.020000000000000000e+02 3.156818505160000070e-21
2.030000000000000000e+02 4.360744298020000235e-20
2.040000000000000000e+02 8.056102800119999947e-22
2.050000000000000000e+02 2.917044473880000071e-22
2.060000000000000000e+02 2.070117353450000008e-22
2.070000000000000000e+02 3.864376718519999836e-22
2.080000000000000000e+02 2.429312528660000150e-21
2.090000000000000000e+02 1.628417234450000028e-21
2.100000000000000000e+02 2.434542184469999781e-22
2.110000000000000000e+02 5.135764319520000454e-22
2.120000000000000000e+02 1.598654616610000043e-22
2.130000000000000000e+02 1.877203900850000097e-22
2.140000000000000000e+02 7.593982381580000269e-21
2.150000000000000000e+02 6.314216704400000117e-22
2.160000000000000000e+02 6.097050441219999437e-23
2.170000000000000000e+02 6.281000325240000275e-23
2.180000000000000000e+02 4.301014294510000275e-23
2.190000000000000000e+02 5.413952507010000327e-23
2.200000000000000000e+02 9.747219628620000051e-23
2.210000000000000000e+02 4.524705818160000146e-22
2.220000000000000000e+02 2.057225726320000034e-21
2.230000000000000000e+02 7.853970844969999762e-22
2.240000000000000000e+02 9.759365509400000714e-22
2.250000000000000000e+02 4.737561592660000331e-22
2.260000000000000000e+02 2.596891072950000182e-21
2.270000000000000000e+02 7.790522967429999746e-21
2.280000000000000000e+02 1.657042688389999860e-20
2.290000000000000000e+02 4.197630196669999927e-22
2.300000000000000000e+02 1.418741608530000062e-22
2.310000000000000000e+02 1.991844577809999931e-22
2.320000000000000000e+02 1.691698078889999991e-22
2.330000000000000000e+02 1.040195797079999970e-22
2.340000000000000000e+02 4.218745017660000183e-23
2.350000000000000000e+02 2.629799126979999994e-23
2.360000000000000000e+02 2.145403073010000143e-23
2.370000000000000000e+02 1.937010781980000006e-23
2.380000000000000000e+02 1.903365168399999918e-23
2.390000000000000000e+02 1.926092525310000076e-23
2.400000000000000000e+02 2.094941204679999980e-23
2.410000000000000000e+02 4.176050129900000196e-23
2.420000000000000000e+02 3.363181855540000182e-23
2.430000000000000000e+02 9.712146048569999484e-23
2.440000000000000000e+02 2.779935441600000060e-22
2.450000000000000000e+02 8.515616853769999528e-22
2.460000000000000000e+02 1.061444650410000013e-21
2.470000000000000000e+02 4.596286826470000366e-22
2.480000000000000000e+02 3.925304855489999752e-20
2.490000000000000000e+02 3.668774251930000151e-22
2.500000000000000000e+02 2.567389089360000033e-22
2.510000000000000000e+02 6.165681998970000125e-21
2.520000000000000000e+02 1.790648516059999968e-22
2.530000000000000000e+02 6.674838495200000144e-22
2.540000000000000000e+02 3.888724698550000084e-19
2.550000000000000000e+02 5.130615993050000101e-22
2.560000000000000000e+02 3.149429566359999902e-22
2.570000000000000000e+02 1.338120009999999983e-22
2.580000000000000000e+02 4.381530387379999989e-23
2.590000000000000000e+02 3.330792651789999994e-23
2.600000000000000000e+02 2.338136393590000083e-23
2.610000000000000000e+02 1.972626852189999930e-23
2.620000000000000000e+02 1.800901324960000134e-23
2.630000000000000000e+02 3.033901874599999899e-23
2.640000000000000000e+02 2.281972995729999995e-23
2.650000000000000000e+02 4.965085596290000229e-23
2.660000000000000000e+02 1.208347755669999951e-21
2.670000000000000000e+02 9.448059682790000446e-23
2.680000000000000000e+02 2.910217596030000211e-23
2.690000000000000000e+02 1.681554670240000111e-23
2.700000000000000000e+02 1.518294656400000028e-23
2.710000000000000000e+02 1.611387209529999974e-23
2.720000000000000000e+02 5.084162165960000134e-23
2.730000000000000000e+02 2.197679354000000121e-19
2.740000000000000000e+02 3.098058115969999806e-23
2.750000000000000000e+02 6.578935650160000096e-23
2.760000000000000000e+02 1.558151622870000048e-21
2.770000000000000000e+02 2.496668012810000024e-22
2.780000000000000000e+02 3.438655228930000026e-21
2.790000000000000000e+02 7.259049576819999766e-22
2.800000000000000000e+02 5.621214544120000256e-22
2.810000000000000000e+02 2.983222060720000222e-22
2.820000000000000000e+02 4.899476984660000142e-21
2.830000000000000000e+02 2.845792581140000164e-22
2.840000000000000000e+02 7.003693770689999905e-23
2.850000000000000000e+02 3.937439499239999752e-23
2.860000000000000000e+02 4.143206693999999969e-23
2.870000000000000000e+02 1.198458947549999915e-21
2.880000000000000000e+02 6.165928559730000309e-23
2.890000000000000000e+02 5.279291205359999610e-22
2.900000000000000000e+02 3.397896513849999990e-22
2.910000000000000000e+02 1.247965146770000110e-22
2.920000000000000000e+02 2.648160498590000222e-23
2.930000000000000000e+02 1.677018340810000146e-23
2.940000000000000000e+02 1.356557037089999976e-23
2.950000000000000000e+02 1.348828886779999930e-23
2.960000000000000000e+02 1.464928457140000130e-23
2.970000000000000000e+02 1.593011964039999973e-23
2.980000000000000000e+02 4.328010358349999808e-23
2.990000000000000000e+02 3.992212496529999905e-23
3.000000000000000000e+02 5.019853692230000111e-23
3.010000000000000000e+02 7.149983895459999998e-22
3.020000000000000000e+02 2.149878460149999904e-21
3.030000000000000000e+02 4.933540127280000452e-19
3.040000000000000000e+02 2.723811750600000094e-22
3.050000000000000000e+02 9.657511327359999481e-23
3.060000000000000000e+02 5.727688697530000046e-23
3.070000000000000000e+02 2.024841366170000133e-23
3.080000000000000000e+02 2.544234646680000026e-23
3.090000000000000000e+02 1.645584996699999969e-23
3.100000000000000000e+02 1.292058157839999988e-23
3.110000000000000000e+02 9.302715754119999704e-24
3.120000000000000000e+02 1.260263398560000056e-23
3.130000000000000000e+02 1.153548593449999936e-23
3.140000000000000000e+02 2.891445654030000139e-23
3.150000000000000000e+02 2.669334139530000091e-21
3.160000000000000000e+02 2.871428777939999963e-23
3.170000000000000000e+02 1.158575685859999980e-23
3.180000000000000000e+02 8.982751665099999581e-24
3.190000000000000000e+02 9.289007099240000215e-24
3.200000000000000000e+02 1.184145591649999954e-23
3.210000000000000000e+02 2.149615715479999942e-23
3.220000000000000000e+02 3.635836097840000004e-23
3.230000000000000000e+02 1.808222854109999997e-22
3.240000000000000000e+02 9.017462358640000402e-21
3.250000000000000000e+02 7.895382932210000485e-23
3.260000000000000000e+02 5.780690040300000137e-23
3.270000000000000000e+02 2.293861591080000163e-22
3.280000000000000000e+02 8.843444872639999768e-22
3.290000000000000000e+02 6.140952954349999500e-23
3.300000000000000000e+02 2.249886318230000056e-23
3.310000000000000000e+02 1.563736092739999890e-23
3.320000000000000000e+02 1.455546318540000130e-23
3.330000000000000000e+02 1.621429582359999906e-23
3.340000000000000000e+02 4.662810312299999805e-23
3.350000000000000000e+02 1.925026005329999864e-21
3.360000000000000000e+02 6.659753887550000425e-23
3.370000000000000000e+02 1.694667935200000095e-23
3.380000000000000000e+02 1.035409608609999985e-23
3.390000000000000000e+02 1.115843368770000037e-23
3.400000000000000000e+02 4.300502386199999974e-23
3.410000000000000000e+02 6.437562463559999804e-23
3.420000000000000000e+02 1.297723438820000065e-23
3.430000000000000000e+02 1.226123268800000059e-22
3.440000000000000000e+02 1.296238617349999998e-23
3.450000000000000000e+02 9.009666186719999959e-24
3.460000000000000000e+02 4.560810761769999991e-23
3.470000000000000000e+02 9.209370595960000154e-24
3.480000000000000000e+02 1.673011163620000131e-23
3.490000000000000000e+02 6.206881520989999432e-23
3.500000000000000000e+02 6.227818858029999680e-22
3.510000000000000000e+02 7.574115180830000469e-23
3.520000000000000000e+02 3.350293735509999869e-19
3.530000000000000000e+02 4.728441846169999981e-23
3.540000000000000000e+02 1.195720738070000033e-21
3.550000000000000000e+02 1.080327931140000052e-22
3.560000000000000000e+02 3.187630868109999935e-23
3.570000000000000000e+02 3.111004706190000178e-22
3.580000000000000000e+02 6.296696564169999750e-23
3.590000000000000000e+02 2.650318333150000217e-23
3.600000000000000000e+02 7.580461849670000566e-24
3.610000000000000000e+02 5.457631287099999705e-24
3.620000000000000000e+02 4.132530507180000196e-24
3.630000000000000000e+02 5.606800719609999745e-24
3.640000000000000000e+02 2.741548954999999891e-24
3.650000000000000000e+02 2.548976513849999903e-24
3.660000000000000000e+02 2.616126525539999867e-24
3.670000000000000000e+02 3.073570549149999992e-24
3.680000000000000000e+02 7.222244229299999920e-24
3.690000000000000000e+02 1.552284087510000085e-23
3.700000000000000000e+02 1.658846133680000054e-18
3.710000000000000000e+02 1.251508299359999953e-23
3.720000000000000000e+02 6.583664930010000093e-24
3.735000000000000000e+02 3.662779831903000138e-23
3.760000000000000000e+02 9.921040643833333619e-23
3.795000000000000000e+02 5.974906715842500019e-24
3.835000000000000000e+02 8.578541756741999777e-23
3.875000000000000000e+02 8.537993522627500375e-24
3.915000000000000000e+02 3.218739818830000206e-24
3.955000000000000000e+02 2.050352760564249983e-22
3.995000000000000000e+02 1.790794192019777400e-21
4.035000000000000000e+02 1.804010849462500197e-24
4.075000000000000000e+02 1.065882936601750122e-24
4.115000000000000000e+02 1.123012863292999943e-24
4.155000000000000000e+02 2.106596515272500022e-23
4.195000000000000000e+02 2.519695110037999962e-22
4.235000000000000000e+02 1.489399871092125095e-22
4.280000000000000000e+02 3.359404989734000000e-24
4.325000000000000000e+02 1.432749507636174923e-23
4.365000000000000000e+02 2.656715669057500041e-24
4.410000000000000000e+02 6.276631826151779873e-23
4.455000000000000000e+02 1.380630397498750091e-23
4.495000000000000000e+02 8.089674532160000884e-25
4.540000000000000000e+02 1.687818959678400146e-23
4.590000000000000000e+02 1.270267530066367021e-20
4.635000000000000000e+02 8.252923076187499834e-25
4.680000000000000000e+02 1.263100398025800021e-23
4.725000000000000000e+02 3.952257200640750001e-23
4.770000000000000000e+02 7.154167304265999543e-25
4.820000000000000000e+02 2.017139036513707005e-21
4.870000000000000000e+02 1.488926635719799735e-24
4.920000000000000000e+02 2.827604237336900668e-23
4.970000000000000000e+02 3.584433903514000373e-25
5.020000000000000000e+02 6.377133977849400322e-24
5.070000000000000000e+02 6.053109423623860392e-23
5.120000000000000000e+02 5.831517166788999994e-24
5.170000000000000000e+02 8.666297119613999177e-24
5.220000000000000000e+02 1.281078343971519900e-23
5.270000000000000000e+02 1.760591184263942317e-22
5.325000000000000000e+02 2.914022382380000551e-25
5.380000000000000000e+02 3.396584658479999059e-24
5.430000000000000000e+02 3.852858826091599066e-24
5.485000000000000000e+02 1.783912240419006733e-22
5.540000000000000000e+02 2.387153807758799982e-24
5.595000000000000000e+02 3.257670913553333449e-25
5.655000000000000000e+02 2.731328437086166731e-24
5.710000000000000000e+02 2.219927970804799787e-24
5.765000000000000000e+02 6.550220647771499894e-24
5.825000000000000000e+02 4.538200089939882992e-23
5.885000000000000000e+02 5.009636584138333425e-25
5.945000000000000000e+02 2.176566337033166279e-23
6.005000000000000000e+02 1.169725936681483351e-23
6.065000000000000000e+02 1.761669688175000080e-25
6.125000000000000000e+02 4.202114927308500275e-24
6.185000000000000000e+02 1.181375349557316763e-23
6.245000000000000000e+02 8.361167804359999791e-25
6.305000000000000000e+02 1.135328452934666754e-24
6.370000000000000000e+02 1.090147994264785767e-23
6.435000000000000000e+02 2.923580387966666890e-25
6.500000000000000000e+02 1.585620810964428749e-25
6.565000000000000000e+02 2.920785449295166914e-25
6.630000000000000000e+02 1.617311008558000100e-24
6.695000000000000000e+02 3.245406863382333232e-24
6.760000000000000000e+02 2.088033205725285535e-25
6.830000000000000000e+02 1.632690764327285993e-25
6.900000000000000000e+02 4.075289013218257240e-24
6.970000000000000000e+02 1.649098484959356960e-24
7.040000000000000000e+02 2.405412401592571098e-25
7.110000000000000000e+02 1.436316241839285748e-25
7.180000000000000000e+02 6.403867770155714398e-26
7.250000000000000000e+02 6.195042003327144214e-26
7.320000000000000000e+02 4.868616191704714167e-25
7.395000000000000000e+02 1.186036417776750028e-25
7.470000000000000000e+02 1.127324677363286023e-25
7.545000000000000000e+02 2.063760246530500074e-25
7.620000000000000000e+02 7.634245738429999945e-26
7.695000000000000000e+02 2.368650530892874606e-25
7.775000000000000000e+02 4.924102988321237046e-24
7.855000000000000000e+02 7.082441951379999279e-26
7.930000000000000000e+02 3.576455008937571076e-25
8.005000000000000000e+02 1.231419535479699997e-24
8.085000000000000000e+02 2.133139458522374565e-25
8.170000000000000000e+02 5.283900197454444557e-26
8.255000000000000000e+02 5.443648670762498904e-26
8.335000000000000000e+02 4.472352313534999745e-26
8.415000000000000000e+02 4.839488519246125890e-25
8.500000000000000000e+02 6.527524750704444595e-26
8.585000000000000000e+02 1.270120846095999975e-25
8.670000000000000000e+02 5.564973303845556362e-26
8.760000000000000000e+02 4.166319644547777967e-26
8.850000000000000000e+02 5.622084158664445292e-26
8.935000000000000000e+02 3.899443263178750085e-26
9.020000000000000000e+02 3.715491147208888531e-26
9.115000000000000000e+02 1.439075084272200236e-25
9.210000000000000000e+02 9.020023221543666985e-25
9.300000000000000000e+02 7.845778382357777658e-26
9.390000000000000000e+02 1.009335595154666496e-25
9.485000000000000000e+02 3.973848904114000281e-26
9.580000000000000000e+02 3.582621251448889087e-26
9.675000000000000000e+02 3.690027174230999336e-26
9.775000000000000000e+02 1.395298787553699889e-25
9.870000000000000000e+02 3.416682076250000398e-26
9.965000000000000000e+02 3.410698292683000079e-26
1.006500000000000000e+03 6.676911969064999924e-26
1.016500000000000000e+03 3.955063865877999490e-26
1.027000000000000000e+03 3.509364133388182384e-26
1.037500000000000000e+03 3.551597646500999841e-26
1.047500000000000000e+03 3.444089855879000148e-26
1.058000000000000000e+03 3.600830687787272601e-26
1.069000000000000000e+03 5.378741910216362837e-26
1.079500000000000000e+03 3.481629346056000388e-26
1.090000000000000000e+03 4.098725631659091419e-26
1.101000000000000000e+03 4.097669671896363364e-26
1.112000000000000000e+03 5.162920563413636922e-26
1.123000000000000000e+03 5.191898974303637324e-26
1.134500000000000000e+03 5.094849297079083189e-25
1.146000000000000000e+03 5.232864204125455537e-26
1.157500000000000000e+03 1.486528744862166226e-25
1.169000000000000000e+03 3.906057121414545527e-25
1.180500000000000000e+03 2.788053907064083142e-25
1.192500000000000000e+03 8.294840297737300385e-24
1.204500000000000000e+03 1.871758226004916685e-25
1.216500000000000000e+03 4.787439912871583221e-25
1.228500000000000000e+03 1.786471342634191781e-24
1.240500000000000000e+03 5.037883479735932391e-23
1.253000000000000000e+03 1.365145310111692158e-25
1.266000000000000000e+03 6.933478721123460333e-24
1.278500000000000000e+03 2.380372423495025019e-24
1.291000000000000000e+03 2.635725590647154045e-24
1.304000000000000000e+03 9.588680291094614806e-25
1.317000000000000000e+03 6.231542519415622046e-23
1.330000000000000000e+03 3.315282346449462268e-24
1.343500000000000000e+03 2.412731796933007649e-23
1.357000000000000000e+03 3.957753631429830401e-23
1.370500000000000000e+03 5.867736249426000507e-23
1.384500000000000000e+03 2.558378102290364354e-23
1.398500000000000000e+03 5.055180170167764067e-21
1.412500000000000000e+03 1.462899748067307119e-22
1.426500000000000000e+03 2.402607454322021538e-21
1.440500000000000000e+03 2.004936562582742835e-22
1.455000000000000000e+03 7.966449093218654454e-22
1.469500000000000000e+03 1.345402652529922342e-21
1.484000000000000000e+03 1.313692336664593304e-22
1.499000000000000000e+03 1.926003293328333465e-22
1.514000000000000000e+03 3.260214243249326532e-21
1.529000000000000000e+03 3.717088674848533019e-22
1.544500000000000000e+03 2.767659833484956331e-21
1.560000000000000000e+03 4.380079077608400737e-22
1.575500000000000000e+03 5.465596774948100673e-22
1.591500000000000000e+03 2.013035994355812503e-23
1.607500000000000000e+03 3.822382854113187304e-23
1.623500000000000000e+03 1.948682962340937370e-22
1.639500000000000000e+03 6.137075390265068946e-21
1.656000000000000000e+03 4.999434231612176108e-22
1.672500000000000000e+03 1.671015117091249993e-22
1.689000000000000000e+03 4.514923280966076141e-21
1.706000000000000000e+03 1.543930118763476873e-21
1.723000000000000000e+03 2.683343244836500035e-22
1.740500000000000000e+03 3.286237298767278207e-22
1.758000000000000000e+03 1.204378210823524692e-20
1.775500000000000000e+03 9.839609954504665480e-23
1.793500000000000000e+03 2.851252916771933342e-22
1.811500000000000000e+03 3.470943175155650368e-23
1.829500000000000000e+03 9.532033297088111529e-23
1.847500000000000000e+03 4.836858237449406963e-23
1.866000000000000000e+03 3.855266410455400077e-23
1.884500000000000000e+03 4.350593876491166046e-24
1.903000000000000000e+03 1.093362145770763876e-22
1.922000000000000000e+03 3.762093419506652927e-21
1.941500000000000000e+03 3.665766514753049585e-24
1.961000000000000000e+03 2.017613845753432516e-21
1.980500000000000000e+03 1.558852902236233433e-23
2.000500000000000000e+03 1.002455677953222114e-23
2.020500000000000000e+03 1.516018027122422170e-23
2.040500000000000000e+03 1.999187986396329711e-24
2.061000000000000000e+03 4.172787822700395072e-24
2.082000000000000000e+03 1.182448833435280814e-24
2.102500000000000000e+03 1.183703221942955233e-24
2.123500000000000000e+03 3.760583580939445258e-24
2.145000000000000000e+03 1.060259860808661770e-24
2.166500000000000000e+03 4.209828833250499720e-25
2.188000000000000000e+03 3.744420949046666759e-26
2.209500000000000000e+03 2.323776674406362980e-26
2.231500000000000000e+03 1.543365313162136375e-25
2.254000000000000000e+03 1.632864650282303704e-25
2.277000000000000000e+03 7.053253611491739372e-26
2.299500000000000000e+03 1.826309302655045884e-25
2.322500000000000000e+03 1.307652189795833023e-26
2.346000000000000000e+03 1.925993107773043571e-26
2.369000000000000000e+03 1.198452336334347452e-26
2.392500000000000000e+03 1.284194610657916680e-26
2.416500000000000000e+03 1.050721730960416758e-26
2.441000000000000000e+03 4.788307117241839993e-26
2.465500000000000000e+03 1.022866263859458258e-26
2.490000000000000000e+03 1.096578946133520154e-26
2.515000000000000000e+03 2.452805811819800179e-26
2.540000000000000000e+03 1.528121096480667798e-25
2.565500000000000000e+03 6.521251096483691937e-26
2.591500000000000000e+03 1.246351136697537683e-24
2.617500000000000000e+03 2.210870346559496408e-25
2.643500000000000000e+03 2.695966349478529524e-24
2.669500000000000000e+03 8.323371422535338964e-25
2.696000000000000000e+03 3.001615681078332782e-26
2.723000000000000000e+03 5.251155210168884058e-25
2.750500000000000000e+03 1.147815226756874455e-24
2.778000000000000000e+03 1.345939912179092483e-25
2.805500000000000000e+03 1.534929714002665584e-24
2.834000000000000000e+03 2.225267032172203786e-24
2.862500000000000000e+03 8.164953184481464434e-26
2.891000000000000000e+03 1.452707656585623527e-24
2.920000000000000000e+03 4.933372308721223887e-25
2.949000000000000000e+03 3.935550956557617356e-24
2.978500000000000000e+03 9.759375581864671904e-23
3.008500000000000000e+03 2.333994973818363042e-24
3.038500000000000000e+03 1.172287829913900173e-22
3.068500000000000000e+03 1.806796406390717801e-22
3.099000000000000000e+03 4.882734052717782631e-23
3.130000000000000000e+03 7.584308328058169967e-22
3.161500000000000000e+03 1.499207805647081319e-24
3.193500000000000000e+03 7.554602212094516078e-24
3.225500000000000000e+03 3.502714668294510258e-23
3.257500000000000000e+03 9.886598943473658462e-24
3.290000000000000000e+03 3.580719395367819418e-24
3.323000000000000000e+03 1.109418684724357363e-22
3.356000000000000000e+03 4.502322978012996256e-24
3.389500000000000000e+03 9.576997419397999930e-24
3.423500000000000000e+03 5.731718292505979175e-24
3.458000000000000000e+03 3.517709492438830712e-23
3.492500000000000000e+03 4.466018733953111662e-23
3.527000000000000000e+03 1.044566019917972049e-21
3.562500000000000000e+03 7.108922208260256262e-22
3.598500000000000000e+03 2.002486034505292921e-20
3.634500000000000000e+03 6.665006671434328669e-21
3.670500000000000000e+03 6.474465153360459078e-21
3.707000000000000000e+03 9.226644375908969157e-22
3.744500000000000000e+03 1.618846857349213184e-21
3.782000000000000000e+03 1.756477200135206425e-21
3.819500000000000000e+03 3.001218065299778389e-20
3.858000000000000000e+03 1.951679382584101288e-21
3.896500000000000000e+03 7.890980359243547427e-21
3.935000000000000000e+03 3.996946521496031128e-22
3.974500000000000000e+03 1.948969445793054446e-22
4.014500000000000000e+03 8.964717354377911708e-22
4.054500000000000000e+03 2.086811646960289997e-23
4.095000000000000000e+03 8.779436146209608656e-24
4.136000000000000000e+03 5.290865185260976566e-25
4.177500000000000000e+03 7.625987536039904963e-25
4.219500000000000000e+03 3.847038859693380827e-25
4.261500000000000000e+03 2.980118551243786151e-25
4.304000000000000000e+03 3.099181103486279238e-26
4.347000000000000000e+03 9.368916208708584817e-26
4.390500000000000000e+03 1.053033912331499795e-26
4.434500000000000000e+03 8.105932215661365667e-27
4.479000000000000000e+03 1.745052449764555585e-26
4.524000000000000000e+03 3.774491032929422115e-26
4.569000000000000000e+03 1.165491618569508652e-24
4.614500000000000000e+03 2.956926262736891314e-26
4.660500000000000000e+03 3.623968589333284431e-26
4.707000000000000000e+03 2.150449999915766217e-26
4.754500000000000000e+03 3.084636070743063208e-26
4.802000000000000000e+03 7.546914468765526621e-25
4.850000000000000000e+03 1.853553225440085075e-24
4.898500000000000000e+03 4.204648099726043112e-25
4.947500000000000000e+03 2.146173364204581717e-24
4.997000000000000000e+03 2.500551335317514758e-25
5.047000000000000000e+03 3.100276239085787843e-23
5.097500000000000000e+03 4.254413424224449639e-23
5.148000000000000000e+03 1.525818172871967854e-22
5.199500000000000000e+03 5.952294573940396139e-22
5.251500000000000000e+03 3.974029185186625123e-22
5.304000000000000000e+03 4.791664253555457896e-22
5.357500000000000000e+03 8.119759909924953516e-22
5.411000000000000000e+03 8.238472559277394174e-23
5.465000000000000000e+03 4.864523536604824714e-21
5.520000000000000000e+03 1.360175483755531851e-21
5.575000000000000000e+03 1.117003873824137624e-23
5.630500000000000000e+03 4.825037463152311021e-23
5.687000000000000000e+03 4.056330549022840202e-25
5.744000000000000000e+03 3.820016510487501619e-24
5.801500000000000000e+03 1.564635035102542354e-24
5.859500000000000000e+03 2.912612216337086358e-26
5.918000000000000000e+03 2.073002996828186649e-26
5.977000000000000000e+03 1.010383247969796604e-26
6.036500000000000000e+03 6.001939406688999382e-27
6.097000000000000000e+03 3.319811306279015910e-27
6.158000000000000000e+03 3.210461359449836574e-27
6.219500000000000000e+03 1.007801630582742338e-26
6.282000000000000000e+03 3.692009526923808078e-26
6.345000000000000000e+03 3.850776094760841323e-26
6.408500000000000000e+03 3.993505443270091965e-26
6.472500000000000000e+03 1.994218759113168219e-25
6.537000000000000000e+03 9.639567410419523401e-26
6.602500000000000000e+03 3.585929345472996060e-24
6.668500000000000000e+03 2.767486857684030872e-23
6.735000000000000000e+03 4.699824221076069817e-23
6.802500000000000000e+03 1.497505524156718846e-22
6.870500000000000000e+03 1.147000592566376439e-23
6.939000000000000000e+03 3.076565062982436469e-23
7.008500000000000000e+03 8.977718550225814737e-23
7.078500000000000000e+03 7.874639282453748188e-22
7.149500000000000000e+03 5.200793606115634472e-22
7.221000000000000000e+03 1.558229460573138706e-21
7.293000000000000000e+03 3.921894983747696629e-21
7.366000000000000000e+03 1.469423228210189881e-21
7.439500000000000000e+03 6.948982104419159640e-23
7.514000000000000000e+03 5.705658431482439619e-24
7.589500000000000000e+03 9.062601829992998802e-24
7.665500000000000000e+03 4.357468528150217727e-25
7.742000000000000000e+03 1.025464003550814298e-25
7.819500000000000000e+03 1.474589608505091132e-25
7.897500000000000000e+03 1.417451785333358549e-26
7.976500000000000000e+03 2.084595123092959092e-26
8.056500000000000000e+03 2.807649544720911984e-27
8.137000000000000000e+03 4.525358276471384675e-26
8.218000000000000000e+03 8.864853616430925579e-24
8.300000000000000000e+03 3.184016553436701779e-24
8.383500000000000000e+03 1.841158291521217153e-24
8.467500000000000000e+03 5.616166412902267894e-25
8.552000000000000000e+03 2.987987190671521729e-24
8.637500000000000000e+03 1.100092279038898850e-22
8.724000000000000000e+03 1.517375569449354289e-22
8.811000000000000000e+03 3.026730228078047496e-22
8.899000000000000000e+03 1.036451841258922227e-22
8.988000000000000000e+03 1.726629802745861954e-23
9.078000000000000000e+03 2.520564553052164415e-24
9.169000000000000000e+03 1.891296153074910226e-24
9.260500000000000000e+03 3.583431962473454815e-26
9.353000000000000000e+03 8.431030425458497746e-26
9.446500000000000000e+03 6.022242799650055111e-27
9.541000000000000000e+03 8.739801141434424422e-28
9.636500000000000000e+03 2.025070543870289312e-26
9.733000000000000000e+03 1.123437347754002375e-26
9.830000000000000000e+03 3.159265895277143519e-26
9.928000000000000000e+03 1.762864585273316321e-26
9.989000000000000000e+03 1.648722634824096867e-25
