1.000000000000000000e+01 1.510096884900000064e-23
1.100000000000000000e+01 2.757893569500000284e-23
1.200000000000000000e+01 2.263196736019999859e-23
1.300000000000000000e+01 5.223309154509999772e-23
1.400000000000000000e+01 2.688618332770000088e-23
1.500000000000000000e+01 7.564837975530000101e-22
1.600000000000000000e+01 5.750253480790000134e-23
1.700000000000000000e+01 1.508985351619999929e-22
1.800000000000000000e+01 5.248136478460000291e-22
1.900000000000000000e+01 9.521271338409999781e-22
2.000000000000000000e+01 2.305427538630000195e-22
2.100000000000000000e+01 7.085725699820000257e-23
2.200000000000000000e+01 8.580806353700000374e-23
2.300000000000000000e+01 5.569948560770000438e-23
2.400000000000000000e+01 1.198482593330000068e-22
2.500000000000000000e+01 1.451041881219999881e-20
2.600000000000000000e+01 1.585340219940000105e-22
2.700000000000000000e+01 6.346976380080000163e-23
2.800000000000000000e+01 5.607090553560000347e-23
2.900000000000000000e+01 5.390255405370000482e-23
3.000000000000000000e+01 3.503784899550000068e-22
3.100000000000000000e+01 1.008587732279999968e-22
3.200000000000000000e+01 1.898402872330000009e-22
3.300000000000000000e+01 3.396096809510000208e-20
3.400000000000000000e+01 2.217610825479999906e-22
3.500000000000000000e+01 3.302194366340000217e-22
3.600000000000000000e+01 1.654584129699999964e-21
3.700000000000000000e+01 1.069252451239999936e-20
3.800000000000000000e+01 1.902147402959999959e-21
3.900000000000000000e+01 1.310950312609999981e-20
4.000000000000000000e+01 4.847972772200000362e-21
4.100000000000000000e+01 6.034954040820000019e-19
4.200000000000000000e+01 3.478173045069999837e-22
4.300000000000000000e+01 2.427055449870000032e-22
4.400000000000000000e+01 1.697028445649999973e-21
4.500000000000000000e+01 2.217502047550000024e-22
4.600000000000000000e+01 4.863013411999999731e-22
4.700000000000000000e+01 1.480237973779999991e-19
4.800000000000000000e+01 1.313301504840000043e-21
4.900000000000000000e+01 2.355748354459999993e-22
5.000000000000000000e+01 2.041009957969999966e-22
5.100000000000000000e+01 2.593715767100000083e-22
5.200000000000000000e+01 3.671320156020000098e-22
5.300000000000000000e+01 1.459711108709999996e-21
5.400000000000000000e+01 1.587647804900000084e-21
5.500000000000000000e+01 7.432845861749999707e-21
5.600000000000000000e+01 1.770181784880000078e-20
5.700000000000000000e+01 1.838873444660000142e-20
5.800000000000000000e+01 3.211404859149999960e-21
5.900000000000000000e+01 3.172392695890000133e-21
6.000000000000000000e+01 5.448911996350000501e-20
6.100000000000000000e+01 7.473673789500000197e-22
6.200000000000000000e+01 5.164200866949999626e-21
6.300000000000000000e+01 1.618895812180000001e-21
6.400000000000000000e+01 1.123760210480000062e-18
6.500000000000000000e+01 8.356846269450000348e-22
6.600000000000000000e+01 3.672276868789999959e-22
6.700000000000000000e+01 8.265189713470000044e-22
6.800000000000000000e+01 5.069340046479999793e-20
6.900000000000000000e+01 4.261053927670000011e-21
7.000000000000000000e+01 8.016802680029999727e-22
7.100000000000000000e+01 9.754902665100000064e-22
7.200000000000000000e+01 2.386437314730000004e-20
7.300000000000000000e+01 1.037707652820000072e-20
7.400000000000000000e+01 5.125409939060000300e-20
7.500000000000000000e+01 4.909612962639999811e-21
7.600000000000000000e+01 4.716959737180000057e-21
7.700000000000000000e+01 1.208989315200000054e-21
7.800000000000000000e+01 6.651728748869999930e-21
7.900000000000000000e+01 3.320323390689999925e-20
8.000000000000000000e+01 1.759732283359999951e-20
8.100000000000000000e+01 4.288316242140000154e-19
8.200000000000000000e+01 3.188550453900000005e-20
8.300000000000000000e+01 1.827088139500000162e-21
8.400000000000000000e+01 6.746245003870000281e-22
8.500000000000000000e+01 1.750935017060000164e-21
8.600000000000000000e+01 1.815681187789999876e-21
8.700000000000000000e+01 3.633937143120000309e-21
8.800000000000000000e+01 5.568944446689999836e-19
8.900000000000000000e+01 1.569490701479999927e-20
9.000000000000000000e+01 3.093444891260000135e-21
9.100000000000000000e+01 2.189438800470000057e-21
9.200000000000000000e+01 1.304568520239999957e-20
9.300000000000000000e+01 1.553919566789999986e-20
9.400000000000000000e+01 2.063988068030000003e-21
9.500000000000000000e+01 1.829167657230000089e-21
9.600000000000000000e+01 9.919020954659999776e-20
9.700000000000000000e+01 2.016801909250000162e-21
9.800000000000000000e+01 4.361536022799999894e-21
9.900000000000000000e+01 1.292689490490000013e-18
1.000000000000000000e+02 1.004745168500000039e-19
1.010000000000000000e+02 1.626146029920000120e-20
1.020000000000000000e+02 4.521846044550000066e-21
1.030000000000000000e+02 1.824011003639999932e-21
1.040000000000000000e+02 1.390875553709999992e-20
1.050000000000000000e+02 1.156768007559999991e-20
1.060000000000000000e+02 1.484825985040000091e-20
1.070000000000000000e+02 1.285137033569999963e-20
1.080000000000000000e+02 5.642979007439999943e-21
1.090000000000000000e+02 8.698406364910000090e-22
1.100000000000000000e+02 3.484681236020000004e-21
1.110000000000000000e+02 9.800439660940000100e-20
1.120000000000000000e+02 1.868112994999999949e-21
1.130000000000000000e+02 6.052219029769999854e-22
1.140000000000000000e+02 4.244187792879999592e-22
1.150000000000000000e+02 4.527180623620000434e-22
1.160000000000000000e+02 8.025374206450000438e-22
1.170000000000000000e+02 6.895956833140000202e-21
1.180000000000000000e+02 3.274946327859999973e-19
1.190000000000000000e+02 2.235811320139999915e-21
1.200000000000000000e+02 2.043995047770000061e-19
1.210000000000000000e+02 6.170074104809999806e-21
1.220000000000000000e+02 3.662596679300000186e-19
1.230000000000000000e+02 1.147241708430000057e-20
1.240000000000000000e+02 3.346852599549999901e-21
1.250000000000000000e+02 1.797048910679999849e-21
1.260000000000000000e+02 5.158508153420000058e-21
1.270000000000000000e+02 3.531738829930000219e-17
1.280000000000000000e+02 4.576097705600000002e-21
1.290000000000000000e+02 2.442870153079999975e-21
1.300000000000000000e+02 1.350084860050000086e-21
1.310000000000000000e+02 5.188998796699999897e-21
1.320000000000000000e+02 6.165692958709999581e-20
1.330000000000000000e+02 2.756199098769999934e-20
1.340000000000000000e+02 3.768701140890000330e-21
1.350000000000000000e+02 1.703566936679999935e-21
1.360000000000000000e+02 1.866616146320000098e-21
1.370000000000000000e+02 1.219992216479999915e-21
1.380000000000000000e+02 3.245185211049999829e-21
1.390000000000000000e+02 1.951082530509999888e-17
1.400000000000000000e+02 2.564259770699999893e-20
1.410000000000000000e+02 1.458403722659999926e-20
1.420000000000000000e+02 1.889365466729999962e-21
1.430000000000000000e+02 8.147790334200000270e-22
1.440000000000000000e+02 6.486327918439999836e-22
1.450000000000000000e+02 4.227351839900000331e-21
1.460000000000000000e+02 9.458193637399999753e-22
1.470000000000000000e+02 1.544900857660000078e-21
1.480000000000000000e+02 4.308173510759999625e-21
1.490000000000000000e+02 6.653938893020000098e-19
1.500000000000000000e+02 2.699181956969999897e-20
1.510000000000000000e+02 4.102860279339999789e-20
1.520000000000000000e+02 7.685337089500000284e-21
1.530000000000000000e+02 1.368617160830000023e-20
1.540000000000000000e+02 1.084707285439999956e-20
1.550000000000000000e+02 1.947296156360000030e-21
1.560000000000000000e+02 2.632453324840000154e-21
1.570000000000000000e+02 5.460776242189999955e-21
1.580000000000000000e+02 2.217270922830000054e-19
1.590000000000000000e+02 1.075027107600000073e-20
1.600000000000000000e+02 2.313737637470000098e-21
1.610000000000000000e+02 6.368027722240000454e-22
1.620000000000000000e+02 1.182215070320000013e-21
1.630000000000000000e+02 4.793482228830000087e-22
1.640000000000000000e+02 1.265327637179999924e-21
1.650000000000000000e+02 6.756080376199999853e-22
1.660000000000000000e+02 4.155592780729999796e-21
1.670000000000000000e+02 6.916434093079999490e-21
1.680000000000000000e+02 1.552873483559999956e-21
1.690000000000000000e+02 3.278277357179999859e-21
1.700000000000000000e+02 4.195569279810000298e-20
1.710000000000000000e+02 1.346403639479999977e-20
1.720000000000000000e+02 2.719589264840000017e-21
1.730000000000000000e+02 7.351151126650000173e-21
1.740000000000000000e+02 4.339844000419999850e-21
1.750000000000000000e+02 2.060967706150000049e-21
1.760000000000000000e+02 1.473353470160000058e-17
1.770000000000000000e+02 7.664577559979999830e-21
1.780000000000000000e+02 9.327412432889999378e-21
1.790000000000000000e+02 1.695362951260000140e-20
1.800000000000000000e+02 1.179059693699999962e-21
1.810000000000000000e+02 6.632414476560000229e-21
1.820000000000000000e+02 2.792158802240000021e-21
1.830000000000000000e+02 1.058636568259999936e-21
1.840000000000000000e+02 7.305420081820000202e-22
1.850000000000000000e+02 4.417095891709999737e-22
1.860000000000000000e+02 6.512966018339999559e-22
1.870000000000000000e+02 1.202463448069999912e-21
1.880000000000000000e+02 3.634666967369999911e-20
1.890000000000000000e+02 2.163222938309999993e-21
1.900000000000000000e+02 6.201439786729999789e-22
1.910000000000000000e+02 4.485578820940000202e-22
1.920000000000000000e+02 6.058985643439999919e-22
1.930000000000000000e+02 2.327763475560000149e-21
1.940000000000000000e+02 5.522926038710000001e-21
1.950000000000000000e+02 2.004240116520000107e-21
1.960000000000000000e+02 5.586521721030000144e-21
1.970000000000000000e+02 1.460638219560000034e-21
1.980000000000000000e+02 1.163813458139999936e-20
1.990000000000000000e+02 1.092342657460000050e-21
2.000000000000000000e+02 2.132326705420000143e-21
2.010000000000000000e+02 4.067987945599999713e-21
2.020000000000000000e+02 2.652969152549999973e-20
2.030000000000000000e+02 3.471640268950000175e-19
2.040000000000000000e+02 6.566810942770000008e-21
2.050000000000000000e+02 2.392945725930000005e-21
2.060000000000000000e+02 1.706887694009999959e-21
2.070000000000000000e+02 3.122767641679999834e-21
2.080000000000000000e+02 1.950101339249999851e-20
2.090000000000000000e+02 1.308791158829999999e-20
2.100000000000000000e+02 2.009974379329999896e-21
2.110000000000000000e+02 4.222554918600000311e-21
2.120000000000000000e+02 1.580125624940000091e-21
2.130000000000000000e+02 2.626458603309999841e-21
2.140000000000000000e+02 7.547900438789999708e-20
2.150000000000000000e+02 5.580800616439999831e-21
2.160000000000000000e+02 6.071941279630000127e-22
2.170000000000000000e+02 1.153663030040000080e-21
2.180000000000000000e+02 4.026662033910000184e-22
2.190000000000000000e+02 4.654713748439999599e-22
2.200000000000000000e+02 8.204460205480000409e-22
2.210000000000000000e+02 3.498963893750000128e-21
2.220000000000000000e+02 2.235470952049999945e-20
2.230000000000000000e+02 7.794138955499999545e-21
2.240000000000000000e+02 9.943421066490000441e-21
2.250000000000000000e+02 3.906215436760000304e-21
2.260000000000000000e+02 2.277877775819999922e-20
2.270000000000000000e+02 8.033467903419999462e-20
2.280000000000000000e+02 1.475452311379999893e-19
2.290000000000000000e+02 3.788182554860000058e-21
2.300000000000000000e+02 1.412392969550000028e-21
2.310000000000000000e+02 3.624539925120000261e-21
2.320000000000000000e+02 3.456219971719999836e-21
2.330000000000000000e+02 1.454469744840000049e-21
2.340000000000000000e+02 5.042354324459999659e-22
2.350000000000000000e+02 2.607942840719999953e-22
2.360000000000000000e+02 2.183872698630000100e-22
2.370000000000000000e+02 1.872025532379999975e-22
2.380000000000000000e+02 1.851124220090000036e-22
2.390000000000000000e+02 1.843865120549999964e-22
2.400000000000000000e+02 2.012621386170000102e-22
2.410000000000000000e+02 1.368863371060000066e-21
2.420000000000000000e+02 3.485806510069999891e-22
2.430000000000000000e+02 8.347520464680000166e-22
2.440000000000000000e+02 4.333802339370000068e-21
2.450000000000000000e+02 7.804588417650000420e-21
2.460000000000000000e+02 8.063256349050000338e-21
2.470000000000000000e+02 5.144106178159999864e-21
2.480000000000000000e+02 3.841954862929999849e-19
2.490000000000000000e+02 4.482804239840000358e-21
2.500000000000000000e+02 4.407680053009999961e-21
2.510000000000000000e+02 3.486244043969999980e-20
2.520000000000000000e+02 1.790982322779999865e-21
2.530000000000000000e+02 6.680365924379999798e-21
2.540000000000000000e+02 3.756592504859999771e-18
2.550000000000000000e+02 5.131650446720000138e-21
2.560000000000000000e+02 3.248386457169999951e-21
2.570000000000000000e+02 2.303065023749999869e-21
2.580000000000000000e+02 4.541502380880000157e-22
2.590000000000000000e+02 3.459969416190000167e-22
2.600000000000000000e+02 2.369537735059999786e-22
2.610000000000000000e+02 2.024668227509999956e-22
2.620000000000000000e+02 1.867077565509999938e-22
2.630000000000000000e+02 3.470489632440000051e-22
2.640000000000000000e+02 2.459647367140000117e-22
2.650000000000000000e+02 7.038191577700000190e-22
2.660000000000000000e+02 1.380907794090000003e-20
2.670000000000000000e+02 1.392419480119999916e-21
2.680000000000000000e+02 4.727001260120000467e-22
2.690000000000000000e+02 1.901635455360000070e-22
2.700000000000000000e+02 1.688375408689999955e-22
2.710000000000000000e+02 1.951909465170000071e-22
2.720000000000000000e+02 9.766440564039999985e-22
2.730000000000000000e+02 5.090175192850000045e-20
2.740000000000000000e+02 3.348716886659999936e-22
2.750000000000000000e+02 6.973761194670000269e-22
2.760000000000000000e+02 1.308747493990000051e-20
2.770000000000000000e+02 2.760130618979999865e-21
2.780000000000000000e+02 3.903917894930000235e-20
2.790000000000000000e+02 8.307019317800000654e-21
2.800000000000000000e+02 7.332299403280000745e-21
2.810000000000000000e+02 3.713680474139999774e-21
2.820000000000000000e+02 4.521277368999999753e-20
2.830000000000000000e+02 3.245942774040000184e-21
2.840000000000000000e+02 8.149463412170000273e-22
2.850000000000000000e+02 5.101547438099999872e-22
2.860000000000000000e+02 4.764872163579999650e-22
2.870000000000000000e+02 4.056226439810000002e-21
2.880000000000000000e+02 7.132560313050000084e-22
2.890000000000000000e+02 5.519786989809999884e-21
2.900000000000000000e+02 3.644105937539999981e-21
2.910000000000000000e+02 1.794482459250000023e-21
2.920000000000000000e+02 3.090584096740000188e-22
2.930000000000000000e+02 1.936081091810000093e-22
2.940000000000000000e+02 1.594733796980000037e-22
2.950000000000000000e+02 1.605358981960000025e-22
2.960000000000000000e+02 1.785139884190000072e-22
2.970000000000000000e+02 2.159189370270000118e-22
2.980000000000000000e+02 7.823430571360000332e-22
2.990000000000000000e+02 6.293107320689999592e-22
3.000000000000000000e+02 6.701855439039999709e-22
3.010000000000000000e+02 1.608948702770000134e-20
3.020000000000000000e+02 2.809368751429999993e-20
3.030000000000000000e+02 5.926102200380000079e-18
3.040000000000000000e+02 3.587295933030000231e-21
3.050000000000000000e+02 1.668248411520000067e-21
3.060000000000000000e+02 7.346689858550000120e-22
3.070000000000000000e+02 2.614752414780000233e-22
3.080000000000000000e+02 2.232168549350000129e-22
3.090000000000000000e+02 2.206435467230000132e-22
3.100000000000000000e+02 1.531160758210000115e-22
3.110000000000000000e+02 1.267121086229999981e-22
3.120000000000000000e+02 2.426583984399999952e-22
3.130000000000000000e+02 1.471743810439999928e-22
3.140000000000000000e+02 3.352052772089999840e-22
3.150000000000000000e+02 3.564446333769999702e-20
3.160000000000000000e+02 3.656188302719999903e-22
3.170000000000000000e+02 1.451890909440000005e-22
3.180000000000000000e+02 1.102098629899999994e-22
3.190000000000000000e+02 1.136875216189999940e-22
3.200000000000000000e+02 1.534341943850000055e-22
3.210000000000000000e+02 2.909239002539999922e-22
3.220000000000000000e+02 4.212053650989999825e-22
3.230000000000000000e+02 1.926047322730000044e-21
3.240000000000000000e+02 1.347611961100000080e-19
3.250000000000000000e+02 1.032779221820000071e-21
3.260000000000000000e+02 7.959947859659999922e-22
3.270000000000000000e+02 3.466492007570000359e-21
3.280000000000000000e+02 1.371620808759999864e-20
3.290000000000000000e+02 9.215043882339999382e-22
3.300000000000000000e+02 3.200078246429999892e-22
3.310000000000000000e+02 2.313243004339999981e-22
3.320000000000000000e+02 1.708015493740000020e-22
3.330000000000000000e+02 1.783812630549999928e-22
3.340000000000000000e+02 4.548085470230000327e-22
3.350000000000000000e+02 1.596916649019999894e-20
3.360000000000000000e+02 6.595039999149999788e-22
3.370000000000000000e+02 1.794251525520000049e-22
3.380000000000000000e+02 1.227793681789999936e-22
3.390000000000000000e+02 1.520936444509999933e-22
3.400000000000000000e+02 5.288099597630000027e-22
3.410000000000000000e+02 7.918597129300000127e-22
3.420000000000000000e+02 1.827785981939999989e-22
3.430000000000000000e+02 2.242293867950000144e-21
3.440000000000000000e+02 2.159364219199999902e-22
3.450000000000000000e+02 1.396978821569999988e-22
3.460000000000000000e+02 3.940012575600000126e-22
3.470000000000000000e+02 1.444882951350000061e-22
3.480000000000000000e+02 2.838206593649999896e-22
3.490000000000000000e+02 1.086072672110000076e-21
3.500000000000000000e+02 1.054016702900000056e-20
3.510000000000000000e+02 1.351783672469999993e-21
3.520000000000000000e+02 2.477565399289999835e-18
3.530000000000000000e+02 8.138443680459999922e-22
3.540000000000000000e+02 1.957552083059999875e-20
3.550000000000000000e+02 1.959269978599999991e-21
3.560000000000000000e+02 4.454387215369999991e-22
3.570000000000000000e+02 2.924471501780000051e-21
3.580000000000000000e+02 8.610772191990000352e-22
3.590000000000000000e+02 4.868690989970000152e-22
3.600000000000000000e+02 1.127606202150000088e-22
3.610000000000000000e+02 7.251813427520000507e-23
3.620000000000000000e+02 7.110060611039999956e-23
3.630000000000000000e+02 8.113858451989999577e-23
3.640000000000000000e+02 3.841127567439999756e-23
3.650000000000000000e+02 3.503024327819999812e-23
3.660000000000000000e+02 3.551036775949999854e-23
3.670000000000000000e+02 4.110949333130000153e-23
3.680000000000000000e+02 8.657950864449999840e-23
3.690000000000000000e+02 2.283489372079999956e-22
3.700000000000000000e+02 1.448242425109999929e-18
3.710000000000000000e+02 1.489437247159999911e-22
3.720000000000000000e+02 1.034728763979999957e-22
3.735000000000000000e+02 7.452953834259999907e-22
3.760000000000000000e+02 2.089928681496666646e-21
3.795000000000000000e+02 9.134120071784999567e-23
3.835000000000000000e+02 1.039370773727299982e-21
3.875000000000000000e+02 8.331511018012500374e-23
3.915000000000000000e+02 6.009615622985000117e-23
3.955000000000000000e+02 1.737233300691750031e-21
3.995000000000000000e+02 4.344401359769399692e-20
4.035000000000000000e+02 3.160256598469999894e-23
4.075000000000000000e+02 1.562783785254999967e-23
4.115000000000000000e+02 1.546973164632499971e-23
4.155000000000000000e+02 3.511040020673250045e-22
4.195000000000000000e+02 3.473599014343249668e-21
4.235000000000000000e+02 4.605238642173000646e-21
4.280000000000000000e+02 4.342443490748000629e-23
4.325000000000000000e+02 1.364354359974499978e-22
4.365000000000000000e+02 7.807996968835000015e-23
4.410000000000000000e+02 6.067798847657200352e-22
4.455000000000000000e+02 5.273190532759500600e-22
4.495000000000000000e+02 1.554029003370000129e-23
4.540000000000000000e+02 3.805280557665399712e-22
4.590000000000000000e+02 7.458132925835346316e-20
4.635000000000000000e+02 1.513612077847250006e-23
4.680000000000000000e+02 3.505680638557200168e-22
4.725000000000000000e+02 6.125530290351249369e-22
4.770000000000000000e+02 1.093824835725000033e-23
4.820000000000000000e+02 1.654729116514813436e-20
4.870000000000000000e+02 3.579737320831199969e-23
4.920000000000000000e+02 4.701052574314880206e-22
4.970000000000000000e+02 5.287112103038000517e-24
5.020000000000000000e+02 1.228361887544000122e-22
5.070000000000000000e+02 6.741593844830739314e-22
5.120000000000000000e+02 6.989427405230599181e-23
5.170000000000000000e+02 1.619246594139399894e-22
5.220000000000000000e+02 1.079343233196540138e-22
5.270000000000000000e+02 2.812308668143313358e-21
5.325000000000000000e+02 4.297275462594999673e-24
5.380000000000000000e+02 1.540894744412440231e-22
5.430000000000000000e+02 4.132884160539999923e-23
5.485000000000000000e+02 3.711425309762708062e-21
5.540000000000000000e+02 9.218775049017998398e-24
5.595000000000000000e+02 7.880672455711666580e-24
5.655000000000000000e+02 3.219479988069500042e-23
5.710000000000000000e+02 3.447765260165200447e-23
5.765000000000000000e+02 1.272518282652666662e-22
5.825000000000000000e+02 1.006464265604133321e-22
5.885000000000000000e+02 7.806742258364999378e-24
5.945000000000000000e+02 4.013222973735133724e-22
6.005000000000000000e+02 7.571603540282167515e-23
6.065000000000000000e+02 3.295333632744999877e-24
6.125000000000000000e+02 4.179589742334333730e-23
6.185000000000000000e+02 1.551294569462233382e-22
6.245000000000000000e+02 1.430435650171666522e-23
6.305000000000000000e+02 2.607790868454666806e-23
6.370000000000000000e+02 3.014230480278628405e-22
6.435000000000000000e+02 5.153218861733333368e-24
6.500000000000000000e+02 2.269853712520999868e-24
6.565000000000000000e+02 4.959920923913833653e-24
6.630000000000000000e+02 2.502283506594314594e-23
6.695000000000000000e+02 3.950060776621000389e-23
6.760000000000000000e+02 3.103849933677713956e-24
6.830000000000000000e+02 1.080805134653857159e-24
6.900000000000000000e+02 1.139371268285371376e-22
6.970000000000000000e+02 4.278651517093285540e-23
7.040000000000000000e+02 4.489979866118999364e-24
7.110000000000000000e+02 2.586522005722714333e-24
7.180000000000000000e+02 7.006683526891429708e-25
7.250000000000000000e+02 6.306309003392856100e-25
7.320000000000000000e+02 7.070728158223572110e-24
7.395000000000000000e+02 3.022536691674624798e-24
7.470000000000000000e+02 2.306164750655428624e-24
7.545000000000000000e+02 8.030641068624376656e-24
7.620000000000000000e+02 9.651129163864285616e-25
7.695000000000000000e+02 3.199981086763500066e-24
7.775000000000000000e+02 1.113147789722492364e-22
7.855000000000000000e+02 8.789571929474998516e-25
7.930000000000000000e+02 7.245763805547143499e-24
8.005000000000000000e+02 5.393175759582237661e-23
8.085000000000000000e+02 1.272381627625562498e-23
8.170000000000000000e+02 6.596656936540000825e-25
8.255000000000000000e+02 6.252918576490000290e-25
8.335000000000000000e+02 4.753896700263750377e-25
8.415000000000000000e+02 1.151964163786762294e-23
8.500000000000000000e+02 1.060876113749999998e-24
8.585000000000000000e+02 6.217158504870000116e-25
8.670000000000000000e+02 9.492022834378889989e-25
8.760000000000000000e+02 4.320810401403332661e-25
8.850000000000000000e+02 7.076383215678889718e-25
8.935000000000000000e+02 4.056197278053749867e-25
9.020000000000000000e+02 3.465410691671111132e-25
9.115000000000000000e+02 4.201396342154900287e-24
9.210000000000000000e+02 1.057671532883477728e-23
9.300000000000000000e+02 2.941984748489111279e-24
9.390000000000000000e+02 1.379640121960111087e-24
9.485000000000000000e+02 4.457311111251000931e-25
9.580000000000000000e+02 3.532280586709999965e-25
9.675000000000000000e+02 4.298903322146000191e-25
9.775000000000000000e+02 2.273517837706999636e-24
9.870000000000000000e+02 3.235314084856666431e-25
9.965000000000000000e+02 3.456203835238999666e-25
1.006500000000000000e+03 1.456847849670699928e-24
1.016500000000000000e+03 4.674148678746000455e-25
1.027000000000000000e+03 3.587094398943635999e-25
1.037500000000000000e+03 3.563852969572999240e-25
1.047500000000000000e+03 3.317492620163000178e-25
1.058000000000000000e+03 4.008837035583636165e-25
1.069000000000000000e+03 8.294456733524545570e-25
1.079500000000000000e+03 3.402691287061000490e-25
1.090000000000000000e+03 5.464273898744546586e-25
1.101000000000000000e+03 5.004829476475453865e-25
1.112000000000000000e+03 7.765510548826366519e-25
1.123000000000000000e+03 7.330566716608182509e-25
1.134500000000000000e+03 1.525787759453666827e-24
1.146000000000000000e+03 9.242872163753635816e-25
1.157500000000000000e+03 6.229625648838333065e-25
1.169000000000000000e+03 5.675888711886181816e-24
1.180500000000000000e+03 1.465338596100666769e-24
1.192500000000000000e+03 1.467945732930161395e-22
1.204500000000000000e+03 2.290021142729083771e-24
1.216500000000000000e+03 1.357427047422200305e-23
1.228500000000000000e+03 4.119807838668508903e-23
1.240500000000000000e+03 4.634746447388199741e-23
1.253000000000000000e+03 1.907569502137538399e-24
1.266000000000000000e+03 1.692180166954445700e-22
1.278500000000000000e+03 4.371158617491082389e-23
1.291000000000000000e+03 3.401592615196307656e-23
1.304000000000000000e+03 1.324825729154615166e-23
1.317000000000000000e+03 1.090645984438049813e-21
1.330000000000000000e+03 3.364194715282307894e-23
1.343500000000000000e+03 2.241742913573721436e-22
1.357000000000000000e+03 7.220593367268299525e-22
1.370500000000000000e+03 6.116206600527429538e-22
1.384500000000000000e+03 5.955011821422143759e-22
1.398500000000000000e+03 3.461371993244941986e-20
1.412500000000000000e+03 1.634015967171357372e-21
1.426500000000000000e+03 4.495568442747013443e-21
1.440500000000000000e+03 2.521056788906507352e-21
1.455000000000000000e+03 7.584682153026240308e-21
1.469500000000000000e+03 1.158108882501297120e-20
1.484000000000000000e+03 1.540892616615333494e-21
1.499000000000000000e+03 1.717610992572666489e-21
1.514000000000000000e+03 3.192988214197687334e-20
1.529000000000000000e+03 3.272020622751866264e-21
1.544500000000000000e+03 2.193005843447518801e-20
1.560000000000000000e+03 3.322972586664132869e-21
1.575500000000000000e+03 3.868142746977398982e-21
1.591500000000000000e+03 1.273832444916250011e-22
1.607500000000000000e+03 2.843070634552686807e-22
1.623500000000000000e+03 1.334122613238868577e-21
1.639500000000000000e+03 4.265088632779224781e-20
1.656000000000000000e+03 3.325524059307058817e-21
1.672500000000000000e+03 1.362319449624312449e-21
1.689000000000000000e+03 3.532042475901264927e-20
1.706000000000000000e+03 1.176229742943658965e-20
1.723000000000000000e+03 2.212444689331553347e-21
1.740500000000000000e+03 2.802525925266833488e-21
1.758000000000000000e+03 2.304113848920278321e-20
1.775500000000000000e+03 9.901386007126002834e-22
1.793500000000000000e+03 3.962219138532755854e-21
1.811500000000000000e+03 1.458444609139277769e-22
1.829500000000000000e+03 8.833875335216667273e-22
1.847500000000000000e+03 4.898929551857588724e-22
1.866000000000000000e+03 3.460341207760005187e-22
1.884500000000000000e+03 5.447033374591611525e-23
1.903000000000000000e+03 1.239912965555448509e-21
1.922000000000000000e+03 1.601782375568674047e-20
1.941500000000000000e+03 4.455819913588101287e-23
1.961000000000000000e+03 2.708351189070142299e-21
1.980500000000000000e+03 2.054986148177369891e-23
2.000500000000000000e+03 8.425191934563488622e-23
2.020500000000000000e+03 1.198310039440066999e-22
2.040500000000000000e+03 2.624394526272495230e-23
2.061000000000000000e+03 6.963354459381733121e-23
2.082000000000000000e+03 2.495677818449838522e-23
2.102500000000000000e+03 3.315835479072350222e-24
2.123500000000000000e+03 9.240893319285174788e-23
2.145000000000000000e+03 2.718078791568285584e-24
2.166500000000000000e+03 3.116965273418818345e-24
2.188000000000000000e+03 8.463394285825713477e-25
2.209500000000000000e+03 3.941028294908180906e-25
2.231500000000000000e+03 4.984679516839544089e-25
2.254000000000000000e+03 1.005526171778651865e-24
2.277000000000000000e+03 1.659165641871087784e-24
2.299500000000000000e+03 2.238738274952046187e-24
2.322500000000000000e+03 1.460432622635416340e-25
2.346000000000000000e+03 2.332509358134347930e-25
2.369000000000000000e+03 1.160206889449000248e-25
2.392500000000000000e+03 1.320418109982374773e-25
2.416500000000000000e+03 9.489135728840831725e-26
2.441000000000000000e+03 1.251927780344000190e-25
2.465500000000000000e+03 9.378723936805416956e-26
2.490000000000000000e+03 9.957632524855196516e-26
2.515000000000000000e+03 1.783549207793440044e-25
2.540000000000000000e+03 6.533974578665320454e-25
2.565500000000000000e+03 1.360108683365999844e-25
2.591500000000000000e+03 1.223231329247530804e-24
2.617500000000000000e+03 1.634541866170646168e-24
2.643500000000000000e+03 3.102403806690292189e-24
2.669500000000000000e+03 5.992149715778155319e-25
2.696000000000000000e+03 2.379080928924888687e-25
2.723000000000000000e+03 1.752830087215592676e-24
2.750500000000000000e+03 8.086054286249786971e-25
2.778000000000000000e+03 9.410963604901703937e-25
2.805500000000000000e+03 5.790619605515978833e-24
2.834000000000000000e+03 7.296277766699684534e-24
2.862500000000000000e+03 5.656387344178821312e-25
2.891000000000000000e+03 1.267948883178583088e-24
2.920000000000000000e+03 3.207256332678475193e-24
2.949000000000000000e+03 1.404058342224486201e-23
2.978500000000000000e+03 1.845490271180768695e-22
3.008500000000000000e+03 6.676632400779966999e-24
3.038500000000000000e+03 2.684780211373752813e-22
3.068500000000000000e+03 5.986093704822531243e-22
3.099000000000000000e+03 2.667701660307959337e-22
3.130000000000000000e+03 3.299830823123398149e-22
3.161500000000000000e+03 5.930026189113248945e-24
3.193500000000000000e+03 3.470244679590572134e-23
3.225500000000000000e+03 1.934408847459721754e-22
3.257500000000000000e+03 8.272903933414937415e-23
3.290000000000000000e+03 3.278284666188424106e-23
3.323000000000000000e+03 3.731071089013334544e-22
3.356000000000000000e+03 5.474953388331058093e-23
3.389500000000000000e+03 5.903779926882558427e-23
3.423500000000000000e+03 7.854687811604263607e-23
3.458000000000000000e+03 2.455722018160445781e-22
3.492500000000000000e+03 5.359206677777686184e-22
3.527000000000000000e+03 2.618920586604757118e-21
3.562500000000000000e+03 1.541494411403808169e-21
3.598500000000000000e+03 2.065572455223419059e-20
3.634500000000000000e+03 5.413691632251973076e-21
3.670500000000000000e+03 4.032624897114159794e-20
3.707000000000000000e+03 3.455775737935926312e-21
3.744500000000000000e+03 5.771823107320842597e-21
3.782000000000000000e+03 3.064438314194002306e-21
3.819500000000000000e+03 7.611874206376513694e-20
3.858000000000000000e+03 1.569798686944361034e-20
3.896500000000000000e+03 7.605109883734740734e-21
3.935000000000000000e+03 3.293148276185685245e-21
3.974500000000000000e+03 6.543447425155212370e-22
4.014500000000000000e+03 8.514865823191093459e-22
4.054500000000000000e+03 4.647491184699396998e-23
4.095000000000000000e+03 8.029270210052724948e-23
4.136000000000000000e+03 4.967687638941439090e-24
4.177500000000000000e+03 4.286420666214571307e-24
4.219500000000000000e+03 2.134974510071404876e-24
4.261500000000000000e+03 1.256560043034500133e-24
4.304000000000000000e+03 1.892025227422209019e-25
4.347000000000000000e+03 7.250366846171767382e-25
4.390500000000000000e+03 9.251520220895907358e-26
4.434500000000000000e+03 7.405651755707498587e-26
4.479000000000000000e+03 1.534562022361111427e-25
4.524000000000000000e+03 2.698130747927399549e-25
4.569000000000000000e+03 1.359750834454288636e-24
4.614500000000000000e+03 2.265889652450304783e-25
4.660500000000000000e+03 2.554611830213674351e-25
4.707000000000000000e+03 1.369943895706340361e-25
4.754500000000000000e+03 2.439685266372832884e-25
4.802000000000000000e+03 8.508883876746744737e-25
4.850000000000000000e+03 2.733195086930053455e-24
4.898500000000000000e+03 6.652559583376895254e-25
4.947500000000000000e+03 4.454906725255870431e-24
4.997000000000000000e+03 2.195577757354291961e-24
5.047000000000000000e+03 2.806579030491034085e-23
5.097500000000000000e+03 8.708935581601499289e-23
5.148000000000000000e+03 1.774019741407854750e-22
5.199500000000000000e+03 9.089600436011113608e-22
5.251500000000000000e+03 2.497629797066084007e-21
5.304000000000000000e+03 3.654061970066938185e-22
5.357500000000000000e+03 1.909243533894547523e-21
5.411000000000000000e+03 6.358695611992344950e-22
5.465000000000000000e+03 3.550313140972536365e-21
5.520000000000000000e+03 1.236764813975378931e-21
5.575000000000000000e+03 3.399594545241432884e-23
5.630500000000000000e+03 6.297731801951016618e-23
5.687000000000000000e+03 4.733414090309989501e-24
5.744000000000000000e+03 6.536071493882428693e-24
5.801500000000000000e+03 2.856951470523595256e-24
5.859500000000000000e+03 1.609146845156689653e-25
5.918000000000000000e+03 1.326300828796016459e-25
5.977000000000000000e+03 6.774694730737459897e-26
6.036500000000000000e+03 5.478083222604499760e-26
6.097000000000000000e+03 3.187208427813279025e-26
6.158000000000000000e+03 2.229287789764917878e-26
6.219500000000000000e+03 2.603116854113387084e-26
6.282000000000000000e+03 8.754297045753649160e-26
6.345000000000000000e+03 6.686999655572381686e-26
6.408500000000000000e+03 1.149395599660000338e-25
6.472500000000000000e+03 4.259040408419250839e-25
6.537000000000000000e+03 5.774998994750658558e-25
6.602500000000000000e+03 7.073417177979659259e-24
6.668500000000000000e+03 3.951986415594046101e-23
6.735000000000000000e+03 9.792662314127265164e-23
6.802500000000000000e+03 1.215610736573664108e-22
6.870500000000000000e+03 3.246227301102035412e-23
6.939000000000000000e+03 1.041357075116686756e-22
7.008500000000000000e+03 1.784208941764376467e-22
7.078500000000000000e+03 5.809315469983966954e-22
7.149500000000000000e+03 9.555866133423505719e-22
7.221000000000000000e+03 1.952577288790061251e-21
7.293000000000000000e+03 2.750805192300205309e-21
7.366000000000000000e+03 1.810553882296338875e-21
7.439500000000000000e+03 1.409054610500260516e-22
7.514000000000000000e+03 1.272455700955737013e-23
7.589500000000000000e+03 1.420631745320260537e-23
7.665500000000000000e+03 2.177160341242396471e-24
7.742000000000000000e+03 4.107777154277412716e-25
7.819500000000000000e+03 2.798686689382565043e-25
7.897500000000000000e+03 3.471757459729013686e-26
7.976500000000000000e+03 3.907632684017574634e-26
8.056500000000000000e+03 1.876037028589674241e-26
8.137000000000000000e+03 1.892138626026535375e-25
8.218000000000000000e+03 6.703715961240956939e-24
8.300000000000000000e+03 2.420349014320606163e-24
8.383500000000000000e+03 2.197772577742469835e-24
8.467500000000000000e+03 1.827031197097664757e-24
8.552000000000000000e+03 6.177253908969254453e-24
8.637500000000000000e+03 1.057271779446060722e-22
8.724000000000000000e+03 1.719825813715047984e-22
8.811000000000000000e+03 3.135610419010967141e-22
8.899000000000000000e+03 9.841991979680522819e-23
8.988000000000000000e+03 2.211448787393526445e-23
9.078000000000000000e+03 3.248499025325341643e-24
9.169000000000000000e+03 2.103877794830570257e-24
9.260500000000000000e+03 1.313438442954303546e-25
9.353000000000000000e+03 1.307134674987934857e-25
9.446500000000000000e+03 1.537541919501330230e-26
9.541000000000000000e+03 5.329367549326209303e-27
9.636500000000000000e+03 2.091606261061937008e-26
9.733000000000000000e+03 1.939867391225113726e-26
9.830000000000000000e+03 4.627559820187775129e-26
9.928000000000000000e+03 3.105525119371848630e-26
9.989000000000000000e+03 2.106894567612473924e-25
